4.071827333961817175e+00 1.481093250638051105e-02
8.143654667923634349e+00 1.535658640185580057e-02
1.221548200188545152e+01 1.622182305151597878e-02
1.628730933584726870e+01 1.734675471175259678e-02
2.035913666980908587e+01 1.865932992692499043e-02
2.443096400377090305e+01 2.008492468231315442e-02
2.850279133773272022e+01 2.155585446289663004e-02
3.257461867169453740e+01 2.301929360426148083e-02
3.664644600565635812e+01 2.444240995059179800e-02
4.071827333961817175e+01 2.581411402714290856e-02
4.479010067357999247e+01 2.714354095720028504e-02
4.886192800754180610e+01 2.845602296464246408e-02
5.293375534150362682e+01 2.978767373249619974e-02
5.700558267546544045e+01 3.117969369982214259e-02
6.107741000942726117e+01 3.267316977434310543e-02
6.514923734338907479e+01 3.430467579638336872e-02
6.922106467735089552e+01 3.610263051302623621e-02
7.329289201131271625e+01 3.808432298472332750e-02
7.736471934527452277e+01 4.025378904566888350e-02
8.143654667923634349e+01 4.260113667283774858e-02
8.550837401319816422e+01 4.510416373607613327e-02
8.958020134715998495e+01 4.773289785074023156e-02
9.365202868112179146e+01 5.045690674875118187e-02
9.772385601508361219e+01 5.325405471497529630e-02
1.017956833490454329e+02 5.611825557896320260e-02
1.058675106830072536e+02 5.906324546254371199e-02
1.099393380169690602e+02 6.211989579050418431e-02
1.140111653509308809e+02 6.532619317222747302e-02
1.180829926848927016e+02 6.871136450318962585e-02
1.221548200188545223e+02 7.227798412738394018e-02
1.262266473528163289e+02 7.598739005553674375e-02
1.302984746867781496e+02 7.975367319528316179e-02
1.343703020207399561e+02 8.344968104815313203e-02
1.384421293547017910e+02 8.692529831397557971e-02
1.425139566886635976e+02 9.003465209890131049e-02
1.465857840226254325e+02 9.266598460811491245e-02
1.506576113565872390e+02 9.476671834839989206e-02
1.547294386905490455e+02 9.635716672691863049e-02
1.588012660245108805e+02 9.752918331098762994e-02
1.628730933584726870e+02 9.842994086680718901e-02
1.669449206924344935e+02 9.923480009670840318e-02
1.710167480263963284e+02 1.001157539988656031e-01
1.750885753603581350e+02 1.012125460085594036e-01
1.791604026943199699e+02 1.026122329352860685e-01
1.832322300282817764e+02 1.043402843367437771e-01
1.873040573622435829e+02 1.063632322586652579e-01
1.913758846962054179e+02 1.086003709158703118e-01
1.954477120301672244e+02 1.109406911012712216e-01
1.995195393641290309e+02 1.132612443752264442e-01
2.035913666980908658e+02 1.154441051318388645e-01
2.076631940320526724e+02 1.173903925739655518e-01
2.117350213660145073e+02 1.190308072415362795e-01
2.158068486999763138e+02 1.203324899621442956e-01
2.198786760339381203e+02 1.213017934752322613e-01
2.239505033678999553e+02 1.219821779326586003e-01
2.280223307018617618e+02 1.224464297146116432e-01
2.320941580358235683e+02 1.227831265733235477e-01
2.361659853697854032e+02 1.230787230041998637e-01
2.402378127037472098e+02 1.233983714871756537e-01
2.443096400377090447e+02 1.237699065457235348e-01
2.483814673716708512e+02 1.241755842413298783e-01
2.524532947056326577e+02 1.245548051264997180e-01
2.565251220395944642e+02 1.248183220409063710e-01
2.605969493735562992e+02 1.248710833152524569e-01
2.646687767075181341e+02 1.246379790352532407e-01
2.687406040414799122e+02 1.240854076271841466e-01
2.728124313754417472e+02 1.232323895225824889e-01
2.768842587094035821e+02 1.221478361838154447e-01
2.809560860433653602e+02 1.209347059716827238e-01
2.850279133773271951e+02 1.197058217470728103e-01
2.890997407112890301e+02 1.185587266327631645e-01
2.931715680452508650e+02 1.175571995298623496e-01
2.972433953792126431e+02 1.167248164582105063e-01
3.013152227131744780e+02 1.160519562705594476e-01
3.053870500471363130e+02 1.155132444691107096e-01
3.094588773810980911e+02 1.150890787132167609e-01
3.135307047150599260e+02 1.147836771046016890e-01
3.176025320490217609e+02 1.146333775954170575e-01
3.216743593829835390e+02 1.147021924254346681e-01
3.257461867169453740e+02 1.150657512215957079e-01
3.298180140509072089e+02 1.157884055812910262e-01
3.338898413848689870e+02 1.169003260150000278e-01
3.379616687188308219e+02 1.183813960279411076e-01
3.420334960527926569e+02 1.201567760109818750e-01
3.461053233867544918e+02 1.221058800563232377e-01
3.501771507207162699e+02 1.240831178754721320e-01
3.542489780546781049e+02 1.259459494639708077e-01
3.583208053886399398e+02 1.275841335507392205e-01
3.623926327226017179e+02 1.289437277148452188e-01
3.664644600565635528e+02 1.300403538500750356e-01
3.705362873905253878e+02 1.309582586075415944e-01
3.746081147244871659e+02 1.318344725590430144e-01
3.786799420584490008e+02 1.328305128761403109e-01
3.827517693924108357e+02 1.340970558918326005e-01
3.868235967263726138e+02 1.357391627029730929e-01
3.908954240603344488e+02 1.377902796454153200e-01
3.949672513942962837e+02 1.402018674063967296e-01
3.990390787282580618e+02 1.428521284734516894e-01
4.031109060622198967e+02 1.455725489673921902e-01
4.071827333961817317e+02 1.481860954024107335e-01
4.112545607301435666e+02 1.505474264957998298e-01
4.153263880641053447e+02 1.525746542648037940e-01
4.193982153980671796e+02 1.542644956458720795e-01
4.234700427320290146e+02 1.556875068684870633e-01
4.275418700659907927e+02 1.569659460557907560e-01
4.316136973999526276e+02 1.582416883969607890e-01
4.356855247339144626e+02 1.596438539535328105e-01
4.397573520678762407e+02 1.612647080167868285e-01
4.438291794018380756e+02 1.631485414486733843e-01
4.479010067357999105e+02 1.652932720588171644e-01
4.519728340697616886e+02 1.676604466621306189e-01
4.560446614037235236e+02 1.701877133418729926e-01
4.601164887376853585e+02 1.727990863537261779e-01
4.641883160716471366e+02 1.754115495133391767e-01
4.682601434056089715e+02 1.779399557802514853e-01
4.723319707395708065e+02 1.803039391909887490e-01
4.764037980735326414e+02 1.824396369962048570e-01
4.804756254074944195e+02 1.843157439685643717e-01
4.845474527414562544e+02 1.859493611871733953e-01
4.886192800754180894e+02 1.874144008759219271e-01
4.926911074093798675e+02 1.888356844016665925e-01
4.967629347433417024e+02 1.903657555238062460e-01
5.008347620773035374e+02 1.921476529683164847e-01
5.049065894112653154e+02 1.942730576367232564e-01
5.089784167452271504e+02 1.967487097245982919e-01
5.130502440791889285e+02 1.994830190428969197e-01
5.171220714131508203e+02 2.022992980555915477e-01
5.211938987471125984e+02 2.049737769153839595e-01
5.252657260810743765e+02 2.072884378720187826e-01
5.293375534150362682e+02 2.090836960033089775e-01
5.334093807489980463e+02 2.102958846124297898e-01
5.374812080829598244e+02 2.109693622551888637e-01
5.415530354169217162e+02 2.112410228725277173e-01
5.456248627508834943e+02 2.113031905495724172e-01
5.496966900848452724e+02 2.113565400973744235e-01
5.537685174188071642e+02 2.115661662265715393e-01
5.578403447527689423e+02 2.120312489240325782e-01
5.619121720867307204e+02 2.127734290349619362e-01
5.659839994206926121e+02 2.137432352976780803e-01
5.700558267546543902e+02 2.148396694517596406e-01
5.741276540886162820e+02 2.159363535008193280e-01
5.781994814225780601e+02 2.169082610808786560e-01
5.822713087565398382e+02 2.176549132696706246e-01
5.863431360905017300e+02 2.181177500573898698e-01
5.904149634244635081e+02 2.182904010332528399e-01
5.944867907584252862e+02 2.182207866940799601e-01
5.985586180923871780e+02 2.180040603861475856e-01
6.026304454263489561e+02 2.177661776891577916e-01
6.067022727603107342e+02 2.176397476465874448e-01
6.107741000942726259e+02 2.177363910166403294e-01
6.148459274282344040e+02 2.181220264571076817e-01
6.189177547621961821e+02 2.188020542637313937e-01
6.229895820961580739e+02 2.197215111121111897e-01
6.270614094301198520e+02 2.207811130733597360e-01
6.311332367640816301e+02 2.218649382118872138e-01
6.352050640980435219e+02 2.228712230221861768e-01
6.392768914320053000e+02 2.237361476343697197e-01
6.433487187659670781e+02 2.244424640618784272e-01
6.474205460999289699e+02 2.250099378634224101e-01
6.514923734338907479e+02 2.254711211002762838e-01
6.555642007678525260e+02 2.258415854599661876e-01
6.596360281018144178e+02 2.260962785230114513e-01
6.637078554357761959e+02 2.261620377325918585e-01
6.677796827697379740e+02 2.259309133029110961e-01
6.718515101036998658e+02 2.252915955706623896e-01
6.759233374376616439e+02 2.241694465832764216e-01
6.799951647716234220e+02 2.225617905837611876e-01
6.840669921055853138e+02 2.205556415987761643e-01
6.881388194395470919e+02 2.183199041636558202e-01
6.922106467735089836e+02 2.160718082157419284e-01
6.962824741074707617e+02 2.140255205222974522e-01
7.003543014414325398e+02 2.123369337708366777e-01
7.044261287753944316e+02 2.110606275503562057e-01
7.084979561093562097e+02 2.101322029739603470e-01
7.125697834433179878e+02 2.093823282016620269e-01
7.166416107772798796e+02 2.085798337750281450e-01
7.207134381112416577e+02 2.074926717599615833e-01
7.247852654452034358e+02 2.059500330672944524e-01
7.288570927791653276e+02 2.038881256349721893e-01
7.329289201131271057e+02 2.013664400522371667e-01
7.370007474470888837e+02 1.985496548655081850e-01
7.410725747810507755e+02 1.956603063569615220e-01
7.451444021150125536e+02 1.929160152171020548e-01
7.492162294489743317e+02 1.904697455999811440e-01
7.532880567829362235e+02 1.883707108138030217e-01
7.573598841168980016e+02 1.865572500253354082e-01
7.614317114508597797e+02 1.848831273935205577e-01
7.655035387848216715e+02 1.831683135443319954e-01
7.695753661187834496e+02 1.812577308986043634e-01
7.736471934527452277e+02 1.790691779071828527e-01
7.777190207867071194e+02 1.766154846099241282e-01
7.817908481206688975e+02 1.739946531615346181e-01
7.858626754546306756e+02 1.713524016586514820e-01
7.899345027885925674e+02 1.688305649657701468e-01
7.940063301225543455e+02 1.665191662475794254e-01
7.980781574565161236e+02 1.644282277510220602e-01
8.021499847904780154e+02 1.624882315900164631e-01
8.062218121244397935e+02 1.605781345372705449e-01
8.102936394584015716e+02 1.585704964876654410e-01
8.143654667923634634e+02 1.563778014549535023e-01
8.184372941263252415e+02 1.539841950383778468e-01
8.225091214602871332e+02 1.514523708737121055e-01
8.265809487942490250e+02 1.489040851193870474e-01
8.306527761282106894e+02 1.464816034762142505e-01
8.347246034621726949e+02 1.443032670259022932e-01
8.387964307961343593e+02 1.424274808610316578e-01
8.428682581300961374e+02 1.408357382837597815e-01
8.469400854640580292e+02 1.394384203327519167e-01
8.510119127980199210e+02 1.380996522289247852e-01
8.550837401319815854e+02 1.366720197944791826e-01
8.591555674659433635e+02 1.350300744295673261e-01
8.632273947999052552e+02 1.330934828440092088e-01
8.672992221338670333e+02 1.308352598769755848e-01
8.713710494678289251e+02 1.282758318532402075e-01
8.754428768017908169e+02 1.254677976359336034e-01
8.795147041357524813e+02 1.224779750001478290e-01
8.835865314697144868e+02 1.193724842150323262e-01
8.876583588036761512e+02 1.162080292315173374e-01
8.917301861376379293e+02 1.130294989744620865e-01
8.958020134715998211e+02 1.098717613425428813e-01
8.998738408055617128e+02 1.067627482180342618e-01
9.039456681395233772e+02 1.037255868373966050e-01
9.080174954734851553e+02 1.007789862805650999e-01
9.120893228074470471e+02 9.793648023065029684e-02
9.161611501414088252e+02 9.520579183174139593e-02
9.202329774753707170e+02 9.258932271810269010e-02
9.243048048093326088e+02 9.008587347420668467e-02
9.283766321432942732e+02 8.769277084093898833e-02
9.324484594772562787e+02 8.540717475267428638e-02
9.365202868112179431e+02 8.322571752717358717e-02
9.405921141451797212e+02 8.114260465490238938e-02
9.446639414791416129e+02 7.914735986222629083e-02
9.487357688131035047e+02 7.722392964073074295e-02
9.528075961470652828e+02 7.535250548332597664e-02
9.568794234810269472e+02 7.351423496926894063e-02
9.609512508149888390e+02 7.169746423666721602e-02
9.650230781489506171e+02 6.990299870017430139e-02
9.690949054829125089e+02 6.814570481929685397e-02
9.731667328168744007e+02 6.645082889131871673e-02
9.772385601508361788e+02 6.484537398287693044e-02
9.813103874847980705e+02 6.334700835324721946e-02
9.853822148187597350e+02 6.195438479628279094e-02
9.894540421527215130e+02 6.064276254989198200e-02
9.935258694866834048e+02 5.936729891576371376e-02
9.975976968206452966e+02 5.807379177690744770e-02
1.001669524154607075e+03 5.671393969528619461e-02
1.005741351488568739e+03 5.526037719744266580e-02
1.009813178822530631e+03 5.371656367254388359e-02
1.013885006156492409e+03 5.211817332353740895e-02
1.017956833490454301e+03 5.052540434166067490e-02
1.022028660824416193e+03 4.900859326809296757e-02
1.026100488158377857e+03 4.763161244734855082e-02
1.030172315492339749e+03 4.643801862530953783e-02
1.034244142826301641e+03 4.544370257285238607e-02
1.038315970160263305e+03 4.463739741282995999e-02
1.042387797494225197e+03 4.398777910017537263e-02
1.046459624828187088e+03 4.345399993224947216e-02
1.050531452162148753e+03 4.299594377142902657e-02
1.054603279496110645e+03 4.258132003406068372e-02
1.058675106830072536e+03 4.218842387494893542e-02
1.062746934164034201e+03 4.180519319963030972e-02
1.066818761497996093e+03 4.142635970401165046e-02
1.070890588831957984e+03 4.105064954324789961e-02
1.074962416165919649e+03 4.067924773388276183e-02
1.079034243499881541e+03 4.031559113703597069e-02
1.083106070833843432e+03 3.996561629005710575e-02
1.087177898167805097e+03 3.963731059261230150e-02
1.091249725501766989e+03 3.933888345838797845e-02
1.095321552835728880e+03 3.907579294536885073e-02
1.099393380169690545e+03 3.884772201744651071e-02
1.103465207503652437e+03 3.864692857817161181e-02
1.107537034837614328e+03 3.845899740236427555e-02
1.111608862171575993e+03 3.826606564079340633e-02
1.115680689505537885e+03 3.805152138378228854e-02
1.119752516839499776e+03 3.780449513051513388e-02
1.123824344173461441e+03 3.752250583048791915e-02
1.127896171507423333e+03 3.721138024348140394e-02
1.131967998841385224e+03 3.688269848442617127e-02
1.136039826175347116e+03 3.655001768494479941e-02
1.140111653509308780e+03 3.622554130614380474e-02
1.144183480843270672e+03 3.591855501560960173e-02
1.148255308177232564e+03 3.563601200576783923e-02
1.152327135511194228e+03 3.538456065030318870e-02
1.156398962845156120e+03 3.517257127051779536e-02
1.160470790179118012e+03 3.501067880154854622e-02
1.164542617513079676e+03 3.491004003938020378e-02
1.168614444847041568e+03 3.487860805222305766e-02
1.172686272181003460e+03 3.491676264544331387e-02
1.176758099514965124e+03 3.501414206452650030e-02
1.180829926848927016e+03 3.514926251553548986e-02
1.184901754182888908e+03 3.529257801233499914e-02
1.188973581516850572e+03 3.541239247273338109e-02
1.193045408850812464e+03 3.548197619976504319e-02
1.197117236184774356e+03 3.548576246406828782e-02
1.201189063518736020e+03 3.542276773227616415e-02
1.205260890852697912e+03 3.530626236260650530e-02
1.209332718186659804e+03 3.515987147057553219e-02
1.213404545520621468e+03 3.501129798997119208e-02
1.217476372854583360e+03 3.488541899850199773e-02
1.221548200188545252e+03 3.479849983944437869e-02
1.225620027522506916e+03 3.475479541595005717e-02
1.229691854856468808e+03 3.474609474871025172e-02
1.233763682190430700e+03 3.475406241354887099e-02
1.237835509524392364e+03 3.475470849931334982e-02
1.241907336858354256e+03 3.472402800527443073e-02
1.245979164192316148e+03 3.464374878705363259e-02
1.250050991526277812e+03 3.450614443398884040e-02
1.254122818860239704e+03 3.431697012954094961e-02
1.258194646194201596e+03 3.409578906889015187e-02
1.262266473528163260e+03 3.387332765520909700e-02
1.266338300862125152e+03 3.368605120283021254e-02
1.270410128196087044e+03 3.356882214747124171e-02
1.274481955530048708e+03 3.354712209503156461e-02
1.278553782864010600e+03 3.363066354979640099e-02
1.282625610197972492e+03 3.381009743603744649e-02
1.286697437531934156e+03 3.405787987910309511e-02
1.290769264865896048e+03 3.433332291916072615e-02
1.294841092199857940e+03 3.459071214722091170e-02
1.298912919533819604e+03 3.478849598593360126e-02
1.302984746867781496e+03 3.489724126025521567e-02
1.307056574201743388e+03 3.490442961003129702e-02
1.311128401535705052e+03 3.481512189850287375e-02
1.315200228869666944e+03 3.464872288020934971e-02
1.319272056203628836e+03 3.443313025543007222e-02
1.323343883537590500e+03 3.419811220961260084e-02
1.327415710871552392e+03 3.396968025867279362e-02
1.331487538205514284e+03 3.376660555187196988e-02
1.335559365539475948e+03 3.359935407308230204e-02
1.339631192873437840e+03 3.347094267167143727e-02
1.343703020207399732e+03 3.337881521399849172e-02
1.347774847541361396e+03 3.331689031113170552e-02
1.351846674875323288e+03 3.327731530494709017e-02
1.355918502209285180e+03 3.325191709263377454e-02
1.359990329543246844e+03 3.323360721569890847e-02
1.364062156877208736e+03 3.321793992972178755e-02
1.368133984211170628e+03 3.320469208019367208e-02
1.372205811545132292e+03 3.319894889550102646e-02
1.376277638879094184e+03 3.321100731021070507e-02
1.380349466213056076e+03 3.325462385802618187e-02
1.384421293547017967e+03 3.334371767114261559e-02
1.388493120880979632e+03 3.348836260172242257e-02
1.392564948214941523e+03 3.369142133261805727e-02
1.396636775548903415e+03 3.394718701851247300e-02
1.400708602882865080e+03 3.424280173287029549e-02
1.404780430216826971e+03 3.456218830597149877e-02
1.408852257550788863e+03 3.489116422547593882e-02
1.412924084884750528e+03 3.522177382709844318e-02
1.416995912218712419e+03 3.555401028296413524e-02
1.421067739552674311e+03 3.589403055216007499e-02
1.425139566886635976e+03 3.624937617750149943e-02
1.429211394220597867e+03 3.662304328810285503e-02
1.433283221554559759e+03 3.700892278143559644e-02
1.437355048888521424e+03 3.739081338481041461e-02
1.441426876222483315e+03 3.774594783982503088e-02
1.445498703556445207e+03 3.805221689435705351e-02
1.449570530890406872e+03 3.829671178179153840e-02
1.453642358224368763e+03 3.848247815544892508e-02
1.457714185558330655e+03 3.863081872013386653e-02
1.461786012892292320e+03 3.877797434323301123e-02
1.465857840226254211e+03 3.896700675709349054e-02
1.469929667560216103e+03 3.923744039177834431e-02
1.474001494894177767e+03 3.961602715186237494e-02
1.478073322228139659e+03 4.011156661919270533e-02
1.482145149562101551e+03 4.071522008952865174e-02
1.486216976896063215e+03 4.140578746277476935e-02
1.490288804230025107e+03 4.215773351655384416e-02
1.494360631563986999e+03 4.294898636077896376e-02
1.498432458897948663e+03 4.376593994350157224e-02
1.502504286231910555e+03 4.460445979139904260e-02
1.506576113565872447e+03 4.546743208631895405e-02
1.510647940899834111e+03 4.636079881749261000e-02
1.514719768233796003e+03 4.729053247726955345e-02
1.518791595567757895e+03 4.826244078458115372e-02
1.522863422901719559e+03 4.928530592218209605e-02
1.526935250235681451e+03 5.037622774068969272e-02
1.531007077569643343e+03 5.156582420255626659e-02
1.535078904903605007e+03 5.290064987345625275e-02
1.539150732237566899e+03 5.444097877116623602e-02
1.543222559571528791e+03 5.625371145972753173e-02
1.547294386905490455e+03 5.840204624389365440e-02
1.551366214239452347e+03 6.093502559870052349e-02
1.555438041573414239e+03 6.388057524478588101e-02
1.559509868907375903e+03 6.724494561225172196e-02
1.563581696241337795e+03 7.101968975559240504e-02
1.567653523575299687e+03 7.519497189957435879e-02
1.571725350909261351e+03 7.977581033217377715e-02
1.575797178243223243e+03 8.479652493730804874e-02
1.579869005577185135e+03 9.032866247396420523e-02
1.583940832911146799e+03 9.647909811219809728e-02
1.588012660245108691e+03 1.033774998665716732e-01
1.592084487579070583e+03 1.111551716929009281e-01
1.596156314913032247e+03 1.199195880120458302e-01
1.600228142246994139e+03 1.297299553143327344e-01
1.604299969580956031e+03 1.405785412789355149e-01
1.608371796914917695e+03 1.523805061146075168e-01
1.612443624248879587e+03 1.649722815728298375e-01
1.616515451582841479e+03 1.781161846379421265e-01
1.620587278916803143e+03 1.915078573792114436e-01
1.624659106250765035e+03 2.047837622323585571e-01
1.628730933584726927e+03 2.175281039084103474e-01
1.632802760918688818e+03 2.292812866261452753e-01
1.636874588252650483e+03 2.395540641917311420e-01
1.640946415586612375e+03 2.478517388980409630e-01
1.645018242920574266e+03 2.537105840793273392e-01
1.649090070254536158e+03 2.567445186439634708e-01
1.653161897588498050e+03 2.566952665715164228e-01
1.657233724922459714e+03 2.534755926287530770e-01
1.661305552256421379e+03 2.471943440752014109e-01
1.665377379590383043e+03 2.381547355211158234e-01
1.669449206924345390e+03 2.268231455451011347e-01
1.673521034258306827e+03 2.137730230214299476e-01
1.677592861592268719e+03 1.996150333376246200e-01
1.681664688926230610e+03 1.849281469618632712e-01
1.685736516260192275e+03 1.702057471357526774e-01
1.689808343594154167e+03 1.558261734891865369e-01
1.693880170928116058e+03 1.420499566755380472e-01
1.697951998262077495e+03 1.290386964331319830e-01
1.702023825596039842e+03 1.168854329471964021e-01
1.706095652930001506e+03 1.056449486912720837e-01
1.710167480263963171e+03 9.535485343250336976e-02
1.714239307597924835e+03 8.604335160931980697e-02
1.718311134931886727e+03 7.772524644478177869e-02
1.722382962265848619e+03 7.039194278236379776e-02
1.726454789599810510e+03 6.400263746058777736e-02
1.730526616933772402e+03 5.848235488759735701e-02
1.734598444267734067e+03 5.372893762266761630e-02
1.738670271601695958e+03 4.962713522759711060e-02
1.742742098935657850e+03 4.606512967172079337e-02
1.746813926269619742e+03 4.294814874773331820e-02
1.750885753603581634e+03 4.020527869085529366e-02
1.754957580937543298e+03 3.778838393050193423e-02
1.759029408271504963e+03 3.566493944283243012e-02
1.763101235605466627e+03 3.380845232331932543e-02
1.767173062939428974e+03 3.219040726294232491e-02
1.771244890273390411e+03 3.077643381319857332e-02
1.775316717607352302e+03 2.952734613561666666e-02
1.779388544941314194e+03 2.840375030174355914e-02
1.783460372275275859e+03 2.737178005771341918e-02
1.787532199609237750e+03 2.640750270117185952e-02
1.791604026943199642e+03 2.549844200901944455e-02
1.795675854277161079e+03 2.464197907431400075e-02
1.799747681611123426e+03 2.384153867172868896e-02
1.803819508945085090e+03 2.310205621587121949e-02
1.807891336279046754e+03 2.242616074025780004e-02
1.811963163613008419e+03 2.181198676126936548e-02
1.816034990946970311e+03 2.125285590150497589e-02
1.820106818280932202e+03 2.073852397433880584e-02
1.824178645614894094e+03 2.025740151373967360e-02
1.828250472948855986e+03 1.979910010361413814e-02
1.832322300282817650e+03 1.935672348182800734e-02
1.836394127616779542e+03 1.892841478050278151e-02
1.840465954950741434e+03 1.851776936197170945e-02
1.844537782284703326e+03 1.813287813746308416e-02
1.848609609618665218e+03 1.778403998375483949e-02
1.852681436952626882e+03 1.748056891050000367e-02
1.856753264286588546e+03 1.722751439347275024e-02
1.860825091620550211e+03 1.702333248180588204e-02
1.864896918954512557e+03 1.685942760520599618e-02
1.868968746288473994e+03 1.672198252939087124e-02
1.873040573622435886e+03 1.659572946339464561e-02
1.877112400956397778e+03 1.646855738504938993e-02
1.881184228290359442e+03 1.633541098151670631e-02
1.885256055624321334e+03 1.620003382708202697e-02
1.889327882958283226e+03 1.607376071403700951e-02
1.893399710292245118e+03 1.597156360929675653e-02
1.897471537626207009e+03 1.590654138567134182e-02
1.901543364960168674e+03 1.588464299992620871e-02
1.905615192294130566e+03 1.590139467664845180e-02
1.909687019628092003e+03 1.594176554254777764e-02
1.913758846962053894e+03 1.598328645141643828e-02
1.917830674296016241e+03 1.600150233842013298e-02
1.921902501629977678e+03 1.597614667708553010e-02
1.925974328963939570e+03 1.589628865496726592e-02
1.930046156297901234e+03 1.576311693182103069e-02
1.934117983631863126e+03 1.558979389560357677e-02
1.938189810965825018e+03 1.539864948467814174e-02
1.942261638299786910e+03 1.521661566004400834e-02
1.946333465633748801e+03 1.507008101045438642e-02
1.950405292967710466e+03 1.498026944044911213e-02
1.954477120301672358e+03 1.495993356491681289e-02
1.958548947635633795e+03 1.501176053665491741e-02
1.962620774969596141e+03 1.512854097399823385e-02
1.966692602303558033e+03 1.529490208852159715e-02
1.970764429637519470e+03 1.549023815479874319e-02
1.974836256971481362e+03 1.569234301341796561e-02
1.978908084305443026e+03 1.588113982744238789e-02
1.982979911639404918e+03 1.604183904981926201e-02
1.987051738973366810e+03 1.616689768566320282e-02
1.991123566307328701e+03 1.625635593410437729e-02
1.995195393641290593e+03 1.631649165849468133e-02
1.999267220975252258e+03 1.635718062113955540e-02
2.003339048309214149e+03 1.638873931614576174e-02
2.007410875643175586e+03 1.641920492285342884e-02
2.011482702977137478e+03 1.645287762173081383e-02
2.015554530311099825e+03 1.649052691764895523e-02
2.019626357645061262e+03 1.653107615933414182e-02
2.023698184979023154e+03 1.657403547467474134e-02
2.027770012312984818e+03 1.662165991142371818e-02
2.031841839646946710e+03 1.667989063899789556e-02
2.035913666980908602e+03 1.675757941738535359e-02
2.039985494314870493e+03 1.686414791752782749e-02
2.044057321648832385e+03 1.700645555309159007e-02
2.048129148982794050e+03 1.718600620552132238e-02
2.052200976316755714e+03 1.739757175244523169e-02
2.056272803650717833e+03 1.762985376590190528e-02
2.060344630984679497e+03 1.786809966694737420e-02
2.064416458318641162e+03 1.809788704908901064e-02
2.068488285652603281e+03 1.830884531685246161e-02
2.072560112986564945e+03 1.849706367460471346e-02
2.076631940320526610e+03 1.866535470528034660e-02
2.080703767654488729e+03 1.882126156038387704e-02
2.084775594988450393e+03 1.897346481967584347e-02
2.088847422322412058e+03 1.912779429240517998e-02
2.092919249656374177e+03 1.928419005226268690e-02
2.096991076990335841e+03 1.943563886284357251e-02
2.101062904324297506e+03 1.956945000790999076e-02
2.105134731658259625e+03 1.967046002472811958e-02
2.109206558992221289e+03 1.972513554365042457e-02
2.113278386326182954e+03 1.972528405566347995e-02
2.117350213660145073e+03 1.967025905674046199e-02
2.121422040994106737e+03 1.956707937652024665e-02
2.125493868328068402e+03 1.942857256168376706e-02
2.129565695662030521e+03 1.927025463302944885e-02
2.133637522995992185e+03 1.910697465840617212e-02
2.137709350329953850e+03 1.895029864922565671e-02
2.141781177663915969e+03 1.880723793917234848e-02
2.145853004997877633e+03 1.868040571899490243e-02
2.149924832331839298e+03 1.856921450261770842e-02
2.153996659665801417e+03 1.847146924958514153e-02
2.158068486999763081e+03 1.838472886178433435e-02
2.162140314333724746e+03 1.830705185289848574e-02
2.166212141667686865e+03 1.823707710290175046e-02
2.170283969001648529e+03 1.817366579380875341e-02
2.174355796335610194e+03 1.811544099960907955e-02
2.178427623669572313e+03 1.806048969060055145e-02
2.182499451003533977e+03 1.800630732312977211e-02
2.186571278337495642e+03 1.794988340516363162e-02
2.190643105671457761e+03 1.788775047169297722e-02
2.194714933005419425e+03 1.781588860165616434e-02
2.198786760339381090e+03 1.772955085832136207e-02
2.202858587673343209e+03 1.762324907183436887e-02
2.206930415007304873e+03 1.749120188323224911e-02
2.211002242341266538e+03 1.732843318547501801e-02
2.215074069675228657e+03 1.713243837854922652e-02
2.219145897009190321e+03 1.690501011931619391e-02
2.223217724343151986e+03 1.665357894471648434e-02
2.227289551677114105e+03 1.639140249204679850e-02
2.231361379011075769e+03 1.613617907135398918e-02
2.235433206345037433e+03 1.590711263040327228e-02
2.239505033678999553e+03 1.572097345256308690e-02
2.243576861012961217e+03 1.558810152421590857e-02
2.247648688346922881e+03 1.550943674528864821e-02
2.251720515680885001e+03 1.547546836751760059e-02
2.255792343014846665e+03 1.546752281612901424e-02
2.259864170348808329e+03 1.546119628451149072e-02
2.263935997682770449e+03 1.543117204392505971e-02
2.268007825016732113e+03 1.535630842662637566e-02
2.272079652350694232e+03 1.522383523522441440e-02
2.276151479684655897e+03 1.503174989743503477e-02
2.280223307018617561e+03 1.478896877577292809e-02
2.284295134352579680e+03 1.451332256392271446e-02
2.288366961686541345e+03 1.422794520755527557e-02
2.292438789020503009e+03 1.395689104572470952e-02
2.296510616354465128e+03 1.372088470814566974e-02
2.300582443688426793e+03 1.353398310922163637e-02
2.304654271022388457e+03 1.340167015946147969e-02
2.308726098356350576e+03 1.332058860367680252e-02
2.312797925690312240e+03 1.327980744667931791e-02
2.316869753024273905e+03 1.326327495925682179e-02
2.320941580358236024e+03 1.325294197545457721e-02
2.325013407692197688e+03 1.323196829052267556e-02
2.329085235026159353e+03 1.318744783101490417e-02
2.333157062360121472e+03 1.311220106771191808e-02
2.337228889694083136e+03 1.300537229373854332e-02
2.341300717028044801e+03 1.287180776079983359e-02
2.345372544362006920e+03 1.272043556159254372e-02
2.349444371695968584e+03 1.256206632582053048e-02
2.353516199029930249e+03 1.240713439526920300e-02
2.357588026363892368e+03 1.226387096051212780e-02
2.361659853697854032e+03 1.213724691856946092e-02
2.365731681031815697e+03 1.202878648829135665e-02
2.369803508365777816e+03 1.193710526973487326e-02
2.373875335699739480e+03 1.185884802451111011e-02
2.377947163033701145e+03 1.178965014352660254e-02
2.382018990367663264e+03 1.172483568047330039e-02
2.386090817701624928e+03 1.165975389106805107e-02
2.390162645035586593e+03 1.158986475777679798e-02
2.394234472369548712e+03 1.151082116953679527e-02
2.398306299703510376e+03 1.141879762407614282e-02
2.402378127037472041e+03 1.131117512067885376e-02
2.406449954371434160e+03 1.118746561297148667e-02
2.410521781705395824e+03 1.105014757554498121e-02
2.414593609039357489e+03 1.090499133075412304e-02
2.418665436373319608e+03 1.076054126197961355e-02
2.422737263707281272e+03 1.062668078776042059e-02
2.426809091041242937e+03 1.051254782266263475e-02
2.430880918375205056e+03 1.042436051163912400e-02
2.434952745709166720e+03 1.036382924432449962e-02
2.439024573043128385e+03 1.032770590115793079e-02
2.443096400377090504e+03 1.030868203467085777e-02
2.447168227711052168e+03 1.029740879372250881e-02
2.451240055045013833e+03 1.028503296346839312e-02
2.455311882378975952e+03 1.026546844939802902e-02
2.459383709712937616e+03 1.023671877390150940e-02
2.463455537046899281e+03 1.020089809276949512e-02
2.467527364380861400e+03 1.016304037159033481e-02
2.471599191714823064e+03 1.012917365616795504e-02
2.475671019048784729e+03 1.010433047538435679e-02
2.479742846382746848e+03 1.009110880290451338e-02
2.483814673716708512e+03 1.008913346060017792e-02
2.487886501050670176e+03 1.009541585417622796e-02
2.491958328384632296e+03 1.010531479820704626e-02
2.496030155718593960e+03 1.011367000897579575e-02
2.500101983052555624e+03 1.011574076299667953e-02
2.504173810386517744e+03 1.010777907888045848e-02
2.508245637720479408e+03 1.008729059681626704e-02
2.512317465054441072e+03 1.005317779072891805e-02
2.516389292388403192e+03 1.000595877850265006e-02
2.520461119722364856e+03 9.948123372287625762e-03
2.524532947056326520e+03 9.884501677819452006e-03
2.528604774390288640e+03 9.822380126454600610e-03
2.532676601724250304e+03 9.771083806180283840e-03
2.536748429058211968e+03 9.740873734960776853e-03
2.540820256392174088e+03 9.741239409612955161e-03
2.544892083726135752e+03 9.778911845067433939e-03
2.548963911060097416e+03 9.856084944392305008e-03
2.553035738394059535e+03 9.969349437947680470e-03
2.557107565728021200e+03 1.010970375997324172e-02
2.561179393061982864e+03 1.026375337735861183e-02
2.565251220395944983e+03 1.041592055288408092e-02
2.569323047729906648e+03 1.055124067781363674e-02
2.573394875063868312e+03 1.065817859107037052e-02
2.577466702397830431e+03 1.073088459342263525e-02
2.581538529731792096e+03 1.077041836857245069e-02
2.585610357065753760e+03 1.078466987011719204e-02
2.589682184399715879e+03 1.078695784505169161e-02
2.593754011733677544e+03 1.079354395965375843e-02
2.597825839067639208e+03 1.082051921093710178e-02
2.601897666401601327e+03 1.088065908490625823e-02
2.605969493735562992e+03 1.098087330410682863e-02
2.610041321069524656e+03 1.112078015725574340e-02
2.614113148403486775e+03 1.129272390362922630e-02
2.618184975737448440e+03 1.148326379227724257e-02
2.622256803071410104e+03 1.167585454952907963e-02
2.626328630405372223e+03 1.185417948302891489e-02
2.630400457739333888e+03 1.200544846325617490e-02
2.634472285073295552e+03 1.212296913948588371e-02
2.638544112407257671e+03 1.220744315729235460e-02
2.642615939741219336e+03 1.226670075450180669e-02
2.646687767075181000e+03 1.231391501030174203e-02
2.650759594409143119e+03 1.236466776016127353e-02
2.654831421743104784e+03 1.243350776308314344e-02
2.658903249077066448e+03 1.253078942850991903e-02
2.662975076411028567e+03 1.266056283586650469e-02
2.667046903744990232e+03 1.282008331894999090e-02
2.671118731078951896e+03 1.300113969815354723e-02
2.675190558412914015e+03 1.319293018072789127e-02
2.679262385746875680e+03 1.338575592337124497e-02
2.683334213080837344e+03 1.357449169716419893e-02
2.687406040414799463e+03 1.376075431772337543e-02
2.691477867748761128e+03 1.395298307481241361e-02
2.695549695082722792e+03 1.416423141013565569e-02
2.699621522416684911e+03 1.440819458625422836e-02
2.703693349750646576e+03 1.469463653645756117e-02
2.707765177084608240e+03 1.502569758592299173e-02
2.711837004418570359e+03 1.539441174366465957e-02
2.715908831752532024e+03 1.578613670088012053e-02
2.719980659086493688e+03 1.618267133750645598e-02
2.724052486420455807e+03 1.656790187305234169e-02
2.728124313754417472e+03 1.693320659214212973e-02
2.732196141088379136e+03 1.728080003516204582e-02
2.736267968422341255e+03 1.762376718146379390e-02
2.740339795756302919e+03 1.798256664420267228e-02
2.744411623090264584e+03 1.837893854198475660e-02
2.748483450424226703e+03 1.882904676504981376e-02
2.752555277758188367e+03 1.933800319926332056e-02
2.756627105092150032e+03 1.989753991854430887e-02
2.760698932426112151e+03 2.048762881704895011e-02
2.764770759760073815e+03 2.108161173854653653e-02
2.768842587094035935e+03 2.165330570575929592e-02
2.772914414427997599e+03 2.218394768397548636e-02
2.776986241761959263e+03 2.266693169688550891e-02
2.781058069095921383e+03 2.310902604049520567e-02
2.785129896429883047e+03 2.352788406102544749e-02
2.789201723763844711e+03 2.394679998244968883e-02
2.793273551097806831e+03 2.438844084995751144e-02
2.797345378431768495e+03 2.486946834668676137e-02
2.801417205765730159e+03 2.539752037955454039e-02
2.805489033099692278e+03 2.597113475307973735e-02
2.809560860433653943e+03 2.658219247933347670e-02
2.813632687767615607e+03 2.721968976759744918e-02
2.817704515101577726e+03 2.787337168800050474e-02
2.821776342435539391e+03 2.853604702206729085e-02
2.825848169769501055e+03 2.920411451303095429e-02
2.829919997103463174e+03 2.987667111667639125e-02
2.833991824437424839e+03 3.055420194170939061e-02
2.838063651771386503e+03 3.123801030100509246e-02
2.842135479105348622e+03 3.193115832050992531e-02
2.846207306439310287e+03 3.264089520142260392e-02
2.850279133773271951e+03 3.338166425672264154e-02
2.854350961107234070e+03 3.417717207500203108e-02
2.858422788441195735e+03 3.505996196514809399e-02
2.862494615775157399e+03 3.606754910939160425e-02
2.866566443109119518e+03 3.723529108277699035e-02
2.870638270443081183e+03 3.858742575751464288e-02
2.874710097777042847e+03 4.012866553312689766e-02
2.878781925111004966e+03 4.183901795347844815e-02
2.882853752444966631e+03 4.367393787300020286e-02
2.886925579778928295e+03 4.557060773182090851e-02
2.890997407112890414e+03 4.745944316948887132e-02
2.895069234446852079e+03 4.927833032191610702e-02
2.899141061780813743e+03 5.098611172466119973e-02
2.903212889114775862e+03 5.257178479957432676e-02
2.907284716448737527e+03 5.405683171063389164e-02
2.911356543782699191e+03 5.548983957033302994e-02
2.915428371116661310e+03 5.693463291175184654e-02
2.919500198450622975e+03 5.845494569068294954e-02
2.923572025784584639e+03 6.009967119866464758e-02
2.927643853118546758e+03 6.189261189651987932e-02
2.931715680452508423e+03 6.382939225303216335e-02
2.935787507786470087e+03 6.588213117354045634e-02
2.939859335120432206e+03 6.801020822725700743e-02
2.943931162454393871e+03 7.017371464789180779e-02
2.948002989788355535e+03 7.234554108950737306e-02
2.952074817122317654e+03 7.451875390965816137e-02
2.956146644456279319e+03 7.670771231721655592e-02
2.960218471790240983e+03 7.894361353082927912e-02
2.964290299124203102e+03 8.126695061504926598e-02
2.968362126458164767e+03 8.371999298677364199e-02
2.972433953792126431e+03 8.634158658835276723e-02
2.976505781126088550e+03 8.916469431547072166e-02
2.980577608460050214e+03 9.221507813019538813e-02
2.984649435794011879e+03 9.550846206032395647e-02
2.988721263127973998e+03 9.904417458351003067e-02
2.992793090461935662e+03 1.027956368164777146e-01
2.996864917795897327e+03 1.067012055805936777e-01
3.000936745129859446e+03 1.106612252134727692e-01
3.005008572463821110e+03 1.145471311512041568e-01
3.009080399797782775e+03 1.182253191391410968e-01
3.013152227131744894e+03 1.215928345466782690e-01
3.017224054465706558e+03 1.246157073295732359e-01
3.021295881799668223e+03 1.273566692316929760e-01
3.025367709133630342e+03 1.299794034041553692e-01
3.029439536467592006e+03 1.327222646372277770e-01
3.033511363801553671e+03 1.358442776837665289e-01
3.037583191135515790e+03 1.395568924872122862e-01
3.041655018469477454e+03 1.439622696084119913e-01
3.045726845803439119e+03 1.490193537294432213e-01
3.049798673137401238e+03 1.545515383885682770e-01
3.053870500471362902e+03 1.602962825775036682e-01
3.057942327805324567e+03 1.659822048151095297e-01
3.062014155139286686e+03 1.714085881338204831e-01
3.066085982473248350e+03 1.765003457538205089e-01
3.070157809807210015e+03 1.813196822099909233e-01
3.074229637141172134e+03 1.860313758184049537e-01
3.078301464475133798e+03 1.908360623422971081e-01
3.082373291809095463e+03 1.958983054233248144e-01
3.086445119143057582e+03 2.012984186060246261e-01
3.090516946477019246e+03 2.070276149267158972e-01
3.094588773810980911e+03 2.130283596640960564e-01
3.098660601144943030e+03 2.192625688970830100e-01
3.102732428478904694e+03 2.257772668166585228e-01
3.106804255812866359e+03 2.327361070830281375e-01
3.110876083146828478e+03 2.403969279475553777e-01
3.114947910480790142e+03 2.490362781462783504e-01
3.119019737814751807e+03 2.588438994145295102e-01
3.123091565148713926e+03 2.698249023825972648e-01
3.127163392482675590e+03 2.817486957900469657e-01
3.131235219816637255e+03 2.941703740178048809e-01
3.135307047150599374e+03 3.065264607038608591e-01
3.139378874484561038e+03 3.182808734681215057e-01
3.143450701818522703e+03 3.290779610182446024e-01
3.147522529152484822e+03 3.388543738923363580e-01
3.151594356486446486e+03 3.478724496462992088e-01
3.155666183820408150e+03 3.566612780524057169e-01
3.159738011154370270e+03 3.658799503855120205e-01
3.163809838488331934e+03 3.761414281683773675e-01
3.167881665822293598e+03 3.878473386070180884e-01
3.171953493156255718e+03 4.010802621835430348e-01
3.176025320490217382e+03 4.155822808014197345e-01
3.180097147824179046e+03 4.308226643338041728e-01
3.184168975158141166e+03 4.461318634730577770e-01
3.188240802492102830e+03 4.608613198825184942e-01
3.192312629826064494e+03 4.745240273029819877e-01
3.196384457160026614e+03 4.868800203703923524e-01
3.200456284493988278e+03 4.979504299285842928e-01
3.204528111827949942e+03 5.079667564413882230e-01
3.208599939161912062e+03 5.172810236221649927e-01
3.212671766495873726e+03 5.262714651231658047e-01
3.216743593829835390e+03 5.352748189038704085e-01
3.220815421163797510e+03 5.445619218726187594e-01
3.224887248497759174e+03 5.543536456656497080e-01
3.228959075831720838e+03 5.648567604111442986e-01
3.233030903165682957e+03 5.762908560128392477e-01
3.237102730499644622e+03 5.888815902839097394e-01
3.241174557833606286e+03 6.028111260336499466e-01
3.245246385167568405e+03 6.181378845840429515e-01
3.249318212501530070e+03 6.347161625981545541e-01
3.253390039835491734e+03 6.521536252064755734e-01
3.257461867169453853e+03 6.698368025496583833e-01
3.261533694503415518e+03 6.870329293869603671e-01
3.265605521837377637e+03 7.030480646619704510e-01
3.269677349171339301e+03 7.173971369299442236e-01
3.273749176505300966e+03 7.299315089723533712e-01
3.277821003839263085e+03 7.408791873769146052e-01
3.281892831173224749e+03 7.507798943317500751e-01
3.285964658507186869e+03 7.603326929055237438e-01
3.290036485841148533e+03 7.702045751301984655e-01
3.294108313175110197e+03 7.808623440920835490e-01
3.298180140509072316e+03 7.924812572816744005e-01
3.302251967843033981e+03 8.049550670644665118e-01
3.306323795176996100e+03 8.179941855875514367e-01
3.310395622510956855e+03 8.312665537949829320e-01
3.314467449844919429e+03 8.445222406242892665e-01
3.318539277178881548e+03 8.576533125511790479e-01
3.322611104512842758e+03 8.706707456745619300e-01
3.326682931846805332e+03 8.836175138734191359e-01
3.330754759180766087e+03 8.964657509894686793e-01
3.334826586514728206e+03 9.090537440707601169e-01
3.338898413848690780e+03 9.211018314023851072e-01
3.342970241182651989e+03 9.323117637511856293e-01
3.347042068516613654e+03 9.425161053681631040e-01
3.351113895850575318e+03 9.518188394766674554e-01
3.355185723184537437e+03 9.606664526581638608e-01
3.359257550518499102e+03 9.698116299185638445e-01
3.363329377852461221e+03 9.801702784107394484e-01
3.367401205186422885e+03 9.926114805301240462e-01
3.371473032520384550e+03 1.007743835469378402e+00
3.375544859854346669e+03 1.025761660074493209e+00
3.379616687188308333e+03 1.046391851614259849e+00
3.383688514522270452e+03 1.068947145471197846e+00
3.387760341856232117e+03 1.092458645074509072e+00
3.391832169190193781e+03 1.115842328165915109e+00
3.395903996524154991e+03 1.138055794982080204e+00
3.399975823858117565e+03 1.158218734228503966e+00
3.404047651192079684e+03 1.175692735215443818e+00
3.408119478526040439e+03 1.190131341413638966e+00
3.412191305860003013e+03 1.201512529954063879e+00
3.416263133193964222e+03 1.210154191564914328e+00
3.420334960527926341e+03 1.216697290477244620e+00
3.424406787861888915e+03 1.222032915146133547e+00
3.428478615195849670e+03 1.227157028042404452e+00
3.432550442529811789e+03 1.232961006812319571e+00
3.436622269863773454e+03 1.239998377406258623e+00
3.440694097197735573e+03 1.248293763600488049e+00
3.444765924531697237e+03 1.257264736073245626e+00
3.448837751865658902e+03 1.265803969244210458e+00
3.452909579199621021e+03 1.272522386277327611e+00
3.456981406533582685e+03 1.276099050302685223e+00
3.461053233867544805e+03 1.275640992926061923e+00
3.465125061201506469e+03 1.270943625899289220e+00
3.469196888535468133e+03 1.262567162004651689e+00
3.473268715869430252e+03 1.251699938463515682e+00
3.477340543203391917e+03 1.239847070697922771e+00
3.481412370537354036e+03 1.228438710293600966e+00
3.485484197871315700e+03 1.218476478816870934e+00
3.489556025205277365e+03 1.210321029153124117e+00
3.493627852539239484e+03 1.203674383836945028e+00
3.497699679873201148e+03 1.197745988076030832e+00
3.501771507207163268e+03 1.191534457925656376e+00
3.505843334541124023e+03 1.184127053700127608e+00
3.509915161875086596e+03 1.174924345179092056e+00
3.513986989209048716e+03 1.163733389987737565e+00
3.518058816543009925e+03 1.150723458236959207e+00
3.522130643876972499e+03 1.136284370319694537e+00
3.526202471210933254e+03 1.120853020416828771e+00
3.530274298544895373e+03 1.104772101104754878e+00
3.534346125878857947e+03 1.088220756349267182e+00
3.538417953212819157e+03 1.071222261591580960e+00
3.542489780546780821e+03 1.053703627119350505e+00
3.546561607880742486e+03 1.035567344833147718e+00
3.550633435214704605e+03 1.016739824800072967e+00
3.554705262548666269e+03 9.971797577320998807e-01
3.558777089882628388e+03 9.768527670631055315e-01
3.562848917216590053e+03 9.556957291718035652e-01
3.566920744550551717e+03 9.335982761900002425e-01
3.570992571884513836e+03 9.104196529764031487e-01
3.575064399218475501e+03 8.860414415450449388e-01
3.579136226552437620e+03 8.604388952872910057e-01
3.583208053886399284e+03 8.337433100730718971e-01
3.587279881220360949e+03 8.062689182649169783e-01
3.591351708554322158e+03 7.784892894601759261e-01
3.595423535888284732e+03 7.509652475245157666e-01
3.599495363222246851e+03 7.242423243711970660e-01
3.603567190556207606e+03 6.987452648590934956e-01
3.607639017890170180e+03 6.746975025818220395e-01
3.611710845224131390e+03 6.520856834568077298e-01
3.615782672558093509e+03 6.306765985939418728e-01
3.619854499892056083e+03 6.100805765154984073e-01
3.623926327226016838e+03 5.898450615097806660e-01
3.627998154559978957e+03 5.695567260768928941e-01
3.632069981893940621e+03 5.489302788028981306e-01
3.636141809227902741e+03 5.278662181383706464e-01
3.640213636561864405e+03 5.064667796225863494e-01
3.644285463895826069e+03 4.850078822095628683e-01
3.648357291229788189e+03 4.638737507633003965e-01
3.652429118563749853e+03 4.434687534745433979e-01
3.656500945897711972e+03 4.241263272253752992e-01
3.660572773231673636e+03 4.060361525057046284e-01
3.664644600565635301e+03 3.892070034475142437e-01
3.668716427899597420e+03 3.734741492975335864e-01
3.672788255233559084e+03 3.585485993649939473e-01
3.676860082567521204e+03 3.440939879168558591e-01
3.680931909901482868e+03 3.298090752838712669e-01
3.685003737235444532e+03 3.154924713852653717e-01
3.689075564569406652e+03 3.010720738717957978e-01
3.693147391903368316e+03 2.865931793827041218e-01
3.697219219237330435e+03 2.721725417939068192e-01
3.701291046571291190e+03 2.579363007537552321e-01
3.705362873905253764e+03 2.439640394669763401e-01
3.709434701239215883e+03 2.302578496151314602e-01
3.713506528573177093e+03 2.167455653667483551e-01
3.717578355907139667e+03 2.033149157789708172e-01
3.721650183241100422e+03 1.898647374110140063e-01
3.725722010575062541e+03 1.763542524181062887e-01
3.729793837909025115e+03 1.628332492046839219e-01
3.733865665242986324e+03 1.494436799556451978e-01
3.737937492576947989e+03 1.363935400218319605e-01
3.742009319910909653e+03 1.239130189999845671e-01
3.746081147244871772e+03 1.122076984258400800e-01
3.750152974578833437e+03 1.014227855793053551e-01
3.754224801912795556e+03 9.162695273338075652e-02
3.758296629246757220e+03 8.281682119498472161e-02
3.762368456580718885e+03 7.493646950042824606e-02
3.766440283914681004e+03 6.790280067448503654e-02
3.770512111248642668e+03 6.162792063415619553e-02
3.774583938582604787e+03 5.603302470752249270e-02
3.778655765916566452e+03 5.105280652051620571e-02
3.782727593250528116e+03 4.663311085671197065e-02
3.786799420584490235e+03 4.272616157218018379e-02
3.790871247918451900e+03 3.928703026593037551e-02
3.794943075252414019e+03 3.627289445017190667e-02
3.799014902586375683e+03 3.364436733366619331e-02
3.803086729920337348e+03 3.136689189030068131e-02
3.807158557254298557e+03 2.941034863854356460e-02
3.811230384588261131e+03 2.774632057051196893e-02
3.815302211922223250e+03 2.634405454981566044e-02
3.819374039256184005e+03 2.516715920885309599e-02
3.823445866590146579e+03 2.417296758346692762e-02
3.827517693924107789e+03 2.331534781428985445e-02
3.831589521258069908e+03 2.255015803890838416e-02
3.835661348592032482e+03 2.184129470128529441e-02
3.839733175925993237e+03 2.116496627702631542e-02
3.843805003259955356e+03 2.051056625738916298e-02
3.847876830593917020e+03 1.987795474322830852e-02
3.851948657927879140e+03 1.927242211241149417e-02
3.856020485261840804e+03 1.869945512608261334e-02
3.860092312595802468e+03 1.816131801465774645e-02
3.864164139929764588e+03 1.765650084890181895e-02
3.868235967263726252e+03 1.718174418665949915e-02
3.872307794597688371e+03 1.673522959728191567e-02
3.876379621931650036e+03 1.631910189003033668e-02
3.880451449265611700e+03 1.593990279030794641e-02
3.884523276599573819e+03 1.560652176053295946e-02
3.888595103933535484e+03 1.532643548235112195e-02
3.892666931267497603e+03 1.510181000420601251e-02
3.896738758601459267e+03 1.492715555047268404e-02
3.900810585935420931e+03 1.478963006405482027e-02
3.904882413269383051e+03 1.467204819675627624e-02
3.908954240603344715e+03 1.455759444834996488e-02
3.913026067937306834e+03 1.443457356769987585e-02
3.917097895271267589e+03 1.429949792234784522e-02
3.921169722605230163e+03 1.415740221162485254e-02
3.925241549939192282e+03 1.401925657526667014e-02
3.929313377273153492e+03 1.389736043258084884e-02
3.933385204607116066e+03 1.380029075433519825e-02
3.937457031941076821e+03 1.372912603661875439e-02
3.941528859275038940e+03 1.367623830286018860e-02
3.945600686609001514e+03 1.362709592756146046e-02
3.949672513942962723e+03 1.356453374479396623e-02
3.953744341276924388e+03 1.347414087653713358e-02
3.957816168610886052e+03 1.334904330692766525e-02
3.961887995944848171e+03 1.319253090102235140e-02
3.965959823278809836e+03 1.301764086010372135e-02
3.970031650612771955e+03 1.284375425260724998e-02
3.974103477946733619e+03 1.269119475148731621e-02
3.978175305280695284e+03 1.257544757174649218e-02
3.982247132614657403e+03 1.250274421669761958e-02
3.986318959948619067e+03 1.246834454111569318e-02
3.990390787282581186e+03 1.245802289875187416e-02
3.994462614616542851e+03 1.245229114353671451e-02
3.998534441950504515e+03 1.243207476243545113e-02
