# IR  C(t) = <mu_dot(0).mu_dot(t)>  (dipole a.u.)
# wavenumber(cm^-1)   cosine transform of windowed C(t)
4.071827333961817175e+00 3.068759855176382730e-03
8.143654667923634349e+00 3.189652217860112181e-03
1.221548200188545152e+01 3.376946680891964800e-03
1.628730933584726870e+01 3.612214008513717385e-03
2.035913666980908587e+01 3.874684093176023088e-03
2.443096400377090305e+01 4.144864870811696897e-03
2.850279133773272022e+01 4.407614734621528342e-03
3.257461867169453740e+01 4.654089832915904792e-03
3.664644600565635812e+01 4.882287546171565351e-03
4.071827333961817175e+01 5.096236215507678191e-03
4.479010067357999247e+01 5.304162233035455802e-03
4.886192800754180610e+01 5.516149554981218672e-03
5.293375534150362682e+01 5.741872620670634975e-03
5.700558267546544045e+01 5.988930313144749662e-03
6.107741000942726117e+01 6.262146522725269872e-03
6.514923734338907479e+01 6.563954699529657606e-03
6.922106467735089552e+01 6.895691481894826794e-03
7.329289201131271625e+01 7.259354216200100338e-03
7.736471934527452277e+01 7.659210574255113577e-03
8.143654667923634349e+01 8.102656408041447600e-03
8.550837401319816422e+01 8.599925125534351594e-03
8.958020134715998495e+01 9.162610530440290502e-03
9.365202868112179146e+01 9.801357579187800276e-03
9.772385601508361219e+01 1.052335294762130752e-02
1.017956833490454329e+02 1.133029309157546419e-02
1.058675106830072536e+02 1.221729750306347999e-02
1.099393380169690602e+02 1.317286130258985694e-02
1.140111653509308809e+02 1.417958085815132496e-02
1.180829926848927016e+02 1.521521953684334440e-02
1.221548200188545223e+02 1.625379829106051582e-02
1.262266473528163289e+02 1.726673678846324736e-02
1.302984746867781496e+02 1.822443434204801260e-02
1.343703020207399561e+02 1.909881349367738290e-02
1.384421293547017910e+02 1.986708052081849821e-02
1.425139566886635976e+02 2.051630738803006046e-02
1.465857840226254325e+02 2.104765478262050904e-02
1.506576113565872390e+02 2.147852713529697574e-02
1.547294386905490455e+02 2.184104483317614656e-02
1.588012660245108805e+02 2.217608921242003595e-02
1.628730933584726870e+02 2.252364212564777687e-02
1.669449206924344935e+02 2.291170949619106972e-02
1.710167480263963284e+02 2.334714740114259002e-02
1.750885753603581350e+02 2.381167471118018908e-02
1.791604026943199699e+02 2.426509222486606179e-02
1.832322300282817764e+02 2.465554528432574444e-02
1.873040573622435829e+02 2.493427819890014357e-02
1.913758846962054179e+02 2.507059943801226085e-02
1.954477120301672244e+02 2.506239024721863481e-02
1.995195393641290309e+02 2.493866841749127830e-02
2.035913666980908658e+02 2.475311635262811283e-02
2.076631940320526724e+02 2.457029680972010882e-02
2.117350213660145073e+02 2.444855035728435086e-02
2.158068486999763138e+02 2.442453466929157477e-02
2.198786760339381203e+02 2.450374221960507568e-02
2.239505033678999553e+02 2.465939740785808715e-02
2.280223307018617618e+02 2.483959622641845194e-02
2.320941580358235683e+02 2.498026748307616285e-02
2.361659853697854032e+02 2.502018991112347351e-02
2.402378127037472098e+02 2.491418723796920420e-02
2.443096400377090447e+02 2.464159463951275802e-02
2.483814673716708512e+02 2.420867630127281761e-02
2.524532947056326577e+02 2.364530717342068142e-02
2.565251220395944642e+02 2.299746054842200307e-02
2.605969493735562992e+02 2.231765428074770560e-02
2.646687767075181341e+02 2.165552913034991117e-02
2.687406040414799122e+02 2.105033528783326752e-02
2.728124313754417472e+02 2.052648583618778971e-02
2.768842587094035821e+02 2.009264261284118142e-02
2.809560860433653602e+02 1.974411012603958376e-02
2.850279133773271951e+02 1.946768501839022183e-02
2.890997407112890301e+02 1.924762744720233398e-02
2.931715680452508650e+02 1.907120682610144793e-02
2.972433953792126431e+02 1.893243419893136242e-02
3.013152227131744780e+02 1.883314240281620464e-02
3.053870500471363130e+02 1.878138302286384495e-02
3.094588773810980911e+02 1.878791608063837618e-02
3.135307047150599260e+02 1.886207938999213268e-02
3.176025320490217609e+02 1.900834417867086970e-02
3.216743593829835390e+02 1.922440183193623031e-02
3.257461867169453740e+02 1.950091192225244380e-02
3.298180140509072089e+02 1.982242223729130393e-02
3.338898413848689870e+02 2.016874456657164610e-02
3.379616687188308219e+02 2.051632362579583133e-02
3.420334960527926569e+02 2.083969022094270956e-02
3.461053233867544918e+02 2.111357573807347981e-02
3.501771507207162699e+02 2.131631938791174116e-02
3.542489780546781049e+02 2.143467104968851261e-02
3.583208053886399398e+02 2.146915718403988316e-02
3.623926327226017179e+02 2.143828783161877763e-02
3.664644600565635528e+02 2.137956147197574153e-02
3.705362873905253878e+02 2.134579340737264089e-02
3.746081147244871659e+02 2.139667630458862158e-02
3.786799420584490008e+02 2.158718949247261792e-02
3.827517693924108357e+02 2.195579755241241701e-02
3.868235967263726138e+02 2.251571159249907833e-02
3.908954240603344488e+02 2.325162220679828640e-02
3.949672513942962837e+02 2.412257032503249687e-02
3.990390787282580618e+02 2.506971971990597584e-02
4.031109060622198967e+02 2.602652410649505810e-02
4.071827333961817317e+02 2.692862881635619057e-02
4.112545607301435666e+02 2.772175319401717214e-02
4.153263880641053447e+02 2.836718773917180914e-02
4.193982153980671796e+02 2.884560727506296079e-02
4.234700427320290146e+02 2.916004529583273233e-02
4.275418700659907927e+02 2.933803366953385491e-02
4.316136973999526276e+02 2.943163857531161734e-02
4.356855247339144626e+02 2.951332697932187998e-02
4.397573520678762407e+02 2.966606176111928617e-02
4.438291794018380756e+02 2.996793220155419268e-02
4.479010067357999105e+02 3.047435087949566107e-02
4.519728340697616886e+02 3.120313526515860678e-02
4.560446614037235236e+02 3.212831307120746216e-02
4.601164887376853585e+02 3.318651124762373589e-02
4.641883160716471366e+02 3.429564829335306209e-02
4.682601434056089715e+02 3.538077973567018558e-02
4.723319707395708065e+02 3.639836791288912632e-02
4.764037980735326414e+02 3.734972018315198261e-02
4.804756254074944195e+02 3.827752869585902828e-02
4.845474527414562544e+02 3.924548353894972974e-02
4.886192800754180894e+02 4.030762860691206734e-02
4.926911074093798675e+02 4.147878483189498811e-02
4.967629347433417024e+02 4.271787935548532200e-02
5.008347620773035374e+02 4.393183869024500088e-02
5.049065894112653154e+02 4.500017372822494310e-02
5.089784167452271504e+02 4.581231586706566855e-02
5.130502440791889285e+02 4.630435792194845940e-02
5.171220714131508203e+02 4.648140446682520743e-02
5.211938987471125984e+02 4.641664739586272292e-02
5.252657260810743765e+02 4.622682521152282620e-02
5.293375534150362682e+02 4.603266245581195959e-02
5.334093807489980463e+02 4.591873289437874150e-02
5.374812080829598244e+02 4.590760108105337856e-02
5.415530354169217162e+02 4.595782294443218757e-02
5.456248627508834943e+02 4.598640269714167339e-02
5.496966900848452724e+02 4.590705126407335773e-02
5.537685174188071642e+02 4.566963065082847717e-02
5.578403447527689423e+02 4.528578544326378186e-02
5.619121720867307204e+02 4.483108224551222987e-02
5.659839994206926121e+02 4.442293056489868275e-02
5.700558267546543902e+02 4.418270125362133705e-02
5.741276540886162820e+02 4.419631682728872302e-02
5.781994814225780601e+02 4.448798712324097959e-02
5.822713087565398382e+02 4.501663361041204764e-02
5.863431360905017300e+02 4.569590370066180240e-02
5.904149634244635081e+02 4.642981963830479508e-02
5.944867907584252862e+02 4.715034353134561762e-02
5.985586180923871780e+02 4.784255692033517748e-02
6.026304454263489561e+02 4.854787413205031987e-02
6.067022727603107342e+02 4.934390681404602491e-02
6.107741000942726259e+02 5.030822198529107114e-02
6.148459274282344040e+02 5.147916011659040003e-02
6.189177547621961821e+02 5.282802964494895392e-02
6.229895820961580739e+02 5.425305799326912704e-02
6.270614094301198520e+02 5.559795567788972798e-02
6.311332367640816301e+02 5.668955331578827417e-02
6.352050640980435219e+02 5.738262927923319656e-02
6.392768914320053000e+02 5.759786697442887543e-02
6.433487187659670781e+02 5.734145283360616435e-02
6.474205460999289699e+02 5.670107696844303019e-02
6.514923734338907479e+02 5.582074379376100737e-02
6.555642007678525260e+02 5.486319498273520279e-02
6.596360281018144178e+02 5.397182564329510573e-02
6.637078554357761959e+02 5.324294094691500723e-02
6.677796827697379740e+02 5.271473869906181942e-02
6.718515101036998658e+02 5.237334787899638328e-02
6.759233374376616439e+02 5.217085964225507549e-02
6.799951647716234220e+02 5.204738478988567285e-02
6.840669921055853138e+02 5.194951386436186258e-02
6.881388194395470919e+02 5.184060765645443630e-02
6.922106467735089836e+02 5.170257341174745724e-02
6.962824741074707617e+02 5.153232100542352867e-02
7.003543014414325398e+02 5.133752156532360444e-02
7.044261287753944316e+02 5.113519552952755509e-02
7.084979561093562097e+02 5.095376848711880013e-02
7.125697834433179878e+02 5.083607579813401167e-02
7.166416107772798796e+02 5.083900388121223579e-02
7.207134381112416577e+02 5.102603646259022685e-02
7.247852654452034358e+02 5.145184613578834831e-02
7.288570927791653276e+02 5.214206395886473999e-02
7.329289201131271057e+02 5.307469111107489951e-02
7.370007474470888837e+02 5.417065760059969898e-02
7.410725747810507755e+02 5.529903159551333852e-02
7.451444021150125536e+02 5.629784023716759983e-02
7.492162294489743317e+02 5.700598934075747082e-02
7.532880567829362235e+02 5.729746778010807312e-02
7.573598841168980016e+02 5.710764317428027037e-02
7.614317114508597797e+02 5.644367351563262664e-02
7.655035387848216715e+02 5.537617165566854904e-02
7.695753661187834496e+02 5.401543481595765667e-02
7.736471934527452277e+02 5.248053299838671693e-02
7.777190207867071194e+02 5.087152967936752618e-02
7.817908481206688975e+02 4.925341672731196885e-02
7.858626754546306756e+02 4.765569219717354088e-02
7.899345027885925674e+02 4.608568095693509059e-02
7.940063301225543455e+02 4.454885208223785531e-02
7.980781574565161236e+02 4.306723258320478698e-02
8.021499847904780154e+02 4.168820107319720636e-02
8.062218121244397935e+02 4.047987118484243363e-02
8.102936394584015716e+02 3.951439706341406538e-02
8.143654667923634634e+02 3.884497977146357528e-02
8.184372941263252415e+02 3.848461749572548718e-02
8.225091214602871332e+02 3.839408232689050376e-02
8.265809487942489113e+02 3.848358715343651315e-02
8.306527761282106894e+02 3.862827456660067327e-02
8.347246034621725812e+02 3.869347843777842799e-02
8.387964307961343593e+02 3.856294788348996194e-02
8.428682581300961374e+02 3.816258782165693475e-02
8.469400854640580292e+02 3.747376570108124083e-02
8.510119127980198073e+02 3.653326512996273034e-02
8.550837401319815854e+02 3.542059052788547324e-02
8.591555674659434771e+02 3.423654661486345840e-02
8.632273947999052552e+02 3.307903408516725541e-02
8.672992221338670333e+02 3.202237603840436819e-02
8.713710494678289251e+02 3.110519591294547137e-02
8.754428768017907032e+02 3.032928568604120051e-02
8.795147041357524813e+02 2.966872777150593443e-02
8.835865314697143731e+02 2.908562737968242717e-02
8.876583588036761512e+02 2.854700005623412445e-02
8.917301861376379293e+02 2.803720317421875413e-02
8.958020134715998211e+02 2.756190270247245444e-02
8.998738408055615992e+02 2.714248536789538174e-02
9.039456681395233772e+02 2.680315760935696873e-02
9.080174954734852690e+02 2.655560988428838642e-02
9.120893228074470471e+02 2.638712703116470604e-02
9.161611501414088252e+02 2.625696973391260583e-02
9.202329774753707170e+02 2.610302910297585682e-02
9.243048048093324951e+02 2.585711144031813125e-02
9.283766321432942732e+02 2.546403054566231949e-02
9.324484594772561650e+02 2.489813457185648116e-02
9.365202868112179431e+02 2.417157320325566058e-02
9.405921141451797212e+02 2.333131278453546079e-02
9.446639414791416129e+02 2.244568218472372395e-02
9.487357688131033910e+02 2.158473609752401684e-02
9.528075961470652828e+02 2.080071834971214742e-02
9.568794234810270609e+02 2.011472540335871445e-02
9.609512508149888390e+02 1.951344160512038378e-02
9.650230781489507308e+02 1.895640163319750257e-02
9.690949054829125089e+02 1.839086976273698187e-02
9.731667328168742870e+02 1.776925289583460715e-02
9.772385601508361788e+02 1.706362317200303333e-02
9.813103874847979569e+02 1.627335925092847010e-02
9.853822148187597350e+02 1.542445547641557724e-02
9.894540421527216267e+02 1.456172183951497459e-02
9.935258694866834048e+02 1.373701152200639333e-02
9.975976968206451829e+02 1.299726192036786132e-02
1.001669524154607075e+03 1.237552516642928882e-02
1.005741351488568853e+03 1.188672505757628825e-02
1.009813178822530631e+03 1.152823223113463857e-02
1.013885006156492523e+03 1.128405421346060852e-02
1.017956833490454301e+03 1.113079735104677628e-02
1.022028660824416079e+03 1.104358239697543140e-02
1.026100488158377857e+03 1.100057613312101570e-02
1.030172315492339749e+03 1.098545580862394372e-02
1.034244142826301641e+03 1.098772634599425729e-02
1.038315970160263305e+03 1.100125643373448675e-02
1.042387797494225197e+03 1.102168575388925639e-02
1.046459624828187088e+03 1.104351738593829790e-02
1.050531452162148753e+03 1.105775968332189246e-02
1.054603279496110645e+03 1.105089042421973991e-02
1.058675106830072536e+03 1.100563942306714144e-02
1.062746934164034201e+03 1.090362352161257722e-02
1.066818761497996093e+03 1.072930448111024740e-02
1.070890588831957984e+03 1.047424156553857302e-02
1.074962416165919649e+03 1.014036778654758830e-02
1.079034243499881541e+03 9.741164525233400248e-03
1.083106070833843432e+03 9.300146608599204473e-03
1.087177898167805097e+03 8.846851755715779211e-03
1.091249725501766989e+03 8.411301349169401226e-03
1.095321552835728880e+03 8.018396943281304312e-03
1.099393380169690545e+03 7.683760762535409364e-03
1.103465207503652437e+03 7.412098070622891860e-03
1.107537034837614328e+03 7.198398618520455289e-03
1.111608862171575993e+03 7.031456375388989155e-03
1.115680689505537885e+03 6.898540238268144678e-03
1.119752516839499776e+03 6.789785333456624730e-03
1.123824344173461441e+03 6.701051902534003665e-03
1.127896171507423333e+03 6.634532582701146292e-03
1.131967998841385224e+03 6.597095011790971714e-03
1.136039826175347116e+03 6.597007943349105646e-03
1.140111653509308780e+03 6.640132215357060289e-03
1.144183480843270672e+03 6.726760127328311120e-03
1.148255308177232564e+03 6.850052729219409386e-03
1.152327135511194228e+03 6.996536669454515509e-03
1.156398962845156120e+03 7.148522706202434240e-03
1.160470790179118012e+03 7.287761340039888847e-03
1.164542617513079676e+03 7.399305156613871295e-03
1.168614444847041568e+03 7.474497831502020101e-03
1.172686272181003460e+03 7.512272986346687012e-03
1.176758099514965124e+03 7.518450218777669031e-03
1.180829926848927016e+03 7.503313545181002076e-03
1.184901754182888908e+03 7.478265441332392072e-03
1.188973581516850572e+03 7.452603485111418402e-03
1.193045408850812464e+03 7.431378934030386657e-03
1.197117236184774356e+03 7.414893449642544210e-03
1.201189063518736020e+03 7.399809587152287108e-03
1.205260890852697912e+03 7.381298439940248840e-03
1.209332718186659804e+03 7.355323857776071075e-03
1.213404545520621468e+03 7.320184416440066871e-03
1.217476372854583360e+03 7.276788693728792473e-03
1.221548200188545252e+03 7.227684456183132780e-03
1.225620027522506916e+03 7.175380913030675670e-03
1.229691854856468808e+03 7.120788423354307631e-03
1.233763682190430700e+03 7.062538669192921711e-03
1.237835509524392364e+03 6.997566923326977578e-03
1.241907336858354256e+03 6.922792739268992038e-03
1.245979164192316148e+03 6.837248418563783223e-03
1.250050991526277812e+03 6.743774063170256475e-03
1.254122818860239704e+03 6.649517965452071341e-03
1.258194646194201596e+03 6.564904938577680732e-03
1.262266473528163260e+03 6.501296741057031869e-03
1.266338300862125152e+03 6.468051024226002116e-03
1.270410128196087044e+03 6.469907689445737048e-03
1.274481955530048708e+03 6.505519494570028566e-03
1.278553782864010600e+03 6.567552527070665697e-03
1.282625610197972492e+03 6.644268410630954635e-03
1.286697437531934156e+03 6.722054767876829706e-03
1.290769264865896048e+03 6.788142901384850922e-03
1.294841092199857940e+03 6.832796331374162840e-03
1.298912919533819604e+03 6.850519241487848174e-03
1.302984746867781496e+03 6.840194702911380972e-03
1.307056574201743388e+03 6.804377644472362971e-03
1.311128401535705052e+03 6.748137305952001119e-03
1.315200228869666944e+03 6.677842988365479543e-03
1.319272056203628836e+03 6.600161280165191616e-03
1.323343883537590500e+03 6.521367028190384191e-03
1.327415710871552392e+03 6.446942512925995725e-03
1.331487538205514284e+03 6.381387551514254922e-03
1.335559365539475948e+03 6.328175885887151950e-03
1.339631192873437840e+03 6.289826159779906417e-03
1.343703020207399732e+03 6.268064842770350309e-03
1.347774847541361396e+03 6.264027924752552448e-03
1.351846674875323288e+03 6.278400364478032777e-03
1.355918502209285180e+03 6.311372805787978865e-03
1.359990329543246844e+03 6.362342686272701858e-03
1.364062156877208736e+03 6.429404394559646782e-03
1.368133984211170628e+03 6.508817253723686233e-03
1.372205811545132292e+03 6.594737527020291812e-03
1.376277638879094184e+03 6.679484628508111296e-03
1.380349466213056076e+03 6.754460965887505719e-03
1.384421293547017967e+03 6.811603508775657297e-03
1.388493120880979632e+03 6.845010818615056281e-03
1.392564948214941523e+03 6.852270949888389015e-03
1.396636775548903415e+03 6.835080497809221250e-03
1.400708602882865080e+03 6.798979920560856843e-03
1.404780430216826971e+03 6.752339567082116072e-03
1.408852257550788863e+03 6.704976333552757108e-03
1.412924084884750528e+03 6.666846925220898737e-03
1.416995912218712419e+03 6.647117639862756659e-03
1.421067739552674311e+03 6.653626490263320550e-03
1.425139566886635976e+03 6.692483362140734006e-03
1.429211394220597867e+03 6.767455510425243216e-03
1.433283221554559759e+03 6.878939386360881370e-03
1.437355048888521424e+03 7.022676095630684193e-03
1.441426876222483315e+03 7.188756181636577446e-03
1.445498703556445207e+03 7.361660865541166422e-03
1.449570530890406872e+03 7.521940642690108994e-03
1.453642358224368763e+03 7.649626890149856251e-03
1.457714185558330655e+03 7.728773642055446549e-03
1.461786012892292320e+03 7.751921424944410548e-03
1.465857840226254211e+03 7.723048649683718000e-03
1.469929667560216103e+03 7.657879447099729016e-03
1.474001494894177767e+03 7.581183727907972632e-03
1.478073322228139659e+03 7.521664869803517360e-03
1.482145149562101551e+03 7.505816121858536506e-03
1.486216976896063215e+03 7.552434561762689548e-03
1.490288804230025107e+03 7.669205292135675145e-03
1.494360631563986999e+03 7.852047128031508158e-03
1.498432458897948663e+03 8.087059904198907329e-03
1.502504286231910555e+03 8.354273929199185211e-03
1.506576113565872447e+03 8.632179245898638498e-03
1.510647940899834111e+03 8.902185218013811824e-03
1.514719768233796003e+03 9.152511567526373445e-03
1.518791595567757895e+03 9.381261414520291469e-03
1.522863422901719559e+03 9.598407359048450466e-03
1.526935250235681451e+03 9.826189522721649749e-03
1.531007077569643343e+03 1.009724362513768001e-02
1.535078904903605007e+03 1.044996855260348079e-02
1.539150732237566899e+03 1.092137087055956857e-02
1.543222559571528791e+03 1.153873579635057364e-02
1.547294386905490455e+03 1.231249759494010623e-02
1.551366214239452347e+03 1.323301109121943070e-02
1.555438041573414239e+03 1.427313051236095420e-02
1.559509868907375903e+03 1.539661671296006784e-02
1.563581696241337795e+03 1.657002235691185099e-02
1.567653523575299687e+03 1.777384861834531773e-02
1.571725350909261351e+03 1.900841461831668383e-02
1.575797178243223243e+03 2.029151589679962023e-02
1.579869005577185135e+03 2.164821059228892036e-02
1.583940832911146799e+03 2.309676325732657257e-02
1.588012660245108691e+03 2.463726722292949867e-02
1.592084487579070583e+03 2.624937914796028615e-02
1.596156314913032247e+03 2.790248659392266517e-02
1.600228142246994139e+03 2.957633633655318284e-02
1.604299969580956031e+03 3.128464701204754228e-02
1.608371796914917695e+03 3.309091180330339665e-02
1.612443624248879587e+03 3.510630643683048530e-02
1.616515451582841479e+03 3.746476610044206790e-02
1.620587278916803143e+03 4.027849289953433498e-02
1.624659106250765035e+03 4.358556212094303467e-02
1.628730933584726927e+03 4.730661216350548481e-02
1.632802760918688818e+03 5.122735780368403713e-02
1.636874588252650483e+03 5.501728244354658903e-02
1.640946415586612375e+03 5.828405548045682838e-02
1.645018242920574266e+03 6.065150575187309989e-02
1.649090070254535931e+03 6.184046426280795372e-02
1.653161897588497823e+03 6.172964080917277274e-02
1.657233724922459714e+03 6.037893761553589367e-02
1.661305552256421379e+03 5.800864962572391259e-02
1.665377379590383271e+03 5.494120521566911441e-02
1.669449206924345162e+03 5.152304711279107052e-02
1.673521034258306827e+03 4.804935087645210295e-02
1.677592861592268719e+03 4.471203229310516392e-02
1.681664688926230610e+03 4.158297947609128353e-02
1.685736516260192275e+03 3.863282298640220713e-02
1.689808343594154167e+03 3.577485746681463574e-02
1.693880170928116058e+03 3.291737445205118739e-02
1.697951998262077723e+03 3.000731466703478872e-02
1.702023825596039615e+03 2.705325433246504735e-02
1.706095652930001506e+03 2.412395861139978240e-02
1.710167480263963171e+03 2.132693948592434899e-02
1.714239307597925063e+03 1.877693448862471221e-02
1.718311134931886954e+03 1.656559189659079570e-02
1.722382962265848619e+03 1.474115705807326968e-02
1.726454789599810510e+03 1.330215099923153302e-02
1.730526616933772402e+03 1.220398965653615372e-02
1.734598444267734067e+03 1.137395902920019033e-02
1.738670271601695958e+03 1.072877690017963459e-02
1.742742098935657850e+03 1.018993185910187574e-02
1.746813926269619515e+03 9.694150688735421462e-03
1.750885753603581406e+03 9.198559878366721621e-03
1.754957580937543298e+03 8.681541287556212433e-03
1.759029408271504963e+03 8.140685412632469795e-03
1.763101235605466854e+03 7.588911477200702832e-03
1.767173062939428746e+03 7.049308648112416822e-03
1.771244890273390411e+03 6.549030310933246987e-03
1.775316717607352302e+03 6.112793928633999604e-03
1.779388544941314194e+03 5.756998993136299043e-03
1.783460372275275859e+03 5.485780643531358407e-03
1.787532199609237750e+03 5.290132618746198716e-03
1.791604026943199642e+03 5.150487554955394606e-03
1.795675854277161307e+03 5.042075214709828071e-03
1.799747681611123198e+03 4.941428027025494135e-03
1.803819508945085090e+03 4.831989776481085234e-03
1.807891336279046754e+03 4.707108650483131547e-03
1.811963163613008646e+03 4.569646364051924148e-03
1.816034990946970538e+03 4.428635651125023900e-03
1.820106818280932202e+03 4.294402046973607411e-03
1.824178645614894094e+03 4.173974623551345541e-03
1.828250472948855986e+03 4.068335715444394013e-03
1.832322300282817650e+03 3.972265923542447376e-03
1.836394127616779542e+03 3.876571724016436744e-03
1.840465954950741434e+03 3.771705765257218033e-03
1.844537782284703098e+03 3.651448585596996088e-03
1.848609609618664990e+03 3.515461968157402878e-03
1.852681436952626882e+03 3.370015555991442199e-03
1.856753264286588546e+03 3.226803281744176043e-03
1.860825091620550438e+03 3.100290406552793070e-03
1.864896918954512330e+03 3.004339085386144304e-03
1.868968746288473994e+03 2.948931088812540777e-03
1.873040573622435886e+03 2.937696935166968226e-03
1.877112400956397778e+03 2.966749420716151449e-03
1.881184228290359442e+03 3.025063887197225552e-03
1.885256055624321334e+03 3.096372959083918200e-03
1.889327882958283226e+03 3.162261221578638228e-03
1.893399710292245118e+03 3.205880665499119715e-03
1.897471537626206782e+03 3.215514820779376802e-03
1.901543364960168674e+03 3.187169823834393179e-03
1.905615192294130566e+03 3.125519445347449236e-03
1.909687019628092230e+03 3.042880194580996692e-03
1.913758846962054122e+03 2.956371938067293721e-03
1.917830674296016014e+03 2.883900143840725360e-03
1.921902501629977678e+03 2.839931967959357165e-03
1.925974328963939570e+03 2.832119880856232702e-03
1.930046156297901462e+03 2.859620274241641332e-03
1.934117983631863126e+03 2.913516497682614413e-03
1.938189810965825018e+03 2.979210839930709117e-03
1.942261638299786910e+03 3.040149206433871536e-03
1.946333465633748574e+03 3.081916496113727005e-03
1.950405292967710466e+03 3.095666443307672211e-03
1.954477120301672358e+03 3.080035857419139659e-03
1.958548947635634022e+03 3.041087091248487976e-03
1.962620774969595914e+03 2.990327631696122149e-03
1.966692602303557805e+03 2.941352944706107555e-03
1.970764429637519470e+03 2.906028246582644664e-03
1.974836256971481362e+03 2.891267965043655980e-03
1.978908084305443253e+03 2.897334030971363602e-03
1.982979911639404918e+03 2.918167703475149383e-03
1.987051738973366810e+03 2.943683902035391150e-03
1.991123566307328701e+03 2.963349644457293191e-03
1.995195393641290366e+03 2.969928265939593415e-03
1.999267220975252258e+03 2.962160317110526780e-03
2.003339048309214149e+03 2.945441634831318621e-03
2.007410875643175814e+03 2.930188326676702853e-03
2.011482702977137706e+03 2.928357355935305890e-03
2.015554530311099597e+03 2.949255371637075733e-03
2.019626357645061262e+03 2.996070097901391838e-03
2.023698184979023154e+03 3.064364758174055632e-03
2.027770012312985045e+03 3.143129101773077961e-03
2.031841839646946710e+03 3.218095893310528657e-03
2.035913666980908602e+03 3.276225325644164209e-03
2.039985494314870493e+03 3.309831687590368381e-03
2.044057321648832158e+03 3.318943571046446654e-03
2.048129148982794050e+03 3.311115297407236750e-03
2.052200976316755714e+03 3.298813654041191264e-03
2.056272803650717833e+03 3.295353010483186365e-03
2.060344630984679497e+03 3.310828046291592122e-03
2.064416458318641162e+03 3.349425968676084282e-03
2.068488285652603281e+03 3.408928864476290337e-03
2.072560112986564945e+03 3.482373777535543308e-03
2.076631940320526610e+03 3.561053714000117932e-03
2.080703767654488729e+03 3.637614318824109426e-03
2.084775594988450393e+03 3.708076559715792198e-03
2.088847422322412058e+03 3.772140423161557225e-03
2.092919249656374177e+03 3.831868598163791495e-03
2.096991076990335841e+03 3.889505004825864667e-03
2.101062904324297506e+03 3.945491027367777070e-03
2.105134731658259625e+03 3.997592535212880424e-03
2.109206558992221289e+03 4.041522323690685016e-03
2.113278386326182954e+03 4.072765852399449528e-03
2.117350213660145073e+03 4.088777656489910213e-03
2.121422040994106737e+03 4.090534342134983375e-03
2.125493868328068402e+03 4.082680503201096232e-03
2.129565695662030521e+03 4.072082778847820744e-03
2.133637522995992185e+03 4.065278977055155826e-03
2.137709350329953850e+03 4.065801168960667469e-03
2.141781177663915969e+03 4.072462443813025176e-03
2.145853004997877633e+03 4.079374724439044538e-03
2.149924832331839298e+03 4.077826856490219566e-03
2.153996659665801417e+03 4.059438604438437084e-03
2.158068486999763081e+03 4.019488836554876467e-03
2.162140314333724746e+03 3.959194846091503364e-03
2.166212141667686865e+03 3.886047492461766791e-03
2.170283969001648529e+03 3.811970568235017662e-03
2.174355796335610194e+03 3.749835588618365828e-03
2.178427623669572313e+03 3.709451712560781975e-03
2.182499451003533977e+03 3.694354622966499087e-03
2.186571278337495642e+03 3.700466320131175386e-03
2.190643105671457761e+03 3.717080744874284859e-03
2.194714933005419425e+03 3.729865998103626835e-03
2.198786760339381090e+03 3.724927617583071761e-03
2.202858587673343209e+03 3.692665504204643671e-03
2.206930415007304873e+03 3.630272677454976157e-03
2.211002242341266538e+03 3.542208205093564776e-03
2.215074069675228657e+03 3.438646093549480726e-03
2.219145897009190321e+03 3.332520188827441804e-03
2.223217724343151986e+03 3.236149740489253478e-03
2.227289551677114105e+03 3.158442722953287967e-03
2.231361379011075769e+03 3.103367359058013461e-03
2.235433206345037433e+03 3.069898226926797823e-03
2.239505033678999553e+03 3.053170283923487167e-03
2.243576861012961217e+03 3.046272785157054866e-03
2.247648688346922881e+03 3.042061012867210319e-03
2.251720515680885001e+03 3.034528764333960585e-03
2.255792343014846665e+03 3.019561065849577126e-03
2.259864170348808329e+03 2.995141741870665369e-03
2.263935997682770449e+03 2.961225127910404979e-03
2.268007825016732113e+03 2.919468206469906860e-03
2.272079652350694232e+03 2.872906161622346306e-03
2.276151479684655897e+03 2.825531134858093926e-03
2.280223307018617561e+03 2.781684982307823170e-03
2.284295134352579680e+03 2.745237207378329984e-03
2.288366961686541345e+03 2.718658453196637001e-03
2.292438789020503009e+03 2.702238526313201390e-03
2.296510616354465128e+03 2.693748764082365237e-03
2.300582443688426793e+03 2.688762485065084376e-03
2.304654271022388457e+03 2.681640887999341485e-03
2.308726098356350576e+03 2.666943847057999875e-03
2.312797925690312240e+03 2.640842541849768195e-03
2.316869753024273905e+03 2.602080095241449814e-03
2.320941580358236024e+03 2.552171984077761767e-03
2.325013407692197688e+03 2.494808692255489312e-03
2.329085235026159353e+03 2.434711663211994864e-03
2.333157062360121472e+03 2.376382308703644045e-03
2.337228889694083136e+03 2.323195241530513593e-03
2.341300717028044801e+03 2.277117742823216509e-03
2.345372544362006920e+03 2.239060238961034302e-03
2.349444371695968584e+03 2.209594416652026303e-03
2.353516199029930249e+03 2.189628371644106869e-03
2.357588026363892368e+03 2.180661285612403490e-03
2.361659853697854032e+03 2.184436627285705687e-03
2.365731681031815697e+03 2.202088317996801683e-03
2.369803508365777816e+03 2.233113520707563117e-03
2.373875335699739480e+03 2.274611096236730558e-03
2.377947163033701145e+03 2.321155279289397692e-03
2.382018990367663264e+03 2.365459291825780866e-03
2.386090817701624928e+03 2.399708217570149793e-03
2.390162645035586593e+03 2.417208119021855423e-03
2.394234472369548712e+03 2.413890370577534937e-03
2.398306299703510376e+03 2.389256575875129459e-03
2.402378127037472041e+03 2.346522834268115719e-03
2.406449954371434160e+03 2.291954083311474599e-03
2.410521781705395824e+03 2.233590198678993537e-03
2.414593609039357489e+03 2.179694608712466099e-03
2.418665436373319608e+03 2.137279331067974859e-03
2.422737263707281272e+03 2.110991610139916451e-03
2.426809091041242937e+03 2.102525835012871835e-03
2.430880918375205056e+03 2.110594925226593182e-03
2.434952745709166720e+03 2.131391591468065772e-03
2.439024573043128385e+03 2.159406411651537943e-03
2.443096400377090504e+03 2.188443728877470084e-03
2.447168227711052168e+03 2.212675932086760958e-03
2.451240055045013833e+03 2.227589616593064238e-03
2.455311882378975952e+03 2.230697128331942530e-03
2.459383709712937616e+03 2.221914323611357510e-03
2.463455537046899281e+03 2.203543585808171584e-03
2.467527364380861400e+03 2.179852463863815766e-03
2.471599191714823064e+03 2.156300162922779318e-03
2.475671019048784729e+03 2.138528160972150323e-03
2.479742846382746848e+03 2.131284728529274017e-03
2.483814673716708512e+03 2.137482033747559879e-03
2.487886501050670176e+03 2.157577113211066322e-03
2.491958328384632296e+03 2.189418640540580913e-03
2.496030155718593960e+03 2.228613746709479787e-03
2.500101983052555624e+03 2.269357749436072720e-03
2.504173810386517744e+03 2.305559166569003809e-03
2.508245637720479408e+03 2.332012723349765129e-03
2.512317465054441072e+03 2.345351009549465245e-03
2.516389292388403192e+03 2.344554740916405481e-03
2.520461119722364856e+03 2.330915179544823263e-03
2.524532947056326520e+03 2.307490852236605654e-03
2.528604774390288640e+03 2.278239756678234439e-03
2.532676601724250304e+03 2.247092454747042986e-03
2.536748429058211968e+03 2.217231581194587312e-03
2.540820256392174088e+03 2.190758559188426581e-03
2.544892083726135752e+03 2.168788391532163948e-03
2.548963911060097416e+03 2.151868179318473621e-03
2.553035738394059535e+03 2.140515608246295731e-03
2.557107565728021200e+03 2.135652370550451037e-03
2.561179393061982864e+03 2.138765665510176852e-03
2.565251220395944983e+03 2.151739800367779166e-03
2.569323047729906648e+03 2.176414462801177802e-03
2.573394875063868312e+03 2.214005255488653463e-03
2.577466702397830431e+03 2.264545224859328826e-03
2.581538529731792096e+03 2.326479865647629753e-03
2.585610357065753760e+03 2.396498261509741323e-03
2.589682184399715879e+03 2.469638173970472271e-03
2.593754011733677544e+03 2.539677618834561019e-03
2.597825839067639208e+03 2.599812866767814163e-03
2.601897666401601327e+03 2.643600438432904421e-03
2.605969493735562992e+03 2.666087234433890847e-03
2.610041321069524656e+03 2.664966630842947708e-03
2.614113148403486775e+03 2.641506138602452494e-03
2.618184975737448440e+03 2.600943142838174973e-03
2.622256803071410104e+03 2.552088878552601428e-03
2.626328630405372223e+03 2.506039748526746498e-03
2.630400457739333888e+03 2.474144967872444686e-03
2.634472285073295552e+03 2.465647895284973391e-03
2.638544112407257671e+03 2.485606239541554574e-03
2.642615939741219336e+03 2.533715341934194686e-03
2.646687767075181000e+03 2.604470143290095723e-03
2.650759594409143119e+03 2.688739295571670324e-03
2.654831421743104784e+03 2.776392567462971500e-03
2.658903249077066448e+03 2.859261587699402259e-03
2.662975076411028567e+03 2.933554495645975761e-03
2.667046903744990232e+03 3.000958188078278396e-03
2.671118731078951896e+03 3.068029448299125148e-03
2.675190558412914015e+03 3.143992285443846044e-03
2.679262385746875680e+03 3.237561891330663702e-03
2.683334213080837344e+03 3.353742003531963618e-03
2.687406040414799463e+03 3.491581312743840919e-03
2.691477867748761128e+03 3.643606248947566743e-03
2.695549695082722792e+03 3.797151789547190993e-03
2.699621522416684911e+03 3.937243123343066656e-03
2.703693349750646576e+03 4.050218076483704313e-03
2.707765177084608240e+03 4.127068602096415489e-03
2.711837004418570359e+03 4.165583621579426431e-03
2.715908831752532024e+03 4.170757026964854591e-03
2.719980659086493688e+03 4.153455946766122439e-03
2.724052486420455807e+03 4.127850630938712483e-03
2.728124313754417472e+03 4.108425529042844873e-03
2.732196141088379136e+03 4.107425450136576936e-03
2.736267968422341255e+03 4.133344868766938331e-03
2.740339795756302919e+03 4.190643587224228417e-03
2.744411623090264584e+03 4.280429403951192466e-03
2.748483450424226703e+03 4.401550432990881598e-03
2.752555277758188367e+03 4.551489491978094257e-03
2.756627105092150032e+03 4.726656588730646785e-03
2.760698932426112151e+03 4.922040576471932612e-03
2.764770759760073815e+03 5.130553185277999043e-03
2.768842587094035935e+03 5.342622213047027932e-03
2.772914414427997599e+03 5.546569638847189884e-03
2.776986241761959263e+03 5.730045657619527860e-03
2.781058069095921383e+03 5.882377892572961987e-03
2.785129896429883047e+03 5.997290831089574503e-03
2.789201723763844711e+03 6.075206819593897620e-03
2.793273551097806831e+03 6.124351774951525794e-03
2.797345378431768495e+03 6.160161296184411134e-03
2.801417205765730159e+03 6.202934122199466049e-03
2.805489033099692278e+03 6.274173524393970164e-03
2.809560860433653943e+03 6.392449413732606903e-03
2.813632687767615607e+03 6.569795632524026013e-03
2.817704515101577726e+03 6.809578470372269071e-03
2.821776342435539391e+03 7.106448139905878134e-03
2.825848169769501055e+03 7.448483372365886923e-03
2.829919997103463174e+03 7.821068666331372488e-03
2.833991824437424839e+03 8.211536423806616719e-03
2.838063651771386503e+03 8.613300173260680925e-03
2.842135479105348622e+03 9.028216217368184582e-03
2.846207306439310287e+03 9.466295026681413594e-03
2.850279133773271951e+03 9.942596329236708802e-03
2.854350961107234070e+03 1.047201813865815227e-02
2.858422788441195735e+03 1.106346450188843214e-02
2.862494615775157399e+03 1.171525592468372796e-02
2.866566443109119518e+03 1.241341906707829970e-02
2.870638270443081183e+03 1.313363898583661676e-02
2.874710097777042847e+03 1.384640543257215084e-02
2.878781925111004966e+03 1.452366779597487334e-02
2.882853752444966631e+03 1.514462708845171202e-02
2.886925579778928295e+03 1.569849371816157274e-02
2.890997407112890414e+03 1.618316167520387691e-02
2.895069234446852079e+03 1.660043707199471835e-02
2.899141061780813743e+03 1.695005780026449457e-02
2.903212889114775862e+03 1.722554264510967742e-02
2.907284716448737527e+03 1.741445463772668678e-02
2.911356543782699191e+03 1.750398599584322701e-02
2.915428371116661310e+03 1.749044343651624811e-02
2.919500198450622975e+03 1.738916415709115121e-02
2.923572025784584639e+03 1.724054814374976347e-02
2.927643853118546758e+03 1.710876221114989576e-02
2.931715680452508423e+03 1.707208489026310408e-02
2.935787507786470087e+03 1.720697284934673971e-02
2.939859335120432206e+03 1.757052008402494592e-02
2.943931162454393871e+03 1.818695205538484877e-02
2.948002989788355535e+03 1.904264995007427103e-02
2.952074817122317654e+03 2.009128993411880837e-02
2.956146644456279319e+03 2.126711347594932577e-02
2.960218471790240983e+03 2.250153660326946470e-02
2.964290299124203102e+03 2.373739664092618107e-02
2.968362126458164767e+03 2.493648389027202858e-02
2.972433953792126431e+03 2.607901843514886381e-02
2.976505781126088550e+03 2.715710131292520257e-02
2.980577608460050214e+03 2.816643854608725378e-02
2.984649435794011879e+03 2.910084644708969132e-02
2.988721263127973998e+03 2.995217031516478681e-02
2.992793090461935662e+03 3.071521316334880833e-02
2.996864917795897327e+03 3.139454086735440907e-02
3.000936745129859446e+03 3.200893127090491397e-02
3.005008572463821110e+03 3.259032614735457578e-02
3.009080399797782775e+03 3.317693159928745972e-02
3.013152227131744894e+03 3.380324969674008279e-02
3.017224054465706558e+03 3.449173490590895508e-02
3.021295881799668223e+03 3.525040040315696732e-02
3.025367709133630342e+03 3.607806509649558180e-02
3.029439536467592006e+03 3.697516946710564800e-02
3.033511363801553671e+03 3.795497825207863607e-02
3.037583191135515790e+03 3.904913468862031972e-02
3.041655018469477454e+03 4.030357142986565333e-02
3.045726845803439119e+03 4.176500498125595984e-02
3.049798673137401238e+03 4.346281715624589204e-02
3.053870500471362902e+03 4.539390141924253691e-02
3.057942327805324567e+03 4.751753636106678669e-02
3.062014155139286686e+03 4.976348638607593772e-02
3.066085982473248350e+03 5.205084323362940690e-02
3.070157809807210015e+03 5.431012992583954258e-02
3.074229637141172134e+03 5.649930858003092415e-02
3.078301464475133798e+03 5.860673719216603905e-02
3.082373291809095463e+03 6.064006937722663665e-02
3.086445119143057582e+03 6.260709665106832522e-02
3.090516946477019246e+03 6.449934023979612963e-02
3.094588773810980911e+03 6.628921716217950344e-02
3.098660601144943030e+03 6.794617374685389677e-02
3.102732428478904694e+03 6.946809209986520850e-02
3.106804255812866359e+03 7.091525022752316609e-02
3.110876083146828478e+03 7.242935912703279966e-02
3.114947910480790142e+03 7.422259448222158496e-02
3.119019737814751807e+03 7.653122896491305893e-02
3.123091565148713926e+03 7.954246289251214186e-02
3.127163392482675590e+03 8.331612194932730420e-02
3.131235219816637255e+03 8.772950939874323006e-02
3.135307047150599374e+03 9.247026888667425615e-02
3.139378874484561038e+03 9.708862911190080380e-02
3.143450701818522703e+03 1.011008136465399720e-01
3.147522529152484822e+03 1.041164272583506301e-01
3.151594356486446486e+03 1.059513940185942971e-01
3.155666183820408150e+03 1.066893440803247939e-01
3.159738011154370270e+03 1.066687520978060189e-01
3.163809838488331934e+03 1.063963695896143757e-01
3.167881665822293598e+03 1.064118330979131333e-01
3.171953493156255718e+03 1.071452236509254363e-01
3.176025320490217382e+03 1.088125355175072195e-01
3.180097147824179046e+03 1.113818754801421118e-01
3.184168975158141166e+03 1.146195566204970123e-01
3.188240802492102830e+03 1.181980758131647713e-01
3.192312629826064494e+03 1.218267168744535667e-01
3.196384457160026614e+03 1.253577456508665755e-01
3.200456284493988278e+03 1.288297844004908099e-01
3.204528111827949942e+03 1.324321759442509405e-01
3.208599939161912062e+03 1.364023841612452270e-01
3.212671766495873726e+03 1.408929710882172448e-01
3.216743593829835390e+03 1.458569144267174988e-01
3.220815421163797510e+03 1.509956368529589699e-01
3.224887248497759174e+03 1.557944254134931428e-01
3.228959075831720838e+03 1.596414100493421251e-01
3.233030903165682957e+03 1.619983458777688456e-01
3.237102730499644622e+03 1.625732286328302190e-01
3.241174557833606286e+03 1.614421029073349334e-01
3.245246385167568405e+03 1.590810316308347294e-01
3.249318212501530070e+03 1.562946510972881287e-01
3.253390039835491734e+03 1.540570654721781507e-01
3.257461867169453853e+03 1.533051949678257697e-01
3.261533694503415518e+03 1.547371498475609286e-01
3.265605521837377637e+03 1.586657198661760304e-01
3.269677349171339301e+03 1.649611292342654523e-01
3.273749176505300966e+03 1.730930194729410621e-01
3.277821003839263085e+03 1.822562962394385089e-01
3.281892831173224749e+03 1.915458397330859208e-01
3.285964658507186414e+03 2.001358270144230345e-01
3.290036485841148533e+03 2.074220736333552140e-01
3.294108313175110197e+03 2.130986687340257202e-01
3.298180140509071862e+03 2.171591039087801267e-01
3.302251967843033981e+03 2.198317736305238634e-01
3.306323795176995645e+03 2.214750896271845959e-01
3.310395622510957310e+03 2.224648760439900119e-01
3.314467449844919429e+03 2.231047807578825370e-01
3.318539277178881093e+03 2.235801970623825241e-01
3.322611104512842758e+03 2.239608544947433444e-01
3.326682931846804877e+03 2.242413974965973555e-01
3.330754759180766541e+03 2.243977124444766769e-01
3.334826586514728206e+03 2.244331318350303861e-01
3.338898413848690325e+03 2.243942670400211337e-01
3.342970241182651989e+03 2.243494766736891521e-01
3.347042068516613654e+03 2.243395143509047118e-01
3.351113895850575773e+03 2.243238024524657481e-01
3.355185723184537437e+03 2.241514598951387660e-01
3.359257550518499102e+03 2.235804761183853018e-01
3.363329377852461221e+03 2.223519714198510799e-01
3.367401205186422885e+03 2.203041955303988719e-01
3.371473032520384550e+03 2.174906037152980753e-01
3.375544859854346669e+03 2.142562157751299878e-01
3.379616687188308333e+03 2.112320512314322940e-01
3.383688514522269998e+03 2.092291647521140885e-01
3.387760341856232117e+03 2.090461301174222908e-01
3.391832169190193781e+03 2.112365164189172473e-01
3.395903996524155446e+03 2.159042802872815914e-01
3.399975823858117565e+03 2.225960332367302175e-01
3.404047651192079229e+03 2.303370374354742345e-01
3.408119478526040893e+03 2.378176109820069606e-01
3.412191305860003013e+03 2.436902431377023226e-01
3.416263133193964677e+03 2.469001355956687016e-01
3.420334960527926341e+03 2.469562081232067607e-01
3.424406787861888461e+03 2.440623545777055037e-01
3.428478615195850125e+03 2.390672088818044660e-01
3.432550442529811789e+03 2.332434618451200148e-01
3.436622269863773909e+03 2.279583038978271747e-01
3.440694097197735573e+03 2.243286570261745494e-01
3.444765924531697237e+03 2.229581577182032093e-01
3.448837751865659357e+03 2.238264262304226759e-01
3.452909579199621021e+03 2.263538052445039361e-01
3.456981406533582685e+03 2.296119752738442210e-01
3.461053233867544805e+03 2.326095480014606642e-01
3.465125061201506469e+03 2.345644843764312371e-01
3.469196888535468133e+03 2.350861733761118455e-01
3.473268715869430252e+03 2.342239765655954875e-01
3.477340543203391917e+03 2.323835065013777346e-01
3.481412370537353581e+03 2.301517717714379740e-01
3.485484197871315700e+03 2.280951614145553807e-01
3.489556025205277365e+03 2.265943242407887914e-01
3.493627852539239029e+03 2.257597169726477948e-01
3.497699679873201148e+03 2.254399541025436937e-01
3.501771507207162813e+03 2.253039928542653059e-01
3.505843334541124477e+03 2.249580004870990746e-01
3.509915161875086596e+03 2.240538378598664893e-01
3.513986989209048261e+03 2.223574432634531639e-01
3.518058816543009925e+03 2.197657159698288565e-01
3.522130643876972044e+03 2.162810920829031924e-01
3.526202471210933709e+03 2.119662729219066732e-01
3.530274298544895373e+03 2.069036871908150332e-01
3.534346125878857492e+03 2.011761866404935817e-01
3.538417953212819157e+03 1.948719667180389137e-01
3.542489780546780821e+03 1.881040749622304165e-01
3.546561607880742940e+03 1.810283090023503128e-01
3.550633435214704605e+03 1.738449480149768522e-01
3.554705262548666269e+03 1.667781476220288883e-01
3.558777089882628388e+03 1.600378356969472948e-01
3.562848917216590053e+03 1.537776841856315913e-01
3.566920744550551717e+03 1.480655683107890419e-01
3.570992571884513836e+03 1.428788426333405526e-01
3.575064399218475501e+03 1.381275770902855027e-01
3.579136226552437165e+03 1.336983466374014606e-01
3.583208053886399284e+03 1.295033536538708341e-01
3.587279881220360949e+03 1.255174606845800012e-01
3.591351708554322613e+03 1.217897920760508401e-01
3.595423535888284732e+03 1.184252988331452455e-01
3.599495363222246397e+03 1.155418955538768389e-01
3.603567190556208061e+03 1.132169733661059358e-01
3.607639017890170180e+03 1.114406619546308708e-01
3.611710845224131845e+03 1.100912250173925605e-01
3.615782672558093509e+03 1.089413120988273476e-01
3.619854499892055628e+03 1.076947035898277727e-01
3.623926327226017293e+03 1.060444670519287702e-01
3.627998154559978957e+03 1.037375563764786207e-01
3.632069981893941076e+03 1.006293075220047045e-01
3.636141809227902741e+03 9.671420649218807897e-02
3.640213636561864405e+03 9.212570975703730791e-02
3.644285463895826524e+03 8.710592971728524370e-02
3.648357291229788189e+03 8.195349514943892077e-02
3.652429118563749853e+03 7.696294101073480887e-02
3.656500945897711972e+03 7.237036262521323593e-02
3.660572773231673636e+03 6.831756443732128758e-02
3.664644600565635301e+03 6.484135446691993709e-02
3.668716427899597420e+03 6.188761093192124418e-02
3.672788255233559084e+03 5.934328192752845454e-02
3.676860082567520749e+03 5.707538554123741531e-02
3.680931909901482868e+03 5.496543790406566155e-02
3.685003737235444532e+03 5.293056087945792465e-02
3.689075564569406197e+03 5.092773823827698165e-02
3.693147391903368316e+03 4.894349423149896294e-02
3.697219219237329980e+03 4.697572956650722387e-02
3.701291046571291645e+03 4.501617024651321380e-02
3.705362873905253764e+03 4.304048037192498288e-02
3.709434701239215428e+03 4.100929935716855768e-02
3.713506528573177093e+03 3.887884393606021172e-02
3.717578355907139212e+03 3.661603543809643924e-02
3.721650183241100876e+03 3.421168314663503018e-02
3.725722010575062541e+03 3.168644905107596832e-02
3.729793837909024660e+03 2.908747916118731985e-02
3.733865665242986324e+03 2.647733231779789143e-02
3.737937492576947989e+03 2.391965275531727358e-02
3.742009319910910108e+03 2.146687471002287073e-02
3.746081147244871772e+03 1.915393524667559355e-02
3.750152974578833437e+03 1.699920411487673352e-02
3.754224801912795556e+03 1.501085350177612347e-02
3.758296629246757220e+03 1.319491841623203487e-02
3.762368456580718885e+03 1.156106216957721727e-02
3.766440283914681004e+03 1.012351115851447755e-02
3.770512111248642668e+03 8.897014405143222754e-03
3.774583938582604787e+03 7.889938737271921451e-03
3.778655765916566452e+03 7.097795009708493183e-03
3.782727593250528116e+03 6.500191569589958314e-03
3.786799420584490235e+03 6.062669011268139764e-03
3.790871247918451900e+03 5.742825119996311511e-03
3.794943075252413564e+03 5.498477781430061162e-03
3.799014902586375683e+03 5.294986193056051837e-03
3.803086729920337348e+03 5.109418770753075198e-03
3.807158557254299012e+03 4.930671980548156745e-03
3.811230384588261131e+03 4.756246231293253211e-03
3.815302211922222796e+03 4.587506124492711154e-03
3.819374039256184460e+03 4.425500129932734457e-03
3.823445866590146579e+03 4.268803997114779467e-03
3.827517693924108244e+03 4.113751041373066991e-03
3.831589521258069908e+03 3.956344263497256659e-03
3.835661348592032027e+03 3.794548422138438806e-03
3.839733175925993692e+03 3.629713726079810548e-03
3.843805003259955356e+03 3.466465516821167631e-03
3.847876830593917475e+03 3.311177994760351566e-03
3.851948657927879140e+03 3.169769378974547722e-03
3.856020485261840804e+03 3.045770578827667815e-03
3.860092312595802923e+03 2.939398986720372260e-03
3.864164139929764588e+03 2.847873778781681402e-03
3.868235967263726252e+03 2.766691218791355635e-03
3.872307794597688371e+03 2.691257829683861395e-03
3.876379621931650036e+03 2.618253876028588285e-03
3.880451449265611700e+03 2.546324128417734763e-03
3.884523276599573819e+03 2.476024587255071241e-03
3.888595103933535484e+03 2.409233349262416939e-03
3.892666931267497148e+03 2.348358562805040028e-03
3.896738758601459267e+03 2.295634591502275501e-03
3.900810585935420931e+03 2.252653844032055479e-03
3.904882413269382596e+03 2.220130983534502386e-03
3.908954240603344715e+03 2.197812032790799099e-03
3.913026067937306379e+03 2.184445197566759096e-03
3.917097895271268044e+03 2.177793971272417878e-03
3.921169722605230163e+03 2.174741595630137227e-03
3.925241549939191827e+03 2.171561908059969903e-03
3.929313377273153492e+03 2.164397820922542379e-03
3.933385204607115611e+03 2.149911632895474753e-03
3.937457031941077275e+03 2.125987772183016936e-03
3.941528859275038940e+03 2.092315203067801697e-03
3.945600686609001059e+03 2.050674935917872442e-03
3.949672513942962723e+03 2.004808993841407025e-03
3.953744341276924388e+03 1.959836565381524540e-03
3.957816168610886507e+03 1.921289773777123608e-03
3.961887995944848171e+03 1.893943549340290199e-03
3.965959823278809836e+03 1.880690258379104102e-03
3.970031650612771955e+03 1.881739113918340801e-03
3.974103477946733619e+03 1.894384618059422910e-03
3.978175305280695284e+03 1.913478833436503979e-03
3.982247132614657403e+03 1.932570439770969848e-03
3.986318959948619067e+03 1.945476663686593766e-03
3.990390787282580732e+03 1.947891406420139068e-03
3.994462614616542851e+03 1.938567816642553909e-03
3.998534441950504515e+03 1.919688594214413475e-03
