4.071827333961817175e+00 1.778830116930283072e-03
8.143654667923634349e+00 1.864769534014180160e-03
1.221548200188545152e+01 2.002429404211761733e-03
1.628730933584726870e+01 2.184995372437167818e-03
2.035913666980908587e+01 2.405373577646265169e-03
2.443096400377090305e+01 2.657421363586223283e-03
2.850279133773272022e+01 2.936396012931910722e-03
3.257461867169453740e+01 3.238534998440054970e-03
3.664644600565635812e+01 3.560067036407049777e-03
4.071827333961817175e+01 3.896201228105882017e-03
4.479010067357999247e+01 4.240648818875288398e-03
4.886192800754180610e+01 4.586003714548802027e-03
5.293375534150362682e+01 4.924951823422351466e-03
5.700558267546544045e+01 5.251954533930375257e-03
6.107741000942726117e+01 5.564894123407420484e-03
6.514923734338907479e+01 5.866229648940700370e-03
6.922106467735089552e+01 6.163436499364681985e-03
7.329289201131271625e+01 6.468762097321367407e-03
7.736471934527452277e+01 6.798487639473160815e-03
8.143654667923634349e+01 7.171868942620139575e-03
8.550837401319816422e+01 7.609770732190259020e-03
8.958020134715998495e+01 8.132832125555759795e-03
9.365202868112179146e+01 8.758959544172682798e-03
9.772385601508361219e+01 9.500133849655086754e-03
1.017956833490454329e+02 1.035891679949501806e-02
1.058675106830072536e+02 1.132549147038528978e-02
1.099393380169690602e+02 1.237633937123181274e-02
1.140111653509308809e+02 1.347553816755678834e-02
1.180829926848927016e+02 1.457908752170498055e-02
1.221548200188545223e+02 1.564176094522324451e-02
1.262266473528163289e+02 1.662503771210017273e-02
1.302984746867781496e+02 1.750406160173959697e-02
1.343703020207399561e+02 1.827159660855234846e-02
1.384421293547017910e+02 1.893768684144319508e-02
1.425139566886635976e+02 1.952499042999446613e-02
1.465857840226254325e+02 2.006113256920856805e-02
1.506576113565872390e+02 2.057041706225172864e-02
1.547294386905490455e+02 2.106746244809863319e-02
1.588012660245108805e+02 2.155466786971414056e-02
1.628730933584726870e+02 2.202407385246853491e-02
1.669449206924344935e+02 2.246263692979338228e-02
1.710167480263963284e+02 2.285874984582994887e-02
1.750885753603581350e+02 2.320745409887580227e-02
1.791604026943199699e+02 2.351235674951173554e-02
1.832322300282817764e+02 2.378356907666829070e-02
1.873040573622435829e+02 2.403253946212809827e-02
1.913758846962054179e+02 2.426586962862740601e-02
1.954477120301672244e+02 2.448062307634401788e-02
1.995195393641290309e+02 2.466310119309005761e-02
2.035913666980908658e+02 2.479178028941005779e-02
2.076631940320526724e+02 2.484355503950235258e-02
2.117350213660145073e+02 2.480119639063536538e-02
2.158068486999763138e+02 2.465945561892131724e-02
2.198786760339381203e+02 2.442769159042009267e-02
2.239505033678999553e+02 2.412808583455335748e-02
2.280223307018617618e+02 2.378999861470009955e-02
2.320941580358235683e+02 2.344227849279602663e-02
2.361659853697854032e+02 2.310594468123349995e-02
2.402378127037472098e+02 2.278944466472175578e-02
2.443096400377090447e+02 2.248777359834754075e-02
2.483814673716708512e+02 2.218548008219267328e-02
2.524532947056326577e+02 2.186241418495141198e-02
2.565251220395944642e+02 2.150036347878477722e-02
2.605969493735562992e+02 2.108864683863961170e-02
2.646687767075181341e+02 2.062724342090930044e-02
2.687406040414799122e+02 2.012689619615165917e-02
2.728124313754417472e+02 1.960653864880803135e-02
2.768842587094035821e+02 1.908907618474658258e-02
2.809560860433653602e+02 1.859685024002221548e-02
2.850279133773271951e+02 1.814800330956153201e-02
2.890997407112890301e+02 1.775454396360080442e-02
2.931715680452508650e+02 1.742234189935707930e-02
2.972433953792126431e+02 1.715272898896314305e-02
3.013152227131744780e+02 1.694497268009206858e-02
3.053870500471363130e+02 1.679870023365339499e-02
3.094588773810980911e+02 1.671541166291040312e-02
3.135307047150599260e+02 1.669850638174173382e-02
3.176025320490217609e+02 1.675170345696992691e-02
3.216743593829835390e+02 1.687625954852454979e-02
3.257461867169453740e+02 1.706785233384805131e-02
3.298180140509072089e+02 1.731426014345402789e-02
3.338898413848689870e+02 1.759491686357179258e-02
3.379616687188308219e+02 1.788301237495747154e-02
3.420334960527926569e+02 1.815010646728283314e-02
3.461053233867544918e+02 1.837240288513612707e-02
3.501771507207162699e+02 1.853713896794510416e-02
3.542489780546781049e+02 1.864723511266424411e-02
3.583208053886399398e+02 1.872257883393885214e-02
3.623926327226017179e+02 1.879709268075113390e-02
3.664644600565635528e+02 1.891187260791681729e-02
3.705362873905253878e+02 1.910585947399244533e-02
3.746081147244871659e+02 1.940635049499635917e-02
3.786799420584490008e+02 1.982187529647789354e-02
3.827517693924108357e+02 2.033944070106850216e-02
3.868235967263726138e+02 2.092700998643073212e-02
3.908954240603344488e+02 2.154065108536472664e-02
3.949672513942962837e+02 2.213449419012485445e-02
3.990390787282580618e+02 2.267087866093284165e-02
4.031109060622198967e+02 2.312807340565801312e-02
4.071827333961817317e+02 2.350371358387659190e-02
4.112545607301435666e+02 2.381336166844225805e-02
4.153263880641053447e+02 2.408497140896927874e-02
4.193982153980671796e+02 2.435108940662821311e-02
4.234700427320290146e+02 2.464107055230809612e-02
4.275418700659907927e+02 2.497532288020664487e-02
4.316136973999526276e+02 2.536277684562385920e-02
4.356855247339144626e+02 2.580170400856558049e-02
4.397573520678762407e+02 2.628305242336765810e-02
4.438291794018380756e+02 2.679490693075026186e-02
4.479010067357999105e+02 2.732664118929499161e-02
4.519728340697616886e+02 2.787173222216702759e-02
4.560446614037235236e+02 2.842884089301580056e-02
4.601164887376853585e+02 2.900135939146495853e-02
4.641883160716471366e+02 2.959598493660953872e-02
4.682601434056089715e+02 3.022092493708785493e-02
4.723319707395708065e+02 3.088414451543864889e-02
4.764037980735326414e+02 3.159179873973351482e-02
4.804756254074944195e+02 3.234682194224763885e-02
4.845474527414562544e+02 3.314766917551991571e-02
4.886192800754180894e+02 3.398739051157644020e-02
4.926911074093798675e+02 3.485343035381824328e-02
4.967629347433417024e+02 3.572860687720537387e-02
5.008347620773035374e+02 3.659352264252078990e-02
5.049065894112653154e+02 3.743019607354040185e-02
5.089784167452271504e+02 3.822613871395621338e-02
5.130502440791889285e+02 3.897768023843488361e-02
5.171220714131508203e+02 3.969129552988275023e-02
5.211938987471125984e+02 4.038212635700577646e-02
5.252657260810743765e+02 4.106973257307518915e-02
5.293375534150362682e+02 4.177208746264397116e-02
5.334093807489980463e+02 4.249958520086905694e-02
5.374812080829598244e+02 4.325103392296865412e-02
5.415530354169217162e+02 4.401312203826084068e-02
5.456248627508834943e+02 4.476377773281662448e-02
5.496966900848452724e+02 4.547853430770172622e-02
5.537685174188071642e+02 4.613792734688153957e-02
5.578403447527689423e+02 4.673349338946174159e-02
5.619121720867307204e+02 4.727031427730313956e-02
5.659839994206926121e+02 4.776516195570564699e-02
5.700558267546543902e+02 4.824077827789868822e-02
5.741276540886162820e+02 4.871816061722818170e-02
5.781994814225780601e+02 4.920944265144149010e-02
5.822713087565398382e+02 4.971379810378968866e-02
5.863431360905017300e+02 5.021779976682298058e-02
5.904149634244635081e+02 5.070017619358251071e-02
5.944867907584252862e+02 5.113943475301150482e-02
5.985586180923871780e+02 5.152186240671241535e-02
6.026304454263489561e+02 5.184728938013125760e-02
6.067022727603107342e+02 5.213073106012040825e-02
6.107741000942726259e+02 5.239934652728576309e-02
6.148459274282344040e+02 5.268561762999265236e-02
6.189177547621961821e+02 5.301878400677915992e-02
6.229895820961580739e+02 5.341702535627705639e-02
6.270614094301198520e+02 5.388256008288603432e-02
6.311332367640816301e+02 5.440088190523726525e-02
6.352050640980435219e+02 5.494412029997097768e-02
6.392768914320053000e+02 5.547738303385164882e-02
6.433487187659670781e+02 5.596624246388261226e-02
6.474205460999289699e+02 5.638341732498129005e-02
6.514923734338907479e+02 5.671313789654701398e-02
6.555642007678525260e+02 5.695246648004086143e-02
6.596360281018144178e+02 5.710970477191033151e-02
6.637078554357761959e+02 5.720070405667291441e-02
6.677796827697379740e+02 5.724424731431702190e-02
6.718515101036998658e+02 5.725766461485855968e-02
6.759233374376616439e+02 5.725355590310754472e-02
6.799951647716234220e+02 5.723807230848607791e-02
6.840669921055853138e+02 5.721079492260202487e-02
6.881388194395470919e+02 5.716594910217096676e-02
6.922106467735089836e+02 5.709453537178349469e-02
6.962824741074707617e+02 5.698691770239874138e-02
7.003543014414325398e+02 5.683542952751138161e-02
7.044261287753944316e+02 5.663658782745204651e-02
7.084979561093562097e+02 5.639253070695261771e-02
7.125697834433179878e+02 5.611133874027466467e-02
7.166416107772798796e+02 5.580601186092470911e-02
7.207134381112416577e+02 5.549208825042374615e-02
7.247852654452034358e+02 5.518420326338095011e-02
7.288570927791653276e+02 5.489222999597846708e-02
7.329289201131271057e+02 5.461790629285416532e-02
7.370007474470888837e+02 5.435291378082798136e-02
7.410725747810507755e+02 5.407915313912414756e-02
7.451444021150125536e+02 5.377146386949435003e-02
7.492162294489743317e+02 5.340237853223093328e-02
7.532880567829362235e+02 5.294787446232076394e-02
7.573598841168980016e+02 5.239270502140140617e-02
7.614317114508597797e+02 5.173391444492845409e-02
7.655035387848216715e+02 5.098159753123789051e-02
7.695753661187834496e+02 5.015673853755422268e-02
7.736471934527452277e+02 4.928681122239358947e-02
7.777190207867071194e+02 4.840045989298843998e-02
7.817908481206688975e+02 4.752278588055747210e-02
7.858626754546306756e+02 4.667245926957511171e-02
7.899345027885925674e+02 4.586116990295995011e-02
7.940063301225543455e+02 4.509508279611503662e-02
7.980781574565161236e+02 4.437728555881584325e-02
8.021499847904780154e+02 4.370996020123551346e-02
8.062218121244397935e+02 4.309526733192818593e-02
8.102936394584015716e+02 4.253458595757457494e-02
8.143654667923634634e+02 4.202653716910008386e-02
8.184372941263252415e+02 4.156481279517430794e-02
8.225091214602871332e+02 4.113698526854619314e-02
8.265809487942490250e+02 4.072512435642823558e-02
8.306527761282106894e+02 4.030832906429935442e-02
8.347246034621726949e+02 3.986649081118283366e-02
8.387964307961343593e+02 3.938406394606407124e-02
8.428682581300961374e+02 3.885256027228106007e-02
8.469400854640580292e+02 3.827094019242624490e-02
8.510119127980199210e+02 3.764386854615980188e-02
8.550837401319815854e+02 3.697862103730568950e-02
8.591555674659433635e+02 3.628193662237721995e-02
8.632273947999052552e+02 3.555810250919558962e-02
8.672992221338670333e+02 3.480902873468223052e-02
8.713710494678289251e+02 3.403622573794452821e-02
8.754428768017908169e+02 3.324377587015299451e-02
8.795147041357524813e+02 3.244091777411131639e-02
8.835865314697144868e+02 3.164293390487288304e-02
8.876583588036761512e+02 3.086962656005078770e-02
8.917301861376379293e+02 3.014156332839137281e-02
8.958020134715998211e+02 2.947513052217846236e-02
8.998738408055617128e+02 2.887793168338551042e-02
9.039456681395233772e+02 2.834602589482969684e-02
9.080174954734851553e+02 2.786394018399809130e-02
9.120893228074470471e+02 2.740752335620469382e-02
9.161611501414088252e+02 2.694884826353076759e-02
9.202329774753707170e+02 2.646180894687909929e-02
9.243048048093326088e+02 2.592696450492375931e-02
9.283766321432942732e+02 2.533454055069754227e-02
9.324484594772562787e+02 2.468514072346137539e-02
9.365202868112179431e+02 2.398839420009064166e-02
9.405921141451797212e+02 2.326024229670185101e-02
9.446639414791416129e+02 2.251972578443175652e-02
9.487357688131035047e+02 2.178599098386689234e-02
9.528075961470652828e+02 2.107591602193247676e-02
9.568794234810269472e+02 2.040244088080819806e-02
9.609512508149888390e+02 1.977350161097340270e-02
9.650230781489506171e+02 1.919146437776161548e-02
9.690949054829125089e+02 1.865307272902964192e-02
9.731667328168744007e+02 1.815004340852167941e-02
9.772385601508361788e+02 1.767045685180714670e-02
9.813103874847980705e+02 1.720093658235381101e-02
9.853822148187597350e+02 1.672933815274832425e-02
9.894540421527215130e+02 1.624739097470069213e-02
9.935258694866834048e+02 1.575259686954699756e-02
9.975976968206452966e+02 1.524878588193354090e-02
1.001669524154607075e+03 1.474506799147335886e-02
1.005741351488568739e+03 1.425339981693269156e-02
1.009813178822530631e+03 1.378543932960306882e-02
1.013885006156492409e+03 1.334961610379840034e-02
1.017956833490454301e+03 1.294929328178919328e-02
1.022028660824416193e+03 1.258254570335252953e-02
1.026100488158377857e+03 1.224354540719509686e-02
1.030172315492339749e+03 1.192501946006349969e-02
1.034244142826301641e+03 1.162091245038299539e-02
1.038315970160263305e+03 1.132836105397214133e-02
1.042387797494225197e+03 1.104837037352975580e-02
1.046459624828187088e+03 1.078505914950773394e-02
1.050531452162148753e+03 1.054383516819849299e-02
1.054603279496110645e+03 1.032919794092094015e-02
1.058675106830072536e+03 1.014293558518293212e-02
1.062746934164034201e+03 9.983283057812496891e-03
1.066818761497996093e+03 9.845233616356792103e-03
1.070890588831957984e+03 9.721794050360445597e-03
1.074962416165919649e+03 9.605691112972759155e-03
1.079034243499881541e+03 9.490957426039069861e-03
1.083106070833843432e+03 9.373951042704414816e-03
1.087177898167805097e+03 9.253619466833319651e-03
1.091249725501766989e+03 9.131093838927694523e-03
1.095321552835728880e+03 9.008889770153788792e-03
1.099393380169690545e+03 8.890043748065675627e-03
1.103465207503652437e+03 8.777436370502114671e-03
1.107537034837614328e+03 8.673403675096624105e-03
1.111608862171575993e+03 8.579591632324801154e-03
1.115680689505537885e+03 8.496926604208148923e-03
1.119752516839499776e+03 8.425577887982413361e-03
1.123824344173461441e+03 8.364857713532018041e-03
1.127896171507423333e+03 8.313093636196989752e-03
1.131967998841385224e+03 8.267570793646501076e-03
1.136039826175347116e+03 8.224648971919308257e-03
1.140111653509308780e+03 8.180112389636040246e-03
1.144183480843270672e+03 8.129732704333928611e-03
1.148255308177232564e+03 8.069951283745992535e-03
1.152327135511194228e+03 7.998542096369727281e-03
1.156398962845156120e+03 7.915112575379665977e-03
1.160470790179118012e+03 7.821331378140450319e-03
1.164542617513079676e+03 7.720824973163153623e-03
1.168614444847041568e+03 7.618745026568435504e-03
1.172686272181003460e+03 7.521066081034290252e-03
1.176758099514965124e+03 7.433722801690891002e-03
1.180829926848927016e+03 7.361732988500646960e-03
1.184901754182888908e+03 7.308468142677075272e-03
1.188973581516850572e+03 7.275216928250538215e-03
1.193045408850812464e+03 7.261131779674025524e-03
1.197117236184774356e+03 7.263560651321832040e-03
1.201189063518736020e+03 7.278666104736356349e-03
1.205260890852697912e+03 7.302156040027969405e-03
1.209332718186659804e+03 7.329926931873923142e-03
1.213404545520621468e+03 7.358466935754244195e-03
1.217476372854583360e+03 7.384969960431303840e-03
1.221548200188545252e+03 7.407232661221577197e-03
1.225620027522506916e+03 7.423491670128806556e-03
1.229691854856468808e+03 7.432366665463582822e-03
1.233763682190430700e+03 7.432997199469842768e-03
1.237835509524392364e+03 7.425329778680067952e-03
1.241907336858354256e+03 7.410389070273568080e-03
1.245979164192316148e+03 7.390318942824406975e-03
1.250050991526277812e+03 7.368041969876485200e-03
1.254122818860239704e+03 7.346545813874644226e-03
1.258194646194201596e+03 7.327996919114769352e-03
1.262266473528163260e+03 7.313016088336649068e-03
1.266338300862125152e+03 7.300451506208329930e-03
1.270410128196087044e+03 7.287829960509764615e-03
1.274481955530048708e+03 7.272403650257395873e-03
1.278553782864010600e+03 7.252441654312523529e-03
1.282625610197972492e+03 7.228260783315523796e-03
1.286697437531934156e+03 7.202532296629102562e-03
1.290769264865896048e+03 7.179643839940225321e-03
1.294841092199857940e+03 7.164258367217106287e-03
1.298912919533819604e+03 7.159553592812199427e-03
1.302984746867781496e+03 7.165803557281439848e-03
1.307056574201743388e+03 7.179892640135373746e-03
1.311128401535705052e+03 7.196043236633292879e-03
1.315200228869666944e+03 7.207599985444958571e-03
1.319272056203628836e+03 7.209311225999390574e-03
1.323343883537590500e+03 7.199338841093068028e-03
1.327415710871552392e+03 7.180295211175002565e-03
1.331487538205514284e+03 7.158928234886265118e-03
1.335559365539475948e+03 7.144531686669093953e-03
1.339631192873437840e+03 7.146578414598164612e-03
1.343703020207399732e+03 7.172306214503624752e-03
1.347774847541361396e+03 7.224956202504131779e-03
1.351846674875323288e+03 7.303099978415610212e-03
1.355918502209285180e+03 7.401110063562267236e-03
1.359990329543246844e+03 7.510478599573923615e-03
1.364062156877208736e+03 7.621495549760092317e-03
1.368133984211170628e+03 7.724808633114921275e-03
1.372205811545132292e+03 7.812564362539093504e-03
1.376277638879094184e+03 7.879071292665853002e-03
1.380349466213056076e+03 7.921117767124511572e-03
1.384421293547017967e+03 7.938139712918488439e-03
1.388493120880979632e+03 7.932360609757719422e-03
1.392564948214941523e+03 7.908873714907749611e-03
1.396636775548903415e+03 7.875499132059322893e-03
1.400708602882865080e+03 7.842208012602453621e-03
1.404780430216826971e+03 7.819996606442019063e-03
1.408852257550788863e+03 7.819283844635382258e-03
1.412924084884750528e+03 7.848118290862991092e-03
1.416995912218712419e+03 7.910621018922195033e-03
1.421067739552674311e+03 8.006094738385666904e-03
1.425139566886635976e+03 8.129085044538641308e-03
1.429211394220597867e+03 8.270433168072192226e-03
1.433283221554559759e+03 8.419094101809618258e-03
1.437355048888521424e+03 8.564295727899452065e-03
1.441426876222483315e+03 8.697541160583698722e-03
1.445498703556445207e+03 8.814019670717956195e-03
1.449570530890406872e+03 8.913159417806487683e-03
1.453642358224368763e+03 8.998270277891299435e-03
1.457714185558330655e+03 9.075427663862555699e-03
1.461786012892292320e+03 9.151895051867694336e-03
1.465857840226254211e+03 9.234454130396533428e-03
1.469929667560216103e+03 9.328007042675045060e-03
1.474001494894177767e+03 9.434745825458040053e-03
1.478073322228139659e+03 9.554063994751841454e-03
1.482145149562101551e+03 9.683230322608099225e-03
1.486216976896063215e+03 9.818676614559897903e-03
1.490288804230025107e+03 9.957600166346152609e-03
1.494360631563986999e+03 1.009948509826425443e-02
1.498432458897948663e+03 1.024713974423969304e-02
1.502504286231910555e+03 1.040694678872352077e-02
1.506576113565872447e+03 1.058821531204786649e-02
1.510647940899834111e+03 1.080176214788746911e-02
1.514719768233796003e+03 1.105806451416704514e-02
1.518791595567757895e+03 1.136544810892246501e-02
1.522863422901719559e+03 1.172876308385707722e-02
1.526935250235681451e+03 1.214885758151603053e-02
1.531007077569643343e+03 1.262293341087997699e-02
1.535078904903605007e+03 1.314563726439582289e-02
1.539150732237566899e+03 1.371057837688297899e-02
1.543222559571528791e+03 1.431191430893486750e-02
1.547294386905490455e+03 1.494570976804236728e-02
1.551366214239452347e+03 1.561090706750586921e-02
1.555438041573414239e+03 1.630988917921307249e-02
1.559509868907375903e+03 1.704871379521023800e-02
1.563581696241337795e+03 1.783712545562791962e-02
1.567653523575299687e+03 1.868842356825826251e-02
1.571725350909261351e+03 1.961921055384640428e-02
1.575797178243223243e+03 2.064900034131734660e-02
1.579869005577185135e+03 2.179964795732556790e-02
1.583940832911146799e+03 2.309455623249902223e-02
1.588012660245108691e+03 2.455760250154930685e-02
1.592084487579070583e+03 2.621169194651317216e-02
1.596156314913032247e+03 2.807679807493889540e-02
1.600228142246994139e+03 3.016733911379294517e-02
1.604299969580956031e+03 3.248881919299630161e-02
1.608371796914917695e+03 3.503387145081034854e-02
1.612443624248879587e+03 3.777815833288352548e-02
1.616515451582841479e+03 4.067692529416479241e-02
1.620587278916803143e+03 4.366322998849410386e-02
1.624659106250765035e+03 4.664884007276631078e-02
1.628730933584726927e+03 4.952843006909504048e-02
1.632802760918688818e+03 5.218704338353228472e-02
1.636874588252650483e+03 5.450997479852567190e-02
1.640946415586612375e+03 5.639351242092162375e-02
1.645018242920574266e+03 5.775460400016574347e-02
1.649090070254536158e+03 5.853764291853269519e-02
1.653161897588498050e+03 5.871721035192138671e-02
1.657233724922459714e+03 5.829659523617562733e-02
1.661305552256421379e+03 5.730294938477005495e-02
1.665377379590383043e+03 5.578069860840408761e-02
1.669449206924345390e+03 5.378508258972151262e-02
1.673521034258306827e+03 5.137736670776016368e-02
1.677592861592268719e+03 4.862248384210650365e-02
1.681664688926230610e+03 4.558890042572827372e-02
1.685736516260192275e+03 4.234968789875825923e-02
1.689808343594154167e+03 3.898338359593726821e-02
1.693880170928116058e+03 3.557335540103885585e-02
1.697951998262077495e+03 3.220496815249775102e-02
1.702023825596039842e+03 2.896066335360631891e-02
1.706095652930001506e+03 2.591382152890554444e-02
1.710167480263963171e+03 2.312273362695459883e-02
1.714239307597924835e+03 2.062604012772267098e-02
1.718311134931886727e+03 1.844063068840307712e-02
1.722382962265848619e+03 1.656238436515811499e-02
1.726454789599810510e+03 1.496947925360844756e-02
1.730526616933772402e+03 1.362749886298988099e-02
1.734598444267734067e+03 1.249531949257654852e-02
1.738670271601695958e+03 1.153078736500596536e-02
1.742742098935657850e+03 1.069541476235081820e-02
1.746813926269619742e+03 9.957633230814808695e-03
1.750885753603581634e+03 9.294442564915399163e-03
1.754957580937543298e+03 8.691531812936430582e-03
1.759029408271504963e+03 8.142113857733128748e-03
1.763101235605466627e+03 7.644827043376796818e-03
1.767173062939428974e+03 7.201135990552711905e-03
1.771244890273390411e+03 6.812710907109975275e-03
1.775316717607352302e+03 6.479260766679001242e-03
1.779388544941314194e+03 6.197213891599353403e-03
1.783460372275275859e+03 5.959467935173143327e-03
1.787532199609237750e+03 5.756190612224949994e-03
1.791604026943199642e+03 5.576397976392932949e-03
1.795675854277161079e+03 5.409842647163922054e-03
1.799747681611123426e+03 5.248675494879567402e-03
1.803819508945085090e+03 5.088430124919516261e-03
1.807891336279046754e+03 4.928098252540728461e-03
1.811963163613008419e+03 4.769347518596299754e-03
1.816034990946970311e+03 4.615189827260134971e-03
1.820106818280932202e+03 4.468555255358416627e-03
1.824178645614894094e+03 4.331219608821085428e-03
1.828250472948855986e+03 4.203381616354483902e-03
1.832322300282817650e+03 4.083946029074329506e-03
1.836394127616779542e+03 3.971325970638673111e-03
1.840465954950741434e+03 3.864412992515321027e-03
1.844537782284703326e+03 3.763327060400950639e-03
1.848609609618665218e+03 3.669655897003912086e-03
1.852681436952626882e+03 3.586083938244158907e-03
1.856753264286588546e+03 3.515527384112818871e-03
1.860825091620550211e+03 3.460061069870971808e-03
1.864896918954512557e+03 3.419992427978421103e-03
1.868968746288473994e+03 3.393390157784887621e-03
1.873040573622435886e+03 3.376231187562511900e-03
1.877112400956397778e+03 3.363138983815377146e-03
1.881184228290359442e+03 3.348510540401439164e-03
1.885256055624321334e+03 3.327721335892520026e-03
1.889327882958283226e+03 3.298085847818890692e-03
1.893399710292245118e+03 3.259333182195396465e-03
1.897471537626207009e+03 3.213502100591403288e-03
1.901543364960168674e+03 3.164319751315497302e-03
1.905615192294130566e+03 3.116255831545144440e-03
1.909687019628092003e+03 3.073505428143537364e-03
1.913758846962053894e+03 3.039139888150008996e-03
1.917830674296016241e+03 3.014590563235106276e-03
1.921902501629977678e+03 2.999526549725718694e-03
1.925974328963939570e+03 2.992089826357204746e-03
1.930046156297901234e+03 2.989385749755357844e-03
1.934117983631863126e+03 2.988103105039403157e-03
1.938189810965825018e+03 2.985148054263691599e-03
1.942261638299786910e+03 2.978202318994724838e-03
1.946333465633748801e+03 2.966140006366488422e-03
1.950405292967710466e+03 2.949251366859738724e-03
1.954477120301672358e+03 2.929230109555751305e-03
1.958548947635633795e+03 2.908897250146404590e-03
1.962620774969596141e+03 2.891671732039260544e-03
1.966692602303558033e+03 2.880858230436315025e-03
1.970764429637519470e+03 2.878891259955676084e-03
1.974836256971481362e+03 2.886724245924797688e-03
1.978908084305443026e+03 2.903552707004052741e-03
1.982979911639404918e+03 2.926995031379314889e-03
1.987051738973366810e+03 2.953730039831823934e-03
1.991123566307328701e+03 2.980442220865337118e-03
1.995195393641290593e+03 3.004805216633100930e-03
1.999267220975252258e+03 3.026192095692060210e-03
2.003339048309214149e+03 3.045864248586178241e-03
2.007410875643175586e+03 3.066548764846224219e-03
2.011482702977137478e+03 3.091518107757523087e-03
2.015554530311099825e+03 3.123464187911719446e-03
2.019626357645061262e+03 3.163543409234266697e-03
2.023698184979023154e+03 3.210922514860564073e-03
2.027770012312984818e+03 3.262987450133777220e-03
2.031841839646946710e+03 3.316146137495384720e-03
2.035913666980908602e+03 3.366945196585953339e-03
2.039985494314870493e+03 3.413109774313053020e-03
2.044057321648832385e+03 3.454148317667890457e-03
2.048129148982794050e+03 3.491329555416217839e-03
2.052200976316755714e+03 3.527074723941296501e-03
2.056272803650717833e+03 3.564023457790492511e-03
2.060344630984679497e+03 3.604143106188129227e-03
2.064416458318641162e+03 3.648215345910535250e-03
2.068488285652603281e+03 3.695866036985530866e-03
2.072560112986564945e+03 3.746072654078259033e-03
2.076631940320526610e+03 3.797882991016772371e-03
2.080703767654488729e+03 3.850992169867469613e-03
2.084775594988450393e+03 3.905889616150362564e-03
2.088847422322412058e+03 3.963479170270959445e-03
2.092919249656374177e+03 4.024316450606925041e-03
2.096991076990335841e+03 4.087797968724162304e-03
2.101062904324297506e+03 4.151694039322475008e-03
2.105134731658259625e+03 4.212311607016593941e-03
2.109206558992221289e+03 4.265338575591411802e-03
2.113278386326182954e+03 4.307146155434102633e-03
2.117350213660145073e+03 4.336117710409608320e-03
2.121422040994106737e+03 4.353516567063969549e-03
2.125493868328068402e+03 4.363529861813666977e-03
2.129565695662030521e+03 4.372390917056374719e-03
2.133637522995992185e+03 4.386795022235116283e-03
2.137709350329953850e+03 4.412070312575172917e-03
2.141781177663915969e+03 4.450657778031541327e-03
2.145853004997877633e+03 4.501359966220790793e-03
2.149924832331839298e+03 4.559571964880122091e-03
2.153996659665801417e+03 4.618399115690710946e-03
2.158068486999763081e+03 4.670301109568026493e-03
2.162140314333724746e+03 4.708768546399394808e-03
2.166212141667686865e+03 4.729571774464369494e-03
2.170283969001648529e+03 4.731298241930059420e-03
2.174355796335610194e+03 4.715141529349953578e-03
2.178427623669572313e+03 4.684132671148708363e-03
2.182499451003533977e+03 4.642138369022565624e-03
2.186571278337495642e+03 4.592958407017707148e-03
2.190643105671457761e+03 4.539751698051215645e-03
2.194714933005419425e+03 4.484859813177077652e-03
2.198786760339381090e+03 4.429944644391331857e-03
2.202858587673343209e+03 4.376266140603109200e-03
2.206930415007304873e+03 4.324918960948848784e-03
2.211002242341266538e+03 4.276910692840104819e-03
2.215074069675228657e+03 4.233061515205668694e-03
2.219145897009190321e+03 4.193791946224148179e-03
2.223217724343151986e+03 4.158909457806951766e-03
2.227289551677114105e+03 4.127496679352876501e-03
2.231361379011075769e+03 4.097956639903994197e-03
2.235433206345037433e+03 4.068210323073187182e-03
2.239505033678999553e+03 4.035995020247264489e-03
2.243576861012961217e+03 3.999193639088850262e-03
2.247648688346922881e+03 3.956134640098264363e-03
2.251720515680885001e+03 3.905826632555931075e-03
2.255792343014846665e+03 3.848114064131328421e-03
2.259864170348808329e+03 3.783749545893879025e-03
2.263935997682770449e+03 3.714373726052826782e-03
2.268007825016732113e+03 3.642385002655555617e-03
2.272079652350694232e+03 3.570682496628098390e-03
2.276151479684655897e+03 3.502285976839709328e-03
2.280223307018617561e+03 3.439874505332239478e-03
2.284295134352579680e+03 3.385328294498717895e-03
2.288366961686541345e+03 3.339385583320261721e-03
2.292438789020503009e+03 3.301520267043836325e-03
2.296510616354465128e+03 3.270099743834332939e-03
2.300582443688426793e+03 3.242805385051554523e-03
2.304654271022388457e+03 3.217214231448126214e-03
2.308726098356350576e+03 3.191380506853890194e-03
2.312797925690312240e+03 3.164244623753575351e-03
2.316869753024273905e+03 3.135744839051597503e-03
2.320941580358236024e+03 3.106600657031987570e-03
2.325013407692197688e+03 3.077847040483138417e-03
2.329085235026159353e+03 3.050285822394857311e-03
2.333157062360121472e+03 3.024052685316484280e-03
2.337228889694083136e+03 2.998460634136165988e-03
2.341300717028044801e+03 2.972184881050866055e-03
2.345372544362006920e+03 2.943732257628053559e-03
2.349444371695968584e+03 2.912033889973782239e-03
2.353516199029930249e+03 2.876950779453856574e-03
2.357588026363892368e+03 2.839506440698538314e-03
2.361659853697854032e+03 2.801750609434644664e-03
2.365731681031815697e+03 2.766281392777679513e-03
2.369803508365777816e+03 2.735566548838577056e-03
2.373875335699739480e+03 2.711268857123387641e-03
2.377947163033701145e+03 2.693775568294524102e-03
2.382018990367663264e+03 2.682062978355843202e-03
2.386090817701624928e+03 2.673921739620002073e-03
2.390162645035586593e+03 2.666464656756491539e-03
2.394234472369548712e+03 2.656770070607999187e-03
2.398306299703510376e+03 2.642497615086541757e-03
2.402378127037472041e+03 2.622345208561961856e-03
2.406449954371434160e+03 2.596276088389284833e-03
2.410521781705395824e+03 2.565506239015077211e-03
2.414593609039357489e+03 2.532285636548439831e-03
2.418665436373319608e+03 2.499525115148766661e-03
2.422737263707281272e+03 2.470322069338595685e-03
2.426809091041242937e+03 2.447437340940231999e-03
2.430880918375205056e+03 2.432784055303724609e-03
2.434952745709166720e+03 2.427007343583356333e-03
2.439024573043128385e+03 2.429249717620288792e-03
2.443096400377090504e+03 2.437191684430510541e-03
2.447168227711052168e+03 2.447416525412215039e-03
2.451240055045013833e+03 2.456071948343995989e-03
2.455311882378975952e+03 2.459708116271689012e-03
2.459383709712937616e+03 2.456093963467798937e-03
2.463455537046899281e+03 2.444786044123369029e-03
2.467527364380861400e+03 2.427267372374906397e-03
2.471599191714823064e+03 2.406584113459931795e-03
2.475671019048784729e+03 2.386555230131434582e-03
2.479742846382746848e+03 2.370766245613649924e-03
2.483814673716708512e+03 2.361634510740085683e-03
2.487886501050670176e+03 2.359819187082117138e-03
2.491958328384632296e+03 2.364144891996741108e-03
2.496030155718593960e+03 2.372046322399767090e-03
2.500101983052555624e+03 2.380376519200835990e-03
2.504173810386517744e+03 2.386310371908098062e-03
2.508245637720479408e+03 2.388055757070896463e-03
2.512317465054441072e+03 2.385163143722446744e-03
2.516389292388403192e+03 2.378371664210284214e-03
2.520461119722364856e+03 2.369092438096871873e-03
2.524532947056326520e+03 2.358750419019429567e-03
2.528604774390288640e+03 2.348242428316118201e-03
2.532676601724250304e+03 2.337710594840339967e-03
2.536748429058211968e+03 2.326700829519147938e-03
2.540820256392174088e+03 2.314624219397345278e-03
2.544892083726135752e+03 2.301321457415613468e-03
2.548963911060097416e+03 2.287489447845945413e-03
2.553035738394059535e+03 2.274779272624378578e-03
2.557107565728021200e+03 2.265496739833629345e-03
2.561179393061982864e+03 2.261985887750073317e-03
2.565251220395944983e+03 2.265897955001464851e-03
2.569323047729906648e+03 2.277599637581975440e-03
2.573394875063868312e+03 2.295936876792021523e-03
2.577466702397830431e+03 2.318457476196077258e-03
2.581538529731792096e+03 2.342047012765358961e-03
2.585610357065753760e+03 2.363798574990133051e-03
2.589682184399715879e+03 2.381861837737202399e-03
2.593754011733677544e+03 2.396023261707993547e-03
2.597825839067639208e+03 2.407851152056421189e-03
2.601897666401601327e+03 2.420367100647917609e-03
2.605969493735562992e+03 2.437336917977249353e-03
2.610041321069524656e+03 2.462370361158107944e-03
2.614113148403486775e+03 2.498055954794270016e-03
2.618184975737448440e+03 2.545332078952779187e-03
2.622256803071410104e+03 2.603223832048706839e-03
2.626328630405372223e+03 2.668982631313946297e-03
2.630400457739333888e+03 2.738577721199288075e-03
2.634472285073295552e+03 2.807423670404108826e-03
2.638544112407257671e+03 2.871193112362080326e-03
2.642615939741219336e+03 2.926558649832503890e-03
2.646687767075181000e+03 2.971727348329529679e-03
2.650759594409143119e+03 3.006670810382630708e-03
2.654831421743104784e+03 3.033009512547739633e-03
2.658903249077066448e+03 3.053576880553885570e-03
2.662975076411028567e+03 3.071757485560947399e-03
2.667046903744990232e+03 3.090750618226739948e-03
2.671118731078951896e+03 3.112938408270939615e-03
2.675190558412914015e+03 3.139522690071079765e-03
2.679262385746875680e+03 3.170532987008328144e-03
2.683334213080837344e+03 3.205209889335368465e-03
2.687406040414799463e+03 3.242658425016263328e-03
2.691477867748761128e+03 3.282577218888542338e-03
2.695549695082722792e+03 3.325831134562047715e-03
2.699621522416684911e+03 3.374664288440383433e-03
2.703693349750646576e+03 3.432443404687231941e-03
2.707765177084608240e+03 3.502954817658179842e-03
2.711837004418570359e+03 3.589414729528236838e-03
2.715908831752532024e+03 3.693451669253627716e-03
2.719980659086493688e+03 3.814351742904916083e-03
2.724052486420455807e+03 3.948808633996188713e-03
2.728124313754417472e+03 4.091300673291999382e-03
2.732196141088379136e+03 4.235055597883763054e-03
2.736267968422341255e+03 4.373401390114365142e-03
2.740339795756302919e+03 4.501182770495263351e-03
2.744411623090264584e+03 4.615882795846727032e-03
2.748483450424226703e+03 4.718144455144254387e-03
2.752555277758188367e+03 4.811530411208441056e-03
2.756627105092150032e+03 4.901557103778926387e-03
2.760698932426112151e+03 4.994240321640917510e-03
2.764770759760073815e+03 5.094535008720013289e-03
2.768842587094035935e+03 5.205095346360240696e-03
2.772914414427997599e+03 5.325702048829624238e-03
2.776986241761959263e+03 5.453519052251278379e-03
2.781058069095921383e+03 5.584103077497017467e-03
2.785129896429883047e+03 5.712869301804096231e-03
2.789201723763844711e+03 5.836584473813207115e-03
2.793273551097806831e+03 5.954458333902390259e-03
2.797345378431768495e+03 6.068535246272236880e-03
2.801417205765730159e+03 6.183306442084250676e-03
2.805489033099692278e+03 6.304696150505216187e-03
2.809560860433653943e+03 6.438746303679375449e-03
2.813632687767615607e+03 6.590382986794216316e-03
2.817704515101577726e+03 6.762583763340379583e-03
2.821776342435539391e+03 6.956111645005663528e-03
2.825848169769501055e+03 7.169799405203111653e-03
2.829919997103463174e+03 7.401220352813405248e-03
2.833991824437424839e+03 7.647510746660099792e-03
2.838063651771386503e+03 7.906122905945835513e-03
2.842135479105348622e+03 8.175362919326811112e-03
2.846207306439310287e+03 8.454661303905040490e-03
2.850279133773271951e+03 8.744599506294706281e-03
2.854350961107234070e+03 9.046747693947872204e-03
2.858422788441195735e+03 9.363361058978026188e-03
2.862494615775157399e+03 9.696952675437357089e-03
2.866566443109119518e+03 1.004973793365238066e-02
2.870638270443081183e+03 1.042295091634365400e-02
2.874710097777042847e+03 1.081607558423417284e-02
2.878781925111004966e+03 1.122610670194480569e-02
2.882853752444966631e+03 1.164703460985707165e-02
2.886925579778928295e+03 1.206980148294552191e-02
2.890997407112890414e+03 1.248296857111806657e-02
2.895069234446852079e+03 1.287423495221283118e-02
2.899141061780813743e+03 1.323274987171966718e-02
2.903212889114775862e+03 1.355188861670833522e-02
2.907284716448737527e+03 1.383188404196701062e-02
2.911356543782699191e+03 1.408152492537685305e-02
2.915428371116661310e+03 1.431815735195104966e-02
2.919500198450622975e+03 1.456552664396693585e-02
2.923572025784584639e+03 1.484955932347686511e-02
2.927643853118546758e+03 1.519287938777241775e-02
2.931715680452508423e+03 1.560945687725848532e-02
2.935787507786470087e+03 1.610104491340112395e-02
2.939859335120432206e+03 1.665678901501272194e-02
2.943931162454393871e+03 1.725657100711122660e-02
2.948002989788355535e+03 1.787747585901213604e-02
2.952074817122317654e+03 1.850162100248212496e-02
2.956146644456279319e+03 1.912290241275152458e-02
2.960218471790240983e+03 1.975031846998559493e-02
2.964290299124203102e+03 2.040649586833318679e-02
2.968362126458164767e+03 2.112159560726982119e-02
2.972433953792126431e+03 2.192438947796534338e-02
2.976505781126088550e+03 2.283335744962547778e-02
2.980577608460050214e+03 2.385071770439316924e-02
2.984649435794011879e+03 2.496128346760068117e-02
2.988721263127973998e+03 2.613629556424872796e-02
2.992793090461935662e+03 2.734057663399618379e-02
2.996864917795897327e+03 2.854022045637678168e-02
3.000936745129859446e+03 2.970804833620209820e-02
3.005008572463821110e+03 3.082524478487626979e-02
3.009080399797782775e+03 3.187943535233953019e-02
3.013152227131744894e+03 3.286118234385673048e-02
3.017224054465706558e+03 3.376166242944474150e-02
3.021295881799668223e+03 3.457373912368033597e-02
3.025367709133630342e+03 3.529691936555347936e-02
3.029439536467592006e+03 3.594449964354996807e-02
3.033511363801553671e+03 3.654954217180615000e-02
3.037583191135515790e+03 3.716600439237964515e-02
3.041655018469477454e+03 3.786267724991220635e-02
3.045726845803439119e+03 3.871017380531578678e-02
3.049798673137401238e+03 3.976408024087520199e-02
3.053870500471362902e+03 4.104936997904023999e-02
3.057942327805324567e+03 4.255140641612253916e-02
3.062014155139286686e+03 4.421710432461958135e-02
3.066085982473248350e+03 4.596664989265965284e-02
3.070157809807210015e+03 4.771273606095523256e-02
3.074229637141172134e+03 4.938182229627682829e-02
3.078301464475133798e+03 5.093136744738455818e-02
3.082373291809095463e+03 5.235847304068681762e-02
3.086445119143057582e+03 5.369829447404184108e-02
3.090516946477019246e+03 5.501379876706743305e-02
3.094588773810980911e+03 5.638079543842446778e-02
3.098660601144943030e+03 5.787289123959875325e-02
3.102732428478904694e+03 5.955006439714496252e-02
3.106804255812866359e+03 6.145252665777203166e-02
3.110876083146828478e+03 6.359940284551261758e-02
3.114947910480790142e+03 6.599038542487048464e-02
3.119019737814751807e+03 6.860834052175725228e-02
3.123091565148713926e+03 7.142168203905438495e-02
3.127163392482675590e+03 7.438656371988884575e-02
3.131235219816637255e+03 7.744981717726591441e-02
3.135307047150599374e+03 8.055359358829869421e-02
3.139378874484561038e+03 8.364184314645664586e-02
3.143450701818522703e+03 8.666756042251867742e-02
3.147522529152484822e+03 8.959883403958654458e-02
3.151594356486446486e+03 9.242173045742174686e-02
3.155666183820408150e+03 9.513904609043297156e-02
3.159738011154370270e+03 9.776558634864418451e-02
3.163809838488331934e+03 1.003221208325517921e-01
3.167881665822293598e+03 1.028307565785279432e-01
3.171953493156255718e+03 1.053137673487173076e-01
3.176025320490217382e+03 1.077961102405157884e-01
3.180097147824179046e+03 1.103097015727502600e-01
3.184168975158141166e+03 1.128960221661317320e-01
3.188240802492102830e+03 1.156036087789083650e-01
3.192312629826064494e+03 1.184787201307710564e-01
3.196384457160026614e+03 1.215504477674551193e-01
3.200456284493988278e+03 1.248146585582768503e-01
3.204528111827949942e+03 1.282230743435863463e-01
3.208599939161912062e+03 1.316834930956672645e-01
3.212671766495873726e+03 1.350743706921347376e-01
3.216743593829835390e+03 1.382723927434142963e-01
3.220815421163797510e+03 1.411867329911609126e-01
3.224887248497759174e+03 1.437901907559041292e-01
3.228959075831720838e+03 1.461367858892104743e-01
3.233030903165682957e+03 1.483582589899229975e-01
3.237102730499644622e+03 1.506377131022242910e-01
3.241174557833606286e+03 1.531657129230228898e-01
3.245246385167568405e+03 1.560903040691393462e-01
3.249318212501530070e+03 1.594755092727400958e-01
3.253390039835491734e+03 1.632816034868464217e-01
3.257461867169453853e+03 1.673748831843073215e-01
3.261533694503415518e+03 1.715661509993200717e-01
3.265605521837377637e+03 1.756682042961150159e-01
3.269677349171339301e+03 1.795560319134036631e-01
3.273749176505300966e+03 1.832114149062603337e-01
3.277821003839263085e+03 1.867371143735752914e-01
3.281892831173224749e+03 1.903340557835134228e-01
3.285964658507186869e+03 1.942456058506293881e-01
3.290036485841148533e+03 1.986830382656702698e-01
3.294108313175110197e+03 2.037525461372723667e-01
3.298180140509072316e+03 2.094046895405451136e-01
3.302251967843033981e+03 2.154216826901727555e-01
3.306323795176996100e+03 2.214479612563563238e-01
3.310395622510956855e+03 2.270579018374713487e-01
3.314467449844919429e+03 2.318447040474257148e-01
3.318539277178881548e+03 2.355090096208665718e-01
3.322611104512842758e+03 2.379261435516946133e-01
3.326682931846805332e+03 2.391765257887919494e-01
3.330754759180766087e+03 2.395329611269656489e-01
3.334826586514728206e+03 2.394085440589508451e-01
3.338898413848690780e+03 2.392772817290520493e-01
3.342970241182651989e+03 2.395845122240591318e-01
3.347042068516613654e+03 2.406651817728401033e-01
3.351113895850575318e+03 2.426854772697064622e-01
3.355185723184537437e+03 2.456182410195197896e-01
3.359257550518499102e+03 2.492562066628955519e-01
3.363329377852461221e+03 2.532603808391067357e-01
3.367401205186422885e+03 2.572346024786210106e-01
3.371473032520384550e+03 2.608121135425568449e-01
3.375544859854346669e+03 2.637366732404287650e-01
3.379616687188308333e+03 2.659203007213363223e-01
3.383688514522270452e+03 2.674629898611059486e-01
3.387760341856232117e+03 2.686269520167527958e-01
3.391832169190193781e+03 2.697682587150077582e-01
3.395903996524154991e+03 2.712400377718467981e-01
3.399975823858117565e+03 2.732905326766471021e-01
3.404047651192079684e+03 2.759831970829176306e-01
3.408119478526040439e+03 2.791624758729042699e-01
3.412191305860003013e+03 2.824780190068355568e-01
3.416263133193964222e+03 2.854642581734571083e-01
3.420334960527926341e+03 2.876560049126778429e-01
3.424406787861888915e+03 2.887091208581731294e-01
3.428478615195849670e+03 2.884924138310834829e-01
3.432550442529811789e+03 2.871241836706389661e-01
3.436622269863773454e+03 2.849424385048549002e-01
3.440694097197735573e+03 2.824170337832824229e-01
3.444765924531697237e+03 2.800288105837159813e-01
3.448837751865658902e+03 2.781498825117881268e-01
3.452909579199621021e+03 2.769577498100387336e-01
3.456981406533582685e+03 2.764046307155857973e-01
3.461053233867544805e+03 2.762462468040515762e-01
3.465125061201506469e+03 2.761170213944155738e-01
3.469196888535468133e+03 2.756267292426718973e-01
3.473268715869430252e+03 2.744504109215891718e-01
3.477340543203391917e+03 2.723890074970324315e-01
3.481412370537354036e+03 2.693898601767566459e-01
3.485484197871315700e+03 2.655293968364457191e-01
3.489556025205277365e+03 2.609704877341210150e-01
3.493627852539239484e+03 2.559112591161907813e-01
3.497699679873201148e+03 2.505402668207871164e-01
3.501771507207163268e+03 2.450068016083773448e-01
3.505843334541124023e+03 2.394078870625951649e-01
3.509915161875086596e+03 2.337881905376976432e-01
3.513986989209048716e+03 2.281471740729068554e-01
3.518058816543009925e+03 2.224491252813368958e-01
3.522130643876972499e+03 2.166345666289557492e-01
3.526202471210933254e+03 2.106338433605767779e-01
3.530274298544895373e+03 2.043839714486487824e-01
3.534346125878857947e+03 1.978479405063693908e-01
3.538417953212819157e+03 1.910327780516795360e-01
3.542489780546780821e+03 1.840006193025630066e-01
3.546561607880742486e+03 1.768673221707016963e-01
3.550633435214704605e+03 1.697862468216446985e-01
3.554705262548666269e+03 1.629197287285455986e-01
3.558777089882628388e+03 1.564055597055307445e-01
3.562848917216590053e+03 1.503283606745758894e-01
3.566920744550551717e+03 1.447047989847573268e-01
3.570992571884513836e+03 1.394873005357959994e-01
3.575064399218475501e+03 1.345847646093633609e-01
3.579136226552437620e+03 1.298931243385701428e-01
3.583208053886399284e+03 1.253255559060127422e-01
3.587279881220360949e+03 1.208328258779625408e-01
3.591351708554322158e+03 1.164083047749926020e-01
3.595423535888284732e+03 1.120779081492220691e-01
3.599495363222246851e+03 1.078804219925943303e-01
3.603567190556207606e+03 1.038464341573869937e-01
3.607639017890170180e+03 9.998360187625440765e-02
3.611710845224131390e+03 9.627273111473433342e-02
3.615782672558093509e+03 9.267464022511087696e-02
3.619854499892056083e+03 8.914387247403854353e-02
3.623926327226016838e+03 8.564341832312953595e-02
3.627998154559978957e+03 8.215516401740743935e-02
3.632069981893940621e+03 7.868322332845499589e-02
3.636141809227902741e+03 7.525038650689522268e-02
3.640213636561864405e+03 7.189031179039219455e-02
3.644285463895826069e+03 6.863895275506463889e-02
3.648357291229788189e+03 6.552799451624935489e-02
3.652429118563749853e+03 6.258139003534080036e-02
3.656500945897711972e+03 5.981438961918378316e-02
3.660572773231673636e+03 5.723353697720451327e-02
3.664644600565635301e+03 5.483626506378010829e-02
3.668716427899597420e+03 5.260969519708593584e-02
3.672788255233559084e+03 5.052938154966559597e-02
3.676860082567521204e+03 4.855938751954159971e-02
3.680931909901482868e+03 4.665487561245957454e-02
3.685003737235444532e+03 4.476744199711781003e-02
3.689075564569406652e+03 4.285221170657019241e-02
3.693147391903368316e+03 4.087483140837273876e-02
3.697219219237330435e+03 3.881637730781141438e-02
3.701291046571291190e+03 3.667488885094239565e-02
3.705362873905253764e+03 3.446342098962808242e-02
3.709434701239215883e+03 3.220565116348844681e-02
3.713506528573177093e+03 2.993070597888007264e-02
3.717578355907139667e+03 2.766877668309714045e-02
3.721650183241100422e+03 2.544840206135367405e-02
3.725722010575062541e+03 2.329539338996588008e-02
3.729793837909025115e+03 2.123269189869643123e-02
3.733865665242986324e+03 1.928026434301311279e-02
3.737937492576947989e+03 1.745446666094446070e-02
3.742009319910909653e+03 1.576690159711038527e-02
3.746081147244871772e+03 1.422331664238495053e-02
3.750152974578833437e+03 1.282325669890467187e-02
3.754224801912795556e+03 1.156092565082552856e-02
3.758296629246757220e+03 1.042717099308436077e-02
3.762368456580718885e+03 9.411970786239832326e-03
3.766440283914681004e+03 8.506544999590887057e-03
3.770512111248642668e+03 7.704360269766860267e-03
3.774583938582604787e+03 7.000773934801525315e-03
3.778655765916566452e+03 6.391640343866524313e-03
3.782727593250528116e+03 5.871612651300169190e-03
3.786799420584490235e+03 5.432940296651088061e-03
3.790871247918451900e+03 5.065278282442621689e-03
3.794943075252414019e+03 4.756542482073447889e-03
3.799014902586375683e+03 4.494397268397664139e-03
3.803086729920337348e+03 4.267744312338088084e-03
3.807158557254298557e+03 4.067667505686369152e-03
3.811230384588261131e+03 3.887604960738629076e-03
3.815302211922223250e+03 3.722892421431926030e-03
3.819374039256184005e+03 3.570072200591296267e-03
3.823445866590146579e+03 3.426384871764900052e-03
3.827517693924107789e+03 3.289673795784661160e-03
3.831589521258069908e+03 3.158651686878195114e-03
3.835661348592032482e+03 3.033254787692458987e-03
3.839733175925993237e+03 2.914752767928906283e-03
3.843805003259955356e+03 2.805408683193284184e-03
3.847876830593917020e+03 2.707718446836878713e-03
3.851948657927879140e+03 2.623480198257531568e-03
3.856020485261840804e+03 2.553042967959380342e-03
3.860092312595802468e+03 2.495019569087957110e-03
3.864164139929764588e+03 2.446559765538923112e-03
3.868235967263726252e+03 2.404060620406946267e-03
3.872307794597688371e+03 2.364041075208851619e-03
3.876379621931650036e+03 2.323884786144475925e-03
3.880451449265611700e+03 2.282252076492170042e-03
3.884523276599573819e+03 2.239117959279516602e-03
3.888595103933535484e+03 2.195529844598367690e-03
3.892666931267497603e+03 2.153239138479076231e-03
3.896738758601459267e+03 2.114335404986592611e-03
3.900810585935420931e+03 2.080934958929416337e-03
3.904882413269383051e+03 2.054903265677647702e-03
3.908954240603344715e+03 2.037566540279654986e-03
3.913026067937306834e+03 2.029402490856682586e-03
3.917097895271267589e+03 2.029766596873064117e-03
3.921169722605230163e+03 2.036762669772761245e-03
3.925241549939192282e+03 2.047365995100268454e-03
3.929313377273153492e+03 2.057843986774888535e-03
3.933385204607116066e+03 2.064416804109911376e-03
3.937457031941076821e+03 2.064004047165421234e-03
3.941528859275038940e+03 2.054857296452657772e-03
3.945600686609001514e+03 2.036903202882916260e-03
3.949672513942962723e+03 2.011707814740436306e-03
3.953744341276924388e+03 1.982084645168371694e-03
3.957816168610886052e+03 1.951464149364026332e-03
3.961887995944848171e+03 1.923190190567719126e-03
3.965959823278809836e+03 1.899902291601865672e-03
3.970031650612771955e+03 1.883115688029219411e-03
3.974103477946733619e+03 1.873050103676670132e-03
3.978175305280695284e+03 1.868705246672996718e-03
3.982247132614657403e+03 1.868146061285407954e-03
3.986318959948619067e+03 1.868940307671358800e-03
3.990390787282581186e+03 1.868675673838897638e-03
3.994462614616542851e+03 1.865467771684483451e-03
3.998534441950504515e+03 1.858358179893093969e-03
