4.071827333961817175e+00 8.402178206025224388e-03
8.143654667923634349e+00 8.714058864404208155e-03
1.221548200188545152e+01 9.206945243341632668e-03
1.628730933584726870e+01 9.844694095142873802e-03
2.035913666980908587e+01 1.058432558988258408e-02
2.443096400377090305e+01 1.138189238231753289e-02
2.850279133773272022e+01 1.219798237572132862e-02
3.257461867169453740e+01 1.300198714185139826e-02
3.664644600565635812e+01 1.377458584843400946e-02
4.071827333961817175e+01 1.450828966197005229e-02
4.479010067357999247e+01 1.520627280768109893e-02
4.886192800754180610e+01 1.588000660159772509e-02
5.293375534150362682e+01 1.654636057442617630e-02
5.700558267546544045e+01 1.722481978878784986e-02
6.107741000942726117e+01 1.793530128772784574e-02
6.514923734338907479e+01 1.869677932688149774e-02
6.922106467735089552e+01 1.952662201058836394e-02
7.329289201131271625e+01 2.044029281229320025e-02
7.736471934527452277e+01 2.145096639220924264e-02
8.143654667923634349e+01 2.256870028654761606e-02
8.550837401319816422e+01 2.379907820993434203e-02
8.958020134715998495e+01 2.514160607113417184e-02
9.365202868112179146e+01 2.658845064684898715e-02
9.772385601508361219e+01 2.812420997704957390e-02
1.017956833490454329e+02 2.972720257939349617e-02
1.058675106830072536e+02 3.137228488780804958e-02
1.099393380169690602e+02 3.303460781946508662e-02
1.140111653509308809e+02 3.469324385840506092e-02
1.180829926848927016e+02 3.633348743491755795e-02
1.221548200188545223e+02 3.794697163376926918e-02
1.262266473528163289e+02 3.952948538831842218e-02
1.302984746867781496e+02 4.107726466210045307e-02
1.343703020207399561e+02 4.258321652458169071e-02
1.384421293547017910e+02 4.403470648488945483e-02
1.425139566886635976e+02 4.541406982773565915e-02
1.465857840226254325e+02 4.670202830718687970e-02
1.506576113565872390e+02 4.788306292585253060e-02
1.547294386905490455e+02 4.895096248811399431e-02
1.588012660245108805e+02 4.991259164225118894e-02
1.628730933584726870e+02 5.078850086213147069e-02
1.669449206924344935e+02 5.161011923597959294e-02
1.710167480263963284e+02 5.241447627180086111e-02
1.750885753603581350e+02 5.323818826433961149e-02
1.791604026943199699e+02 5.411248569449138290e-02
1.832322300282817764e+02 5.506034474329601913e-02
1.873040573622435829e+02 5.609565533450836666e-02
1.913758846962054179e+02 5.722335121016872833e-02
1.954477120301672244e+02 5.843904916036860714e-02
1.995195393641290309e+02 5.972722506414672450e-02
2.035913666980908658e+02 6.105812259950534754e-02
2.076631940320526724e+02 6.238492176466483435e-02
2.117350213660145073e+02 6.364352390352220890e-02
2.158068486999763138e+02 6.475712520343575307e-02
2.198786760339381203e+02 6.564643800872074775e-02
2.239505033678999553e+02 6.624435357374489075e-02
2.280223307018617618e+02 6.651176904262404155e-02
2.320941580358235683e+02 6.645006561747557328e-02
2.361659853697854032e+02 6.610592072127437213e-02
2.402378127037472098e+02 6.556586452459492453e-02
2.443096400377090447e+02 6.494078836087276152e-02
2.483814673716708512e+02 6.434360574017108925e-02
2.524532947056326577e+02 6.386547894633498590e-02
2.565251220395944642e+02 6.355671988799357908e-02
2.605969493735562992e+02 6.341740861833561338e-02
2.646687767075181341e+02 6.340026121110330093e-02
2.687406040414799122e+02 6.342506647504889128e-02
2.728124313754417472e+02 6.340101602621785182e-02
2.768842587094035821e+02 6.325127618873357949e-02
2.809560860433653602e+02 6.293366313264615874e-02
2.850279133773271951e+02 6.245233669479284544e-02
2.890997407112890301e+02 6.185769959925237899e-02
2.931715680452508650e+02 6.123460245413223785e-02
2.972433953792126431e+02 6.068183436000552933e-02
3.013152227131744780e+02 6.028807753815260823e-02
3.053870500471363130e+02 6.011050831074029460e-02
3.094588773810980911e+02 6.016174064489700213e-02
3.135307047150599260e+02 6.040883309195996947e-02
3.176025320490217609e+02 6.078496979013718604e-02
3.216743593829835390e+02 6.121088763101149161e-02
3.257461867169453740e+02 6.162010617268835755e-02
3.298180140509072089e+02 6.198049105050663921e-02
3.338898413848689870e+02 6.230531345427122586e-02
3.379616687188308219e+02 6.264982969489506226e-02
3.420334960527926569e+02 6.309382243864017359e-02
3.461053233867544918e+02 6.371520278057156428e-02
3.501771507207162699e+02 6.456308617701665697e-02
3.542489780546781049e+02 6.563942374758213738e-02
3.583208053886399398e+02 6.689580552799924418e-02
3.623926327226017179e+02 6.824707049121891966e-02
3.664644600565635528e+02 6.959747545467323548e-02
3.705362873905253878e+02 7.087049309348510129e-02
3.746081147244871659e+02 7.203165235745316586e-02
3.786799420584490008e+02 7.309601775423842096e-02
3.827517693924108357e+02 7.411733326340527728e-02
3.868235967263726138e+02 7.516265311237957381e-02
3.908954240603344488e+02 7.628192372061215476e-02
3.949672513942962837e+02 7.748424706653683769e-02
3.990390787282580618e+02 7.873040891176502631e-02
4.031109060622198967e+02 7.994531443117716685e-02
4.071827333961817317e+02 8.104635652052231964e-02
4.112545607301435666e+02 8.197731159572796411e-02
4.153263880641053447e+02 8.273464311418207706e-02
4.193982153980671796e+02 8.337529623360931397e-02
4.234700427320290146e+02 8.400155036008129239e-02
4.275418700659907927e+02 8.472696708216426176e-02
4.316136973999526276e+02 8.563480938391766772e-02
4.356855247339144626e+02 8.674373202189772369e-02
4.397573520678762407e+02 8.799366560946159099e-02
4.438291794018380756e+02 8.925818904648147312e-02
4.479010067357999105e+02 9.038061152188900382e-02
4.519728340697616886e+02 9.122268422214480088e-02
4.560446614037235236e+02 9.171028367989772501e-02
4.601164887376853585e+02 9.186116404913606537e-02
4.641883160716471366e+02 9.178566889701604559e-02
4.682601434056089715e+02 9.166006313415915596e-02
4.723319707395708065e+02 9.168084384365851602e-02
4.764037980735326414e+02 9.201408958260690052e-02
4.804756254074944195e+02 9.275483386032493116e-02
4.845474527414562544e+02 9.390754024851287463e-02
4.886192800754180894e+02 9.539160111408506726e-02
4.926911074093798675e+02 9.706796153171352859e-02
4.967629347433417024e+02 9.877709806354481592e-02
5.008347620773035374e+02 1.003763947832926606e-01
5.049065894112653154e+02 1.017667842695663960e-01
5.089784167452271504e+02 1.029032911289385482e-01
5.130502440791889285e+02 1.037898732010742869e-01
5.171220714131508203e+02 1.044636356616972100e-01
5.211938987471125984e+02 1.049756678374532681e-01
5.252657260810743765e+02 1.053750729243003031e-01
5.293375534150362682e+02 1.056999587819368314e-01
5.334093807489980463e+02 1.059756449598929784e-01
5.374812080829598244e+02 1.062175903928703063e-01
5.415530354169217162e+02 1.064355122359157690e-01
5.456248627508834943e+02 1.066359623098695614e-01
5.496966900848452724e+02 1.068225686633248739e-01
5.537685174188071642e+02 1.069951195027091934e-01
5.578403447527689423e+02 1.071496404926848556e-01
5.619121720867307204e+02 1.072811177390744497e-01
5.659839994206926121e+02 1.073888211472234788e-01
5.700558267546543902e+02 1.074821762093928906e-01
5.741276540886162820e+02 1.075839129758121154e-01
5.781994814225780601e+02 1.077275796244850092e-01
5.822713087565398382e+02 1.079485347203673340e-01
5.863431360905017300e+02 1.082705149725188970e-01
5.904149634244635081e+02 1.086925505286246568e-01
5.944867907584252862e+02 1.091820673879927844e-01
5.985586180923871780e+02 1.096787148008124407e-01
6.026304454263489561e+02 1.101099555680105924e-01
6.067022727603107342e+02 1.104148938700809934e-01
6.107741000942726259e+02 1.105689143225461885e-01
6.148459274282344040e+02 1.106001301473474863e-01
6.189177547621961821e+02 1.105903020765192923e-01
6.229895820961580739e+02 1.106575209011707306e-01
6.270614094301198520e+02 1.109240928418898375e-01
6.311332367640816301e+02 1.114785722458860040e-01
6.352050640980435219e+02 1.123436782690586250e-01
6.392768914320053000e+02 1.134607230246103826e-01
6.433487187659670781e+02 1.146963614429723083e-01
6.474205460999289699e+02 1.158705073062902685e-01
6.514923734338907479e+02 1.167975306944943892e-01
6.555642007678525260e+02 1.173286997194780829e-01
6.596360281018144178e+02 1.173836812148858766e-01
6.637078554357761959e+02 1.169627566571332516e-01
6.677796827697379740e+02 1.161378034445712526e-01
6.718515101036998658e+02 1.150267343964095079e-01
6.759233374376616439e+02 1.137606860605284709e-01
6.799951647716234220e+02 1.124543623337559001e-01
6.840669921055853138e+02 1.111874848652693037e-01
6.881388194395470919e+02 1.100004875738678639e-01
6.922106467735089836e+02 1.089023875674125785e-01
6.962824741074707617e+02 1.078850886886858207e-01
7.003543014414325398e+02 1.069373669672879501e-01
7.044261287753944316e+02 1.060534403088314870e-01
7.084979561093562097e+02 1.052342980357402064e-01
7.125697834433179878e+02 1.044833139462075788e-01
7.166416107772798796e+02 1.037997233719903933e-01
7.207134381112416577e+02 1.031736706450038510e-01
7.247852654452034358e+02 1.025850028122236302e-01
7.288570927791653276e+02 1.020057626181436056e-01
7.329289201131271057e+02 1.014045664525922985e-01
7.370007474470888837e+02 1.007505292423591658e-01
7.410725747810507755e+02 1.000152133544441463e-01
7.451444021150125536e+02 9.917264925083466021e-02
7.492162294489743317e+02 9.819887461523633954e-02
7.532880567829362235e+02 9.707287559964092316e-02
7.573598841168980016e+02 9.578002912808876446e-02
7.614317114508597797e+02 9.431753247303860388e-02
7.655035387848216715e+02 9.269971201291578311e-02
7.695753661187834496e+02 9.096040480848430199e-02
7.736471934527452277e+02 8.915027436900424540e-02
7.777190207867071194e+02 8.732877146123728396e-02
7.817908481206688975e+02 8.555270694738066617e-02
7.858626754546306756e+02 8.386504617323252420e-02
7.899345027885925674e+02 8.228776707904325582e-02
7.940063301225543455e+02 8.082125108481238995e-02
7.980781574565161236e+02 7.945021117181079451e-02
8.021499847904780154e+02 7.815362008154407014e-02
8.062218121244397935e+02 7.691456056658643736e-02
8.102936394584015716e+02 7.572604790782597184e-02
8.143654667923634634e+02 7.459063643156023382e-02
8.184372941263252415e+02 7.351428546575741740e-02
8.225091214602871332e+02 7.249741092187962643e-02
8.265809487942490250e+02 7.152726279641719032e-02
8.306527761282106894e+02 7.057524754364259689e-02
8.347246034621726949e+02 6.960078897739843673e-02
8.387964307961343593e+02 6.856064680090176444e-02
8.428682581300961374e+02 6.742039732841607902e-02
8.469400854640580292e+02 6.616392208209284642e-02
8.510119127980199210e+02 6.479756116138998823e-02
8.550837401319815854e+02 6.334768846298870215e-02
8.591555674659433635e+02 6.185295803078475624e-02
8.632273947999052552e+02 6.035433172767490362e-02
8.672992221338670333e+02 5.888650747656766493e-02
8.713710494678289251e+02 5.747339443913244278e-02
8.754428768017908169e+02 5.612831801087753147e-02
8.795147041357524813e+02 5.485756635317656782e-02
8.835865314697144868e+02 5.366460063139758679e-02
8.876583588036761512e+02 5.255226420837072476e-02
8.917301861376379293e+02 5.152158639618570346e-02
8.958020134715998211e+02 5.056769165551087269e-02
8.998738408055617128e+02 4.967502876668804246e-02
9.039456681395233772e+02 4.881485630363624484e-02
9.080174954734851553e+02 4.794730968294871193e-02
9.120893228074470471e+02 4.702864300005836495e-02
9.161611501414088252e+02 4.602207133632895547e-02
9.202329774753707170e+02 4.490891509292258693e-02
9.243048048093326088e+02 4.369618519620611929e-02
9.283766321432942732e+02 4.241761875316549246e-02
9.324484594772562787e+02 4.112719967323626158e-02
9.365202868112179431e+02 3.988665832117936627e-02
9.405921141451797212e+02 3.875045628555068289e-02
9.446639414791416129e+02 3.775261477724092124e-02
9.487357688131035047e+02 3.689915478176974961e-02
9.528075961470652828e+02 3.616811941629776567e-02
9.568794234810269472e+02 3.551679298055512163e-02
9.609512508149888390e+02 3.489362753423304320e-02
9.650230781489506171e+02 3.425121165179163818e-02
9.690949054829125089e+02 3.355667745873280872e-02
9.731667328168744007e+02 3.279710464831332023e-02
9.772385601508361788e+02 3.197924689979507462e-02
9.813103874847980705e+02 3.112462882400134773e-02
9.853822148187597350e+02 3.026218597630748672e-02
9.894540421527215130e+02 2.942087245785474786e-02
9.935258694866834048e+02 2.862410928236747143e-02
9.975976968206452966e+02 2.788693256865774558e-02
1.001669524154607075e+03 2.721567032878233899e-02
1.005741351488568739e+03 2.660929797895719012e-02
1.009813178822530631e+03 2.606145538504854239e-02
1.013885006156492409e+03 2.556237550323336993e-02
1.017956833490454301e+03 2.510043610475874015e-02
1.022028660824416193e+03 2.466342974639949143e-02
1.026100488158377857e+03 2.423977779120468565e-02
1.030172315492339749e+03 2.381978164708407203e-02
1.034244142826301641e+03 2.339674652602087915e-02
1.038315970160263305e+03 2.296762912358415315e-02
1.042387797494225197e+03 2.253289921424754538e-02
1.046459624828187088e+03 2.209558269709459635e-02
1.050531452162148753e+03 2.165984220271823663e-02
1.054603279496110645e+03 2.122974103028958323e-02
1.058675106830072536e+03 2.080884180473263623e-02
1.062746934164034201e+03 2.040095278227557762e-02
1.066818761497996093e+03 2.001176189988455867e-02
1.070890588831957984e+03 1.965053595715473764e-02
1.074962416165919649e+03 1.933078648754713719e-02
1.079034243499881541e+03 1.906899737377301327e-02
1.083106070833843432e+03 1.888116589648360447e-02
1.087177898167805097e+03 1.877781592382895409e-02
1.091249725501766989e+03 1.875895111158992767e-02
1.095321552835728880e+03 1.881077816943156969e-02
1.099393380169690545e+03 1.890574008600427389e-02
1.103465207503652437e+03 1.900649006264256563e-02
1.107537034837614328e+03 1.907318518141046942e-02
1.111608862171575993e+03 1.907231224755600446e-02
1.115680689505537885e+03 1.898460120928215089e-02
1.119752516839499776e+03 1.880969616440347422e-02
1.123824344173461441e+03 1.856613758272473644e-02
1.127896171507423333e+03 1.828658843750221447e-02
1.131967998841385224e+03 1.800966003753123879e-02
1.136039826175347116e+03 1.777068940865989682e-02
1.140111653509308780e+03 1.759406353507866200e-02
1.144183480843270672e+03 1.748910891162058778e-02
1.148255308177232564e+03 1.745037766641020088e-02
1.152327135511194228e+03 1.746177380557185910e-02
1.156398962845156120e+03 1.750283870031145786e-02
1.160470790179118012e+03 1.755501085546991996e-02
1.164542617513079676e+03 1.760592287474787437e-02
1.168614444847041568e+03 1.765066794904159367e-02
1.172686272181003460e+03 1.769012244616347332e-02
1.176758099514965124e+03 1.772743288930806946e-02
1.180829926848927016e+03 1.776431591635909898e-02
1.184901754182888908e+03 1.779871813224813068e-02
1.188973581516850572e+03 1.782471585075398948e-02
1.193045408850812464e+03 1.783457965893300509e-02
1.197117236184774356e+03 1.782205536855650460e-02
1.201189063518736020e+03 1.778544589374447815e-02
1.205260890852697912e+03 1.772917950795929037e-02
1.209332718186659804e+03 1.766316207341510000e-02
1.213404545520621468e+03 1.760008583020299458e-02
1.217476372854583360e+03 1.755166278701658644e-02
1.221548200188545252e+03 1.752516170036949594e-02
1.225620027522506916e+03 1.752150204923703242e-02
1.229691854856468808e+03 1.753555317405305208e-02
1.233763682190430700e+03 1.755844289876907702e-02
1.237835509524392364e+03 1.758092726577877365e-02
1.241907336858354256e+03 1.759650104759321806e-02
1.245979164192316148e+03 1.760307473383678628e-02
1.250050991526277812e+03 1.760264128844874973e-02
1.254122818860239704e+03 1.759916399801105674e-02
1.258194646194201596e+03 1.759561668597478187e-02
1.262266473528163260e+03 1.759142985883672614e-02
1.266338300862125152e+03 1.758142488801109002e-02
1.270410128196087044e+03 1.755673203894277459e-02
1.274481955530048708e+03 1.750742412793871577e-02
1.278553782864010600e+03 1.742595266296505935e-02
1.282625610197972492e+03 1.731018563371051339e-02
1.286697437531934156e+03 1.716500509304780611e-02
1.290769264865896048e+03 1.700194283104597415e-02
1.294841092199857940e+03 1.683699843935828125e-02
1.298912919533819604e+03 1.668734462648898201e-02
1.302984746867781496e+03 1.656789363778191776e-02
1.307056574201743388e+03 1.648862086253262763e-02
1.311128401535705052e+03 1.645319873676632724e-02
1.315200228869666944e+03 1.645905283462533591e-02
1.319272056203628836e+03 1.649858399537036321e-02
1.323343883537590500e+03 1.656110938954191009e-02
1.327415710871552392e+03 1.663506657848097883e-02
1.331487538205514284e+03 1.671012311748959478e-02
1.335559365539475948e+03 1.677894083306194495e-02
1.339631192873437840e+03 1.683839489709798923e-02
1.343703020207399732e+03 1.689004842060802883e-02
1.347774847541361396e+03 1.693969754743945150e-02
1.351846674875323288e+03 1.699590628617769078e-02
1.355918502209285180e+03 1.706767631045810404e-02
1.359990329543246844e+03 1.716169682770257721e-02
1.364062156877208736e+03 1.727987446094992469e-02
1.368133984211170628e+03 1.741791448082214214e-02
1.372205811545132292e+03 1.756552583369560758e-02
1.376277638879094184e+03 1.770837334764537724e-02
1.380349466213056076e+03 1.783133775693851800e-02
1.384421293547017967e+03 1.792217469609917735e-02
1.388493120880979632e+03 1.797448057215970257e-02
1.392564948214941523e+03 1.798906925636923129e-02
1.396636775548903415e+03 1.797338404850407773e-02
1.400708602882865080e+03 1.793922629215971912e-02
1.404780430216826971e+03 1.789962753098042064e-02
1.408852257550788863e+03 1.786592051643870471e-02
1.412924084884750528e+03 1.784589810378158642e-02
1.416995912218712419e+03 1.784347030625301617e-02
1.421067739552674311e+03 1.785964361321957725e-02
1.425139566886635976e+03 1.789419173632794333e-02
1.429211394220597867e+03 1.794723329175977253e-02
1.433283221554559759e+03 1.802011156819592619e-02
1.437355048888521424e+03 1.811537183247103819e-02
1.441426876222483315e+03 1.823605315985275116e-02
1.445498703556445207e+03 1.838476294749815526e-02
1.449570530890406872e+03 1.856298668526145182e-02
1.453642358224368763e+03 1.877084216144184886e-02
1.457714185558330655e+03 1.900716566715557332e-02
1.461786012892292320e+03 1.926960139285209192e-02
1.465857840226254211e+03 1.955437937943768287e-02
1.469929667560216103e+03 1.985571564730408828e-02
1.474001494894177767e+03 2.016512738829414481e-02
1.478073322228139659e+03 2.047123318684795218e-02
1.482145149562101551e+03 2.076063200853872637e-02
1.486216976896063215e+03 2.102016129670793501e-02
1.490288804230025107e+03 2.124030601639095850e-02
1.494360631563986999e+03 2.141896827137546727e-02
1.498432458897948663e+03 2.156445064525518152e-02
1.502504286231910555e+03 2.169653215233299098e-02
1.506576113565872447e+03 2.184495977690889545e-02
1.510647940899834111e+03 2.204541602986089671e-02
1.514719768233796003e+03 2.233381158114105050e-02
1.518791595567757895e+03 2.274032227822679261e-02
1.522863422901719559e+03 2.328474347308178219e-02
1.526935250235681451e+03 2.397441364812954653e-02
1.531007077569643343e+03 2.480526165864274310e-02
1.535078904903605007e+03 2.576567148160352483e-02
1.539150732237566899e+03 2.684209064258233357e-02
1.543222559571528791e+03 2.802485051110330944e-02
1.547294386905490455e+03 2.931263869543843797e-02
1.551366214239452347e+03 3.071446642376426950e-02
1.555438041573414239e+03 3.224869883048899627e-02
1.559509868907375903e+03 3.393957928004067565e-02
1.563581696241337795e+03 3.581246160094987696e-02
1.567653523575299687e+03 3.788945513057316583e-02
1.571725350909261351e+03 4.018722347675401929e-02
1.575797178243223243e+03 4.271818317042981594e-02
1.579869005577185135e+03 4.549536992222688592e-02
1.583940832911146799e+03 4.853996690090749133e-02
1.588012660245108691e+03 5.188923875926342022e-02
1.592084487579070583e+03 5.560177441758977490e-02
1.596156314913032247e+03 5.975686608217067874e-02
1.600228142246994139e+03 6.444574175088882417e-02
1.604299969580956031e+03 6.975416542396759012e-02
1.608371796914917695e+03 7.573826870459406113e-02
1.612443624248879587e+03 8.239778505412337362e-02
1.616515451582841479e+03 8.965244060047801444e-02
1.620587278916803143e+03 9.732754812889181373e-02
1.624659106250765035e+03 1.051536030840930502e-01
1.628730933584726927e+03 1.127820699983399788e-01
1.632802760918688818e+03 1.198161644042003982e-01
1.636874588252650483e+03 1.258521274290326231e-01
1.640946415586612375e+03 1.305241198666617086e-01
1.645018242920574266e+03 1.335450470523841526e-01
1.649090070254536158e+03 1.347365540763517111e-01
1.653161897588498050e+03 1.340438141784068282e-01
1.657233724922459714e+03 1.315339068871305694e-01
1.661305552256421379e+03 1.273797186864357445e-01
1.665377379590383043e+03 1.218336558780384465e-01
1.669449206924345390e+03 1.151965832105830423e-01
1.673521034258306827e+03 1.077872209016703386e-01
1.677592861592268719e+03 9.991602318770971547e-02
1.681664688926230610e+03 9.186581394506378173e-02
1.685736516260192275e+03 8.387969719477675334e-02
1.689808343594154167e+03 7.615540271286350138e-02
1.693880170928116058e+03 6.884447454966871605e-02
1.697951998262077495e+03 6.205455711813181313e-02
1.702023825596039842e+03 5.585332179644771078e-02
1.706095652930001506e+03 5.027308452669678601e-02
1.710167480263963171e+03 4.531568449890262251e-02
1.714239307597924835e+03 4.095758142130243723e-02
1.718311134931886727e+03 3.715531548325327893e-02
1.722382962265848619e+03 3.385145594355817161e-02
1.726454789599810510e+03 3.098098340057008418e-02
1.730526616933772402e+03 2.847778013553876539e-02
1.734598444267734067e+03 2.628063539464125034e-02
1.738670271601695958e+03 2.433800821024791755e-02
1.742742098935657850e+03 2.261081539868399840e-02
1.746813926269619742e+03 2.107276955827061538e-02
1.750885753603581634e+03 1.970825405428881447e-02
1.754957580937543298e+03 1.850828279559315476e-02
1.759029408271504963e+03 1.746558718228362339e-02
1.763101235605466627e+03 1.657012778928629998e-02
1.767173062939428974e+03 1.580622774090711599e-02
1.771244890273390411e+03 1.515206258325236567e-02
1.775316717607352302e+03 1.458154010275638721e-02
1.779388544941314194e+03 1.406788140288979180e-02
1.783460372275275859e+03 1.358771227064943174e-02
1.787532199609237750e+03 1.312436503354283412e-02
1.791604026943199642e+03 1.266941333054132438e-02
1.795675854277161079e+03 1.222209804304666067e-02
1.799747681611123426e+03 1.178702062378226591e-02
1.803819508945085090e+03 1.137102158532315131e-02
1.807891336279046754e+03 1.098033963358067099e-02
1.811963163613008419e+03 1.061891553403666345e-02
1.816034990946970311e+03 1.028817531752243900e-02
1.820106818280932202e+03 9.988019783774176527e-03
1.824178645614894094e+03 9.718300839964241419e-03
1.828250472948855986e+03 9.479944374946919564e-03
1.832322300282817650e+03 9.275111955035195838e-03
1.836394127616779542e+03 9.106266166867830331e-03
1.840465954950741434e+03 8.974513857086613422e-03
1.844537782284703326e+03 8.877940138090173808e-03
1.848609609618665218e+03 8.810684081969877984e-03
1.852681436952626882e+03 8.763239792606482975e-03
1.856753264286588546e+03 8.724009194056097163e-03
1.860825091620550211e+03 8.681668311008635536e-03
1.864896918954512557e+03 8.627612494399193241e-03
1.868968746288473994e+03 8.557719195808563897e-03
1.873040573622435886e+03 8.472903910221008320e-03
1.877112400956397778e+03 8.378344695325393859e-03
1.881184228290359442e+03 8.281663348239248074e-03
1.885256055624321334e+03 8.190638296708890181e-03
1.889327882958283226e+03 8.111106863486905114e-03
1.893399710292245118e+03 8.045593682073451727e-03
1.897471537626207009e+03 7.992945264717906881e-03
1.901543364960168674e+03 7.948956894648511601e-03
1.905615192294130566e+03 7.907736918258972611e-03
1.909687019628092003e+03 7.863417517859142003e-03
1.913758846962053894e+03 7.811797671049549793e-03
1.917830674296016241e+03 7.751567765686075313e-03
1.921902501629977678e+03 7.684879026750260356e-03
1.925974328963939570e+03 7.617154042324045422e-03
1.930046156297901234e+03 7.556170734450422428e-03
1.934117983631863126e+03 7.510583585761397216e-03
1.938189810965825018e+03 7.488163133479748892e-03
1.942261638299786910e+03 7.494117624749873155e-03
1.946333465633748801e+03 7.529880415527191728e-03
1.950405292967710466e+03 7.592677669426349356e-03
1.954477120301672358e+03 7.676027986390057505e-03
1.958548947635633795e+03 7.771096170611685276e-03
1.962620774969596141e+03 7.868586695443499993e-03
1.966692602303558033e+03 7.960693374402768793e-03
1.970764429637519470e+03 8.042583877042819296e-03
1.974836256971481362e+03 8.113016719459865619e-03
1.978908084305443026e+03 8.173937398774805754e-03
1.982979911639404918e+03 8.229205065579572875e-03
1.987051738973366810e+03 8.282863670037677803e-03
1.991123566307328701e+03 8.337505033179235664e-03
1.995195393641290593e+03 8.393231607873134770e-03
1.999267220975252258e+03 8.447528485570923035e-03
2.003339048309214149e+03 8.496065310763408623e-03
2.007410875643175586e+03 8.534164943424057959e-03
2.011482702977137478e+03 8.558486031181504125e-03
2.015554530311099825e+03 8.568423117162942901e-03
2.019626357645061262e+03 8.566830661214686407e-03
2.023698184979023154e+03 8.559880046735895281e-03
2.027770012312984818e+03 8.556090143404634224e-03
2.031841839646946710e+03 8.564764279479086459e-03
2.035913666980908602e+03 8.594177053387575330e-03
2.039985494314870493e+03 8.649874976201539847e-03
2.044057321648832385e+03 8.733404839895479721e-03
2.048129148982794050e+03 8.841693686598378274e-03
2.052200976316755714e+03 8.967199631309050525e-03
2.056272803650717833e+03 9.098844580909199245e-03
2.060344630984679497e+03 9.223627393230241639e-03
2.064416458318641162e+03 9.328698049200865455e-03
2.068488285652603281e+03 9.403560639853255493e-03
2.072560112986564945e+03 9.441993042824864402e-03
2.076631940320526610e+03 9.443261948480548978e-03
2.080703767654488729e+03 9.412304517683553820e-03
2.084775594988450393e+03 9.358747146609428316e-03
2.088847422322412058e+03 9.294903667667489197e-03
2.092919249656374177e+03 9.233170171206126278e-03
2.096991076990335841e+03 9.183425612964219581e-03
2.101062904324297506e+03 9.151084437568183377e-03
2.105134731658259625e+03 9.136300463605733641e-03
2.109206558992221289e+03 9.134519887434066135e-03
2.113278386326182954e+03 9.138208969154152858e-03
2.117350213660145073e+03 9.139250814346494556e-03
2.121422040994106737e+03 9.131319202222262094e-03
2.125493868328068402e+03 9.111555339218729843e-03
2.129565695662030521e+03 9.081091001793495376e-03
2.133637522995992185e+03 9.044311153963334460e-03
2.137709350329953850e+03 9.007123073949609149e-03
2.141781177663915969e+03 8.974784914807677066e-03
2.145853004997877633e+03 8.949962739313069640e-03
2.149924832331839298e+03 8.931603823473679635e-03
2.153996659665801417e+03 8.914966828605186064e-03
2.158068486999763081e+03 8.892813236638718449e-03
2.162140314333724746e+03 8.857436129444182585e-03
2.166212141667686865e+03 8.802970412108045845e-03
2.170283969001648529e+03 8.727350199352477272e-03
2.174355796335610194e+03 8.633368654875203316e-03
2.178427623669572313e+03 8.528524840517063069e-03
2.182499451003533977e+03 8.423650329973520270e-03
2.186571278337495642e+03 8.330618187794515753e-03
2.190643105671457761e+03 8.259672574661546668e-03
2.194714933005419425e+03 8.217021056878003743e-03
2.198786760339381090e+03 8.203277129644257273e-03
2.202858587673343209e+03 8.213138974642167356e-03
2.206930415007304873e+03 8.236390408011679681e-03
2.211002242341266538e+03 8.259986407044929424e-03
2.215074069675228657e+03 8.270722164265427098e-03
2.219145897009190321e+03 8.257851084418522600e-03
2.223217724343151986e+03 8.215048944445565993e-03
2.227289551677114105e+03 8.141307920428672920e-03
2.231361379011075769e+03 8.040630514876637852e-03
2.235433206345037433e+03 7.920696752991144771e-03
2.239505033678999553e+03 7.790913307694756831e-03
2.243576861012961217e+03 7.660359979833858413e-03
2.247648688346922881e+03 7.536109516494029006e-03
2.251720515680885001e+03 7.422239238971670323e-03
2.255792343014846665e+03 7.319638289470907153e-03
2.259864170348808329e+03 7.226512433590591422e-03
2.263935997682770449e+03 7.139353332918979902e-03
2.268007825016732113e+03 7.054092859994416480e-03
2.272079652350694232e+03 6.967192995528065022e-03
2.276151479684655897e+03 6.876493443498296262e-03
2.280223307018617561e+03 6.781714673959250705e-03
2.284295134352579680e+03 6.684570527448615955e-03
2.288366961686541345e+03 6.588480906356714364e-03
2.292438789020503009e+03 6.497907836017743563e-03
2.296510616354465128e+03 6.417386621474205181e-03
2.300582443688426793e+03 6.350394295419017898e-03
2.304654271022388457e+03 6.298274574519568611e-03
2.308726098356350576e+03 6.259488250857847200e-03
2.312797925690312240e+03 6.229442971546916667e-03
2.316869753024273905e+03 6.201055583105083771e-03
2.320941580358236024e+03 6.166023976018073297e-03
2.325013407692197688e+03 6.116578177419130721e-03
2.329085235026159353e+03 6.047308562195282886e-03
2.333157062360121472e+03 5.956596899814892501e-03
2.337228889694083136e+03 5.847240591770464305e-03
2.341300717028044801e+03 5.726054703710041147e-03
2.345372544362006920e+03 5.602507925352122678e-03
2.349444371695968584e+03 5.486716044802675447e-03
2.353516199029930249e+03 5.387296915132640425e-03
2.357588026363892368e+03 5.309628019313748781e-03
2.361659853697854032e+03 5.254931084195463113e-03
2.365731681031815697e+03 5.220375588651069050e-03
2.369803508365777816e+03 5.200116709484423755e-03
2.373875335699739480e+03 5.186945134406091389e-03
2.377947163033701145e+03 5.174091421474882359e-03
2.382018990367663264e+03 5.156725903506317529e-03
2.386090817701624928e+03 5.132815114246540820e-03
2.390162645035586593e+03 5.103192663196833706e-03
2.394234472369548712e+03 5.070915444314754751e-03
2.398306299703510376e+03 5.040147203980598067e-03
2.402378127037472041e+03 5.014901564358052038e-03
2.406449954371434160e+03 4.997972537300587534e-03
2.410521781705395824e+03 4.990294753042551212e-03
2.414593609039357489e+03 4.990838913094481147e-03
2.418665436373319608e+03 4.996999736353332708e-03
2.422737263707281272e+03 5.005311885174318527e-03
2.426809091041242937e+03 5.012262531277949552e-03
2.430880918375205056e+03 5.014970868112191178e-03
2.434952745709166720e+03 5.011570939453528772e-03
2.439024573043128385e+03 5.001243678921953213e-03
2.443096400377090504e+03 4.983963630836350280e-03
2.447168227711052168e+03 4.960117827380735971e-03
2.451240055045013833e+03 4.930187767978778599e-03
2.455311882378975952e+03 4.894646815952586640e-03
2.459383709712937616e+03 4.854125184800463060e-03
2.463455537046899281e+03 4.809767074591064610e-03
2.467527364380861400e+03 4.763597373968079217e-03
2.471599191714823064e+03 4.718674069142067898e-03
2.475671019048784729e+03 4.678852000873223206e-03
2.479742846382746848e+03 4.648115789274312112e-03
2.483814673716708512e+03 4.629612445353037398e-03
2.487886501050670176e+03 4.624663659570715964e-03
2.491958328384632296e+03 4.632101430021929103e-03
2.496030155718593960e+03 4.648212232796868244e-03
2.500101983052555624e+03 4.667401648410502216e-03
2.504173810386517744e+03 4.683455976626588191e-03
2.508245637720479408e+03 4.691061898645240529e-03
2.512317465054441072e+03 4.687131610899262363e-03
2.516389292388403192e+03 4.671519044083452012e-03
2.520461119722364856e+03 4.646899003907047770e-03
2.524532947056326520e+03 4.617855474365578639e-03
2.528604774390288640e+03 4.589491545596722545e-03
2.532676601724250304e+03 4.566033608245046067e-03
2.536748429058211968e+03 4.549894750355640109e-03
2.540820256392174088e+03 4.541486153533917311e-03
2.544892083726135752e+03 4.539783934916590685e-03
2.548963911060097416e+03 4.543377003378576418e-03
2.553035738394059535e+03 4.551545969045283843e-03
2.557107565728021200e+03 4.564921699363510242e-03
2.561179393061982864e+03 4.585446187182898488e-03
2.565251220395944983e+03 4.615641279658145787e-03
2.569323047729906648e+03 4.657472548479093914e-03
2.573394875063868312e+03 4.711265377123771518e-03
2.577466702397830431e+03 4.775120182458055494e-03
2.581538529731792096e+03 4.845085821881086469e-03
2.585610357065753760e+03 4.916057327310510879e-03
2.589682184399715879e+03 4.983081439029981956e-03
2.593754011733677544e+03 5.042593649395026197e-03
2.597825839067639208e+03 5.093138640291561617e-03
2.601897666401601327e+03 5.135332692920454786e-03
2.605969493735562992e+03 5.171130465640295763e-03
2.610041321069524656e+03 5.202737483135114194e-03
2.614113148403486775e+03 5.231649563443512875e-03
2.618184975737448440e+03 5.258241229121202349e-03
2.622256803071410104e+03 5.282086837598929524e-03
2.626328630405372223e+03 5.302874774232325776e-03
2.630400457739333888e+03 5.321498818146818549e-03
2.634472285073295552e+03 5.340799615693220606e-03
2.638544112407257671e+03 5.365538078227127458e-03
2.642615939741219336e+03 5.401478580787870409e-03
2.646687767075181000e+03 5.453831769943059092e-03
2.650759594409143119e+03 5.525606221615353419e-03
2.654831421743104784e+03 5.616517653114228188e-03
2.658903249077066448e+03 5.722949449062620167e-03
2.662975076411028567e+03 5.839092877130305607e-03
2.667046903744990232e+03 5.958949466529154561e-03
2.671118731078951896e+03 6.078520632882404920e-03
2.675190558412914015e+03 6.197384762348829255e-03
2.679262385746875680e+03 6.319031573954110928e-03
2.683334213080837344e+03 6.449740094486506106e-03
2.687406040414799463e+03 6.596306579163472086e-03
2.691477867748761128e+03 6.763363719670917144e-03
2.695549695082722792e+03 6.951218503225867554e-03
2.699621522416684911e+03 7.154995810986821032e-03
2.703693349750646576e+03 7.365448774022370637e-03
2.707765177084608240e+03 7.571231069067083097e-03
2.711837004418570359e+03 7.761920519773054736e-03
2.715908831752532024e+03 7.930818718431955489e-03
2.719980659086493688e+03 8.076624118846905537e-03
2.724052486420455807e+03 8.203461860798278577e-03
2.728124313754417472e+03 8.319315910133953315e-03
2.732196141088379136e+03 8.433448290291892593e-03
2.736267968422341255e+03 8.553715533601524007e-03
2.740339795756302919e+03 8.684690854807644925e-03
2.744411623090264584e+03 8.827176793311380942e-03
2.748483450424226703e+03 8.979167817622004527e-03
2.752555277758188367e+03 9.137788247549440135e-03
2.756627105092150032e+03 9.301382864810362611e-03
2.760698932426112151e+03 9.470902782336376030e-03
2.764770759760073815e+03 9.650020281094953342e-03
2.768842587094035935e+03 9.843916269944706643e-03
2.772914414427997599e+03 1.005722312567513058e-02
2.776986241761959263e+03 1.029196942110935722e-02
2.781058069095921383e+03 1.054641667311271604e-02
2.785129896429883047e+03 1.081537189239911712e-02
2.789201723763844711e+03 1.109200399543206275e-02
2.793273551097806831e+03 1.137058678881176267e-02
2.797345378431768495e+03 1.164916602827604716e-02
2.801417205765730159e+03 1.193107879979136282e-02
2.805489033099692278e+03 1.222459285652467871e-02
2.809560860433653943e+03 1.254058316921980928e-02
2.813632687767615607e+03 1.288889984892110929e-02
2.817704515101577726e+03 1.327463351141008017e-02
2.821776342435539391e+03 1.369562895957759062e-02
2.825848169769501055e+03 1.414225171410307680e-02
2.829919997103463174e+03 1.459967027517736216e-02
2.833991824437424839e+03 1.505203177157427887e-02
2.838063651771386503e+03 1.548720165153450422e-02
2.842135479105348622e+03 1.590048230082617350e-02
2.846207306439310287e+03 1.629603732927297627e-02
2.850279133773271951e+03 1.668553402909059638e-02
2.854350961107234070e+03 1.708449799743651937e-02
2.858422788441195735e+03 1.750768803807861360e-02
2.862494615775157399e+03 1.796513614280102061e-02
2.866566443109119518e+03 1.846022255699493811e-02
2.870638270443081183e+03 1.899036940920100641e-02
2.874710097777042847e+03 1.954993805160299206e-02
2.878781925111004966e+03 2.013409038378271426e-02
2.882853752444966631e+03 2.074204179270252094e-02
2.886925579778928295e+03 2.137841749326863799e-02
2.890997407112890414e+03 2.205220466469863874e-02
2.895069234446852079e+03 2.277375318245090582e-02
2.899141061780813743e+03 2.355103377534336490e-02
2.903212889114775862e+03 2.438661862778703643e-02
2.907284716448737527e+03 2.527651771851924939e-02
2.911356543782699191e+03 2.621123572879428473e-02
2.915428371116661310e+03 2.717853226970210617e-02
2.919500198450622975e+03 2.816673065634646075e-02
2.923572025784584639e+03 2.916727330858229911e-02
2.927643853118546758e+03 3.017560262410979785e-02
2.931715680452508423e+03 3.119017824699867741e-02
2.935787507786470087e+03 3.221021708355396168e-02
2.939859335120432206e+03 3.323325399194696633e-02
2.943931162454393871e+03 3.425368522319462844e-02
2.948002989788355535e+03 3.526307608732794086e-02
2.952074817122317654e+03 3.625235885447717493e-02
2.956146644456279319e+03 3.721536910006848636e-02
2.960218471790240983e+03 3.815269694446327131e-02
2.964290299124203102e+03 3.907468784228281672e-02
2.968362126458164767e+03 4.000261207136134034e-02
2.972433953792126431e+03 4.096743547577332001e-02
2.976505781126088550e+03 4.200613844304194877e-02
2.980577608460050214e+03 4.315604140004437872e-02
2.984649435794011879e+03 4.444804093631872510e-02
2.988721263127973998e+03 4.590000040078993926e-02
2.992793090461935662e+03 4.751171879928560438e-02
2.996864917795897327e+03 4.926283928007902518e-02
3.000936745129859446e+03 5.111466681199026973e-02
3.005008572463821110e+03 5.301611533543765242e-02
3.009080399797782775e+03 5.491299336738290210e-02
3.013152227131744894e+03 5.675880852758964645e-02
3.017224054465706558e+03 5.852457090584980287e-02
3.021295881799668223e+03 6.020502788260566340e-02
3.025367709133630342e+03 6.181952476939107932e-02
3.029439536467592006e+03 6.340713198790184912e-02
3.033511363801553671e+03 6.501739641532580660e-02
3.037583191135515790e+03 6.669947574775300647e-02
3.041655018469477454e+03 6.849295507329271337e-02
3.045726845803439119e+03 7.042304906024210442e-02
3.049798673137401238e+03 7.250130192623441272e-02
3.053870500471362902e+03 7.473085614268697163e-02
3.057942327805324567e+03 7.711363831117409862e-02
3.062014155139286686e+03 7.965610583058824190e-02
3.066085982473248350e+03 8.237084893347632053e-02
3.070157809807210015e+03 8.527315895300002779e-02
3.074229637141172134e+03 8.837397237599478594e-02
3.078301464475133798e+03 9.167244692827171415e-02
3.082373291809095463e+03 9.515199729806286810e-02
3.086445119143057582e+03 9.878254754835599782e-02
3.090516946477019246e+03 1.025293230608871342e-01
3.094588773810980911e+03 1.063655743853052782e-01
3.098660601144943030e+03 1.102843606942758292e-01
3.102732428478904694e+03 1.143039439955898240e-01
3.106804255812866359e+03 1.184629237726943229e-01
3.110876083146828478e+03 1.228046506841112134e-01
3.114947910480790142e+03 1.273546266546417560e-01
3.119019737814751807e+03 1.320980407322459305e-01
3.123091565148713926e+03 1.369659167478513573e-01
3.127163392482675590e+03 1.418367906508879450e-01
3.131235219816637255e+03 1.465565831291891219e-01
3.135307047150599374e+03 1.509735615665174779e-01
3.139378874484561038e+03 1.549798277054421081e-01
3.143450701818522703e+03 1.585475286796268757e-01
3.147522529152484822e+03 1.617482866353712745e-01
3.151594356486446486e+03 1.647483990526020237e-01
3.155666183820408150e+03 1.677791436308055106e-01
3.159738011154370270e+03 1.710889987763986597e-01
3.163809838488331934e+03 1.748903659574492231e-01
3.167881665822293598e+03 1.793154846424169779e-01
3.171953493156255718e+03 1.843938201837137247e-01
3.176025320490217382e+03 1.900569043893549637e-01
3.180097147824179046e+03 1.961683597295699188e-01
3.184168975158141166e+03 2.025692827785143812e-01
3.188240802492102830e+03 2.091247560155467533e-01
3.192312629826064494e+03 2.157574224426316023e-01
3.196384457160026614e+03 2.224586846400330165e-01
3.200456284493988278e+03 2.292755713363972825e-01
3.204528111827949942e+03 2.362791125433805761e-01
3.208599939161912062e+03 2.435256071562667546e-01
3.212671766495873726e+03 2.510237447702652336e-01
3.216743593829835390e+03 2.587178720612938743e-01
3.220815421163797510e+03 2.664919439326917106e-01
3.224887248497759174e+03 2.741919958239346089e-01
3.228959075831720838e+03 2.816595769636028868e-01
3.233030903165682957e+03 2.887660823151467770e-01
3.237102730499644622e+03 2.954387378210809878e-01
3.241174557833606286e+03 3.016723855324924264e-01
3.245246385167568405e+03 3.075257072530824809e-01
3.249318212501530070e+03 3.131045671415260689e-01
3.253390039835491734e+03 3.185376989680639426e-01
3.257461867169453853e+03 3.239507375941851341e-01
3.261533694503415518e+03 3.294439783049690207e-01
3.265605521837377637e+03 3.350778968227257626e-01
3.269677349171339301e+03 3.408688883314206497e-01
3.273749176505300966e+03 3.467960311543938912e-01
3.277821003839263085e+03 3.528178100222906233e-01
3.281892831173224749e+03 3.588955322418019844e-01
3.285964658507186869e+03 3.650178863847085564e-01
3.290036485841148533e+03 3.712194598616246344e-01
3.294108313175110197e+03 3.775860446626096989e-01
3.298180140509072316e+03 3.842419759327319051e-01
3.302251967843033981e+03 3.913195348324917111e-01
3.306323795176996100e+03 3.989164993501201351e-01
3.310395622510956855e+03 4.070532550403306304e-01
3.314467449844919429e+03 4.156432845996513303e-01
3.318539277178881548e+03 4.244888541283046157e-01
3.322611104512842758e+03 4.333072958229147176e-01
3.326682931846805332e+03 4.417841579988427969e-01
3.330754759180766087e+03 4.496406090260395838e-01
3.334826586514728206e+03 4.566970037762084766e-01
3.338898413848690780e+03 4.629145974726701640e-01
3.342970241182651989e+03 4.684032645633194325e-01
3.347042068516613654e+03 4.733929152231119986e-01
3.351113895850575318e+03 4.781768381050590655e-01
3.355185723184537437e+03 4.830429649017086158e-01
3.359257550518499102e+03 4.882116598149371933e-01
3.363329377852461221e+03 4.937956038187790719e-01
3.367401205186422885e+03 4.997901397140657176e-01
3.371473032520384550e+03 5.060937653073029896e-01
3.375544859854346669e+03 5.125510880141408432e-01
3.379616687188308333e+03 5.190063066042588380e-01
3.383688514522270452e+03 5.253545319839115768e-01
3.387760341856232117e+03 5.315801240433515318e-01
3.391832169190193781e+03 5.377743289282899131e-01
3.395903996524154991e+03 5.441278111604377354e-01
3.399975823858117565e+03 5.508969672956712804e-01
3.404047651192079684e+03 5.583466535704714184e-01
3.408119478526040439e+03 5.666766727853798091e-01
3.412191305860003013e+03 5.759448154141415532e-01
3.416263133193964222e+03 5.860040337645473496e-01
3.420334960527926341e+03 5.964731395797002733e-01
3.424406787861888915e+03 6.067570059230280588e-01
3.428478615195849670e+03 6.161226972765007082e-01
3.432550442529811789e+03 6.238236004289225978e-01
3.436622269863773454e+03 6.292482089988190586e-01
3.440694097197735573e+03 6.320588404439846375e-01
3.444765924531697237e+03 6.322829385081414344e-01
3.448837751865658902e+03 6.303280857286732708e-01
3.452909579199621021e+03 6.269101507197577527e-01
3.456981406533582685e+03 6.229072539944605635e-01
3.461053233867544805e+03 6.191734059301626791e-01
3.465125061201506469e+03 6.163578945669760945e-01
3.469196888535468133e+03 6.147755643543265647e-01
3.473268715869430252e+03 6.143590440654203011e-01
3.477340543203391917e+03 6.147010886861259404e-01
3.481412370537354036e+03 6.151706881505432101e-01
3.485484197871315700e+03 6.150680297393947837e-01
3.489556025205277365e+03 6.137761415380346142e-01
3.493627852539239484e+03 6.108725264369210262e-01
3.497699679873201148e+03 6.061795580237828718e-01
3.501771507207163268e+03 5.997521044192698492e-01
3.505843334541124023e+03 5.918182116684529426e-01
3.509915161875086596e+03 5.826986196702519383e-01
3.513986989209048716e+03 5.727313386153894958e-01
3.518058816543009925e+03 5.622198066277153128e-01
3.522130643876972499e+03 5.514111255915554732e-01
3.526202471210933254e+03 5.404992582594735362e-01
3.530274298544895373e+03 5.296407309355215531e-01
3.534346125878857947e+03 5.189691172532862051e-01
3.538417953212819157e+03 5.085987851556665884e-01
3.542489780546780821e+03 4.986156451299260661e-01
3.546561607880742486e+03 4.890597960186530702e-01
3.550633435214704605e+03 4.799093484828057532e-01
3.554705262548666269e+03 4.710749590397975695e-01
3.558777089882628388e+03 4.624109723550549056e-01
3.562848917216590053e+03 4.537431010405653109e-01
3.566920744550551717e+03 4.449064753715091247e-01
3.570992571884513836e+03 4.357837579468982758e-01
3.575064399218475501e+03 4.263321841387556210e-01
3.579136226552437620e+03 4.165911203864290369e-01
3.583208053886399284e+03 4.066672035194772716e-01
3.587279881220360949e+03 3.967007031838112319e-01
3.591351708554322158e+03 3.868224710018950963e-01
3.595423535888284732e+03 3.771139556482268618e-01
3.599495363222246851e+03 3.675822400671283630e-01
3.603567190556207606e+03 3.581579065349577151e-01
3.607639017890170180e+03 3.487168653935586171e-01
3.611710845224131390e+03 3.391200328974794398e-01
3.615782672558093509e+03 3.292591347624068687e-01
3.619854499892056083e+03 3.190947612687921042e-01
3.623926327226016838e+03 3.086749021363472401e-01
3.627998154559978957e+03 2.981279962738304645e-01
3.632069981893940621e+03 2.876322669803000887e-01
3.636141809227902741e+03 2.773703243263096474e-01
3.640213636561864405e+03 2.674823887310732173e-01
3.644285463895826069e+03 2.580316426758393900e-01
3.648357291229788189e+03 2.489911856080749275e-01
3.652429118563749853e+03 2.402552788682591201e-01
3.656500945897711972e+03 2.316703230469793762e-01
3.660572773231673636e+03 2.230756534565439542e-01
3.664644600565635301e+03 2.143423394444050056e-01
3.668716427899597420e+03 2.054000230752066058e-01
3.672788255233559084e+03 1.962464421545029869e-01
3.676860082567521204e+03 1.869398422673296534e-01
3.680931909901482868e+03 1.775790905011311038e-01
3.685003737235444532e+03 1.682786548586210906e-01
3.689075564569406652e+03 1.591453880716209857e-01
3.693147391903368316e+03 1.502618821509453528e-01
3.697219219237330435e+03 1.416782221724222357e-01
3.701291046571291190e+03 1.334114436287139882e-01
3.705362873905253764e+03 1.254506013361532113e-01
3.709434701239215883e+03 1.177651507229642985e-01
3.713506528573177093e+03 1.103148619641538958e-01
3.717578355907139667e+03 1.030600906290866092e-01
3.721650183241100422e+03 9.597145941295806559e-02
3.725722010575062541e+03 8.903780991509671616e-02
3.729793837909025115e+03 8.227098121847284395e-02
3.733865665242986324e+03 7.570602553274009827e-02
3.737937492576947989e+03 6.939618447270080870e-02
3.742009319910909653e+03 6.340326005440573287e-02
3.746081147244871772e+03 5.778548367623552451e-02
3.750152974578833437e+03 5.258599320610685135e-02
3.754224801912795556e+03 4.782506795991314785e-02
3.758296629246757220e+03 4.349821126152082773e-02
3.762368456580718885e+03 3.958033857620991969e-02
3.766440283914681004e+03 3.603439185986588578e-02
3.770512111248642668e+03 3.282138354843433525e-02
3.774583938582604787e+03 2.990865631588410234e-02
3.778655765916566452e+03 2.727406459419277548e-02
3.782727593250528116e+03 2.490543231876531441e-02
3.786799420584490235e+03 2.279634913494067022e-02
3.790871247918451900e+03 2.094048981357326394e-02
3.794943075252414019e+03 1.932681753714541109e-02
3.799014902586375683e+03 1.793730600901559044e-02
3.803086729920337348e+03 1.674758421155594229e-02
3.807158557254298557e+03 1.572972240194627641e-02
3.811230384588261131e+03 1.485570282067688250e-02
3.815302211922223250e+03 1.410014935938474177e-02
3.819374039256184005e+03 1.344150491659135659e-02
3.823445866590146579e+03 1.286169337261581537e-02
3.827517693924107789e+03 1.234498369626527842e-02
3.831589521258069908e+03 1.187701173576806782e-02
3.835661348592032482e+03 1.144466479480831834e-02
3.839733175925993237e+03 1.103696992110050380e-02
3.843805003259955356e+03 1.064654184981600298e-02
3.847876830593917020e+03 1.027081039236689766e-02
3.851948657927879140e+03 9.912291695259365862e-03
3.856020485261840804e+03 9.577546168953860600e-03
3.860092312595802468e+03 9.274992495719920974e-03
3.864164139929764588e+03 9.012192545474062219e-03
3.868235967263726252e+03 8.793413953294883928e-03
3.872307794597688371e+03 8.618163987932987019e-03
3.876379621931650036e+03 8.481043975776472385e-03
3.880451449265611700e+03 8.372849552148873414e-03
3.884523276599573819e+03 8.282496212895137586e-03
3.888595103933535484e+03 8.199184301819945758e-03
3.892666931267497603e+03 8.114251401726706864e-03
3.896738758601459267e+03 8.022339188783311759e-03
3.900810585935420931e+03 7.921736993182503656e-03
3.904882413269383051e+03 7.813973455679195865e-03
3.908954240603344715e+03 7.702863792271341312e-03
3.913026067937306834e+03 7.593276723193248708e-03
3.917097895271267589e+03 7.489882208802358006e-03
3.921169722605230163e+03 7.396104595134833475e-03
3.925241549939192282e+03 7.313451547197822970e-03
3.929313377273153492e+03 7.241320005271151446e-03
3.933385204607116066e+03 7.177293809750281972e-03
3.937457031941076821e+03 7.117847563045659638e-03
3.941528859275038940e+03 7.059275296653624680e-03
3.945600686609001514e+03 6.998599116068507549e-03
3.949672513942962723e+03 6.934210133993500003e-03
3.953744341276924388e+03 6.866064421223144754e-03
3.957816168610886052e+03 6.795388052587739147e-03
3.961887995944848171e+03 6.724000427321802018e-03
3.965959823278809836e+03 6.653493169765048280e-03
3.970031650612771955e+03 6.584556866996879761e-03
3.974103477946733619e+03 6.516705732895052179e-03
3.978175305280695284e+03 6.448519640519042966e-03
3.982247132614657403e+03 6.378343835835409426e-03
3.986318959948619067e+03 6.305217880564773121e-03
3.990390787282581186e+03 6.229705158073833848e-03
3.994462614616542851e+03 6.154300333894870655e-03
3.998534441950504515e+03 6.083208319594685456e-03
