# IR  C(t) = <mu_dot(0).mu_dot(t)>  (dipole a.u.)
# wavenumber(cm^-1)   cosine transform of windowed C(t)
4.071827333961817175e+00 2.535963886885170791e-03
8.143654667923634349e+00 2.650900963627286777e-03
1.221548200188545152e+01 2.832944464863200451e-03
1.628730933584726870e+01 3.069663038658861955e-03
2.035913666980908587e+01 3.346781055536499072e-03
2.443096400377090305e+01 3.650211865528664359e-03
2.850279133773272022e+01 3.967578749029426408e-03
3.257461867169453740e+01 4.289006717941093449e-03
3.664644600565635812e+01 4.607255537233223390e-03
4.071827333961817175e+01 4.917468254966734717e-03
4.479010067357999247e+01 5.216857950317838402e-03
4.886192800754180610e+01 5.504553109471348356e-03
5.293375534150362682e+01 5.781642281360160028e-03
5.700558267546544045e+01 6.051302502881382959e-03
6.107741000942726117e+01 6.318840091916827495e-03
6.514923734338907479e+01 6.591531495662005663e-03
6.922106467735089552e+01 6.878274337955347061e-03
7.329289201131271625e+01 7.189157606817179677e-03
7.736471934527452277e+01 7.535063021158566049e-03
8.143654667923634349e+01 7.927303747026728797e-03
8.550837401319816422e+01 8.377150839417632500e-03
8.958020134715998495e+01 8.894997430453587678e-03
9.365202868112179146e+01 9.488962427188817397e-03
9.772385601508361219e+01 1.016296930628122000e-02
1.017956833490454329e+02 1.091468374366500599e-02
1.058675106830072536e+02 1.173400584816537695e-02
1.099393380169690602e+02 1.260291513260196686e-02
1.140111653509308809e+02 1.349724330677087858e-02
1.180829926848927016e+02 1.439041002577828854e-02
1.221548200188545223e+02 1.525845198237572344e-02
1.262266473528163289e+02 1.608505962001771303e-02
1.302984746867781496e+02 1.686507073238414922e-02
1.343703020207399561e+02 1.760512005428909246e-02
1.384421293547017910e+02 1.832089447654411743e-02
1.425139566886635976e+02 1.903148745242348727e-02
1.465857840226254325e+02 1.975234329975399106e-02
1.506576113565872390e+02 2.048887635447032077e-02
1.547294386905490455e+02 2.123280087704433605e-02
1.588012660245108805e+02 2.196248643752966509e-02
1.628730933584726870e+02 2.264746508189402138e-02
1.669449206924344935e+02 2.325593656728839470e-02
1.710167480263963284e+02 2.376316576355040622e-02
1.750885753603581350e+02 2.415835937797269559e-02
1.791604026943199699e+02 2.444805135647555583e-02
1.832322300282817764e+02 2.465507131363580198e-02
1.873040573622435829e+02 2.481347304970693557e-02
1.913758846962054179e+02 2.496093747221572734e-02
1.954477120301672244e+02 2.513078099734710955e-02
1.995195393641290309e+02 2.534562898925904126e-02
2.035913666980908658e+02 2.561412392174784378e-02
2.076631940320526724e+02 2.593100273382384705e-02
2.117350213660145073e+02 2.627986857282829658e-02
2.158068486999763138e+02 2.663733294596220408e-02
2.198786760339381203e+02 2.697709618653899855e-02
2.239505033678999553e+02 2.727293941085435700e-02
2.280223307018617618e+02 2.750030693348546121e-02
2.320941580358235683e+02 2.763685726004523960e-02
2.361659853697854032e+02 2.766277394448254240e-02
2.402378127037472098e+02 2.756160950915550328e-02
2.443096400377090447e+02 2.732202534888575340e-02
2.483814673716708512e+02 2.694018788729699715e-02
2.524532947056326577e+02 2.642206031023191723e-02
2.565251220395944642e+02 2.578462443328923687e-02
2.605969493735562992e+02 2.505527807527177866e-02
2.646687767075181341e+02 2.426920512098437732e-02
2.687406040414799122e+02 2.346519223645495561e-02
2.728124313754417472e+02 2.268090032125569949e-02
2.768842587094035821e+02 2.194878061601073654e-02
2.809560860433653602e+02 2.129358724130588076e-02
2.850279133773271951e+02 2.073187811381065060e-02
2.890997407112890301e+02 2.027323432439633727e-02
2.931715680452508650e+02 1.992241240645523104e-02
2.972433953792126431e+02 1.968145088869156789e-02
3.013152227131744780e+02 1.955092156691337624e-02
3.053870500471363130e+02 1.952994576581167444e-02
3.094588773810980911e+02 1.961510010265263282e-02
3.135307047150599260e+02 1.979872968884262285e-02
3.176025320490217609e+02 2.006736070383816767e-02
3.216743593829835390e+02 2.040085715843336853e-02
3.257461867169453740e+02 2.077277835816915968e-02
3.298180140509072089e+02 2.115216304750243415e-02
3.338898413848689870e+02 2.150674918258984464e-02
3.379616687188308219e+02 2.180742224081255037e-02
3.420334960527926569e+02 2.203341753485340768e-02
3.461053233867544918e+02 2.217745720566509371e-02
3.501771507207162699e+02 2.224964453453236179e-02
3.542489780546781049e+02 2.227873654928677616e-02
3.583208053886399398e+02 2.230958841394261802e-02
3.623926327226017179e+02 2.239625988119813352e-02
3.664644600565635528e+02 2.259145495738113310e-02
3.705362873905253878e+02 2.293433954113206774e-02
3.746081147244871659e+02 2.343985766919601949e-02
3.786799420584490008e+02 2.409292385082643234e-02
3.827517693924108357e+02 2.484998425682839046e-02
3.868235967263726138e+02 2.564848319150309780e-02
3.908954240603344488e+02 2.642226489364075601e-02
3.949672513942962837e+02 2.711872871706343807e-02
3.990390787282580618e+02 2.771251310597960815e-02
4.031109060622198967e+02 2.821116260317665589e-02
4.071827333961817317e+02 2.865059156131391158e-02
4.112545607301435666e+02 2.908150461961409375e-02
4.153263880641053447e+02 2.955112206717289136e-02
4.193982153980671796e+02 3.008639733996142790e-02
4.234700427320290146e+02 3.068463100803552057e-02
4.275418700659907927e+02 3.131495873868798963e-02
4.316136973999526276e+02 3.193040717886584667e-02
4.356855247339144626e+02 3.248640897001726924e-02
4.397573520678762407e+02 3.295924433994448788e-02
4.438291794018380756e+02 3.335775681245239238e-02
4.479010067357999105e+02 3.372395992839222201e-02
4.519728340697616886e+02 3.412200860695301097e-02
4.560446614037235236e+02 3.461905982498907075e-02
4.601164887376853585e+02 3.526433480790498731e-02
4.641883160716471366e+02 3.607324554242780784e-02
4.682601434056089715e+02 3.702162857967788989e-02
4.723319707395708065e+02 3.805166949444499513e-02
4.764037980735326414e+02 3.908728905423859007e-02
4.804756254074944195e+02 4.005393274191472452e-02
4.845474527414562544e+02 4.089674410638145796e-02
4.886192800754180894e+02 4.159215141781216762e-02
4.926911074093798675e+02 4.215037098851696917e-02
4.967629347433417024e+02 4.260921366232046231e-02
5.008347620773035374e+02 4.302186258229336036e-02
5.049065894112653154e+02 4.344234801365574883e-02
5.089784167452271504e+02 4.391222290160905206e-02
5.130502440791889285e+02 4.445087094405515693e-02
5.171220714131508203e+02 4.505059659918138337e-02
5.211938987471125984e+02 4.567667509161174588e-02
5.252657260810743765e+02 4.627206156366805295e-02
5.293375534150362682e+02 4.676629180992662727e-02
5.334093807489980463e+02 4.708788345511358275e-02
5.374812080829598244e+02 4.717897528673671570e-02
5.415530354169217162e+02 4.701002985078184260e-02
5.456248627508834943e+02 4.659152621061004446e-02
5.496966900848452724e+02 4.597924452595998634e-02
5.537685174188071642e+02 4.527047073938188920e-02
5.578403447527689423e+02 4.459034349767480865e-02
5.619121720867307204e+02 4.407023400743061148e-02
5.659839994206926121e+02 4.382267078719269404e-02
5.700558267546543902e+02 4.391892902622272776e-02
5.741276540886162820e+02 4.437527093921870419e-02
5.781994814225780601e+02 4.515178206793706711e-02
5.822713087565398382e+02 4.616431348490147163e-02
5.863431360905017300e+02 4.730626659058236039e-02
5.904149634244635081e+02 4.847408306708071712e-02
5.944867907584252862e+02 4.958930367385375182e-02
5.985586180923871780e+02 5.061129126704100312e-02
6.026304454263489561e+02 5.153777225868445833e-02
6.067022727603107342e+02 5.239421123792555035e-02
6.107741000942726259e+02 5.321640884520476705e-02
6.148459274282344040e+02 5.403250620610160204e-02
6.189177547621961821e+02 5.485026012774887189e-02
6.229895820961580739e+02 5.565322764607213979e-02
6.270614094301198520e+02 5.640621412469598583e-02
6.311332367640816301e+02 5.706716915116732264e-02
6.352050640980435219e+02 5.760073747492833185e-02
6.392768914320053000e+02 5.798849982538421821e-02
6.433487187659670781e+02 5.823252086514185688e-02
6.474205460999289699e+02 5.835149355279943550e-02
6.514923734338907479e+02 5.837151260602653491e-02
6.555642007678525260e+02 5.831533240317648970e-02
6.596360281018144178e+02 5.819425714950163253e-02
6.637078554357761959e+02 5.800555336269305057e-02
6.677796827697379740e+02 5.773602056013092676e-02
6.718515101036998658e+02 5.737000602600325627e-02
6.759233374376616439e+02 5.689859955576191675e-02
6.799951647716234220e+02 5.632654326738464889e-02
6.840669921055853138e+02 5.567454000096096894e-02
6.881388194395470919e+02 5.497660728327351254e-02
6.922106467735089836e+02 5.427405995659374816e-02
6.962824741074707617e+02 5.360881139907505005e-02
7.003543014414325398e+02 5.301853078835170457e-02
7.044261287753944316e+02 5.253490296264831660e-02
7.084979561093562097e+02 5.218442936767527657e-02
7.125697834433179878e+02 5.198974069923489177e-02
7.166416107772798796e+02 5.196898516456177619e-02
7.207134381112416577e+02 5.213176992787554864e-02
7.247852654452034358e+02 5.247202752633994827e-02
7.288570927791653276e+02 5.296023393548461577e-02
7.329289201131271057e+02 5.353865571879584673e-02
7.370007474470888837e+02 5.412305828653633105e-02
7.410725747810507755e+02 5.461247059579971835e-02
7.451444021150125536e+02 5.490576167455152312e-02
7.492162294489743317e+02 5.492101137186707061e-02
7.532880567829362235e+02 5.461208709035071662e-02
7.573598841168980016e+02 5.397720331676736372e-02
7.614317114508597797e+02 5.305654951950176945e-02
7.655035387848216715e+02 5.191956757894973518e-02
7.695753661187834496e+02 5.064589082505893680e-02
7.736471934527452277e+02 4.930605397039718174e-02
7.777190207867071194e+02 4.794805445061808141e-02
7.817908481206688975e+02 4.659368708882957733e-02
7.858626754546306756e+02 4.524507381171062603e-02
7.899345027885925674e+02 4.389824397647823506e-02
7.940063301225543455e+02 4.255826344585962595e-02
7.980781574565161236e+02 4.125006000281147833e-02
8.021499847904780154e+02 4.002079303975396296e-02
8.062218121244397935e+02 3.893267684674499296e-02
8.102936394584015716e+02 3.804846012572421499e-02
8.143654667923634634e+02 3.741415918631108700e-02
8.184372941263252415e+02 3.704440992924977472e-02
8.225091214602871332e+02 3.691483453556911043e-02
8.265809487942489113e+02 3.696359037502694456e-02
8.306527761282106894e+02 3.710160627511028403e-02
8.347246034621725812e+02 3.722875848422421002e-02
8.387964307961343593e+02 3.725197586638380465e-02
8.428682581300961374e+02 3.710117265191367752e-02
8.469400854640580292e+02 3.673980242921776052e-02
8.510119127980198073e+02 3.616830757579307665e-02
8.550837401319815854e+02 3.542036581435221987e-02
8.591555674659434771e+02 3.455326445457714002e-02
8.632273947999052552e+02 3.363475344043657944e-02
8.672992221338670333e+02 3.272924051171566956e-02
8.713710494678289251e+02 3.188615838226470378e-02
8.754428768017907032e+02 3.113276001976152813e-02
8.795147041357524813e+02 3.047255333863720106e-02
8.835865314697143731e+02 2.988924560384949303e-02
8.876583588036761512e+02 2.935472501227776379e-02
8.917301861376379293e+02 2.883862715800386556e-02
8.958020134715998211e+02 2.831673844820234431e-02
8.998738408055615992e+02 2.777601683186134082e-02
9.039456681395233772e+02 2.721522802273131439e-02
9.080174954734852690e+02 2.664170387774045939e-02
9.120893228074470471e+02 2.606599344753524755e-02
9.161611501414088252e+02 2.549672934325724824e-02
9.202329774753707170e+02 2.493767005702747855e-02
9.243048048093324951e+02 2.438776329120963954e-02
9.283766321432942732e+02 2.384367739777141018e-02
9.324484594772561650e+02 2.330316003435606992e-02
9.365202868112179431e+02 2.276726885566360964e-02
9.405921141451797212e+02 2.224011190361419033e-02
9.446639414791416129e+02 2.172597545099139854e-02
9.487357688131033910e+02 2.122505825859132000e-02
9.528075961470652828e+02 2.072987440622566652e-02
9.568794234810270609e+02 2.022433882961291104e-02
9.609512508149888390e+02 1.968659486656878371e-02
9.650230781489507308e+02 1.909515351011249404e-02
9.690949054829125089e+02 1.843649380448732916e-02
9.731667328168742870e+02 1.771150650616375860e-02
9.772385601508361788e+02 1.693837118850135062e-02
9.813103874847979569e+02 1.615057417194427219e-02
9.853822148187597350e+02 1.539038156689368983e-02
9.894540421527216267e+02 1.469958265110100915e-02
9.935258694866834048e+02 1.411018056860480208e-02
9.975976968206451829e+02 1.363765864989340340e-02
1.001669524154607075e+03 1.327856465988435861e-02
1.005741351488568853e+03 1.301279206559157256e-02
1.009813178822530631e+03 1.280958321027037342e-02
1.013885006156492523e+03 1.263535763481876337e-02
1.017956833490454301e+03 1.246120149116120360e-02
1.022028660824416079e+03 1.226821870165383660e-02
1.026100488158377857e+03 1.204972917526828460e-02
1.030172315492339749e+03 1.181021346083751741e-02
1.034244142826301641e+03 1.156168953239821579e-02
1.038315970160263305e+03 1.131871002737027537e-02
1.042387797494225197e+03 1.109334162654788264e-02
1.046459624828187088e+03 1.089136367124133101e-02
1.050531452162148753e+03 1.071056508536611176e-02
1.054603279496110645e+03 1.054149945117791726e-02
1.058675106830072536e+03 1.037045886738090922e-02
1.062746934164034201e+03 1.018385286465385911e-02
1.066818761497996093e+03 9.972761733958678682e-03
1.070890588831957984e+03 9.736309786055682633e-03
1.074962416165919649e+03 9.482760399895585196e-03
1.079034243499881541e+03 9.227853979706894874e-03
1.083106070833843432e+03 8.990743444784605673e-03
1.087177898167805097e+03 8.788675716048639786e-03
1.091249725501766989e+03 8.632042933550874986e-03
1.095321552835728880e+03 8.521386968201647913e-03
1.099393380169690545e+03 8.447359272107886341e-03
1.103465207503652437e+03 8.393688777357072653e-03
1.107537034837614328e+03 8.342215266653373040e-03
1.111608862171575993e+03 8.278358889322458974e-03
1.115680689505537885e+03 8.195269619282293666e-03
1.119752516839499776e+03 8.095381425195882427e-03
1.123824344173461441e+03 7.989007349580058703e-03
1.127896171507423333e+03 7.890617681742420272e-03
1.131967998841385224e+03 7.814179057474402931e-03
1.136039826175347116e+03 7.769143506651797829e-03
1.140111653509308780e+03 7.758313814728027419e-03
1.144183480843270672e+03 7.778042018215063774e-03
1.148255308177232564e+03 7.820351729797817356e-03
1.152327135511194228e+03 7.875940333770734686e-03
1.156398962845156120e+03 7.936833174515994446e-03
1.160470790179118012e+03 7.997761476560647648e-03
1.164542617513079676e+03 8.055964128751228956e-03
1.168614444847041568e+03 8.109799854063619307e-03
1.172686272181003460e+03 8.157025781391005759e-03
1.176758099514965124e+03 8.193678525735858739e-03
1.180829926848927016e+03 8.214174896343733046e-03
1.184901754182888908e+03 8.212678844923337190e-03
1.188973581516850572e+03 8.185198877750375288e-03
1.193045408850812464e+03 8.131521370374710997e-03
1.197117236184774356e+03 8.056091906065569394e-03
1.201189063518736020e+03 7.967326998784725334e-03
1.205260890852697912e+03 7.875431725136381941e-03
1.209332718186659804e+03 7.789390847590249925e-03
1.213404545520621468e+03 7.714167913740343011e-03
1.217476372854583360e+03 7.649145459618362022e-03
1.221548200188545252e+03 7.588458379158910180e-03
1.225620027522506916e+03 7.523236103988233808e-03
1.229691854856468808e+03 7.445094973983035908e-03
1.233763682190430700e+03 7.349746268541089422e-03
1.237835509524392364e+03 7.239481443074173572e-03
1.241907336858354256e+03 7.123614158461091805e-03
1.245979164192316148e+03 7.016604712566086935e-03
1.250050991526277812e+03 6.934356609812588473e-03
1.254122818860239704e+03 6.889799962531306665e-03
1.258194646194201596e+03 6.889144622508336369e-03
1.262266473528163260e+03 6.929996137189069899e-03
1.266338300862125152e+03 7.001934054215225647e-03
1.270410128196087044e+03 7.089350694384047996e-03
1.274481955530048708e+03 7.175612411918212696e-03
1.278553782864010600e+03 7.247190311764503678e-03
1.282625610197972492e+03 7.296459834159857438e-03
1.286697437531934156e+03 7.322370120243842581e-03
1.290769264865896048e+03 7.328954302699799625e-03
1.294841092199857940e+03 7.322411442305812659e-03
1.298912919533819604e+03 7.307962924192301993e-03
1.302984746867781496e+03 7.287699794801325362e-03
1.307056574201743388e+03 7.260193467770117634e-03
1.311128401535705052e+03 7.221914534676189892e-03
1.315200228869666944e+03 7.169775675691417507e-03
1.319272056203628836e+03 7.103667940774409037e-03
1.323343883537590500e+03 7.027868486697397277e-03
1.327415710871552392e+03 6.950657422780719130e-03
1.331487538205514284e+03 6.882209166202288286e-03
1.335559365539475948e+03 6.831530176573105684e-03
1.339631192873437840e+03 6.803617962083060439e-03
1.343703020207399732e+03 6.797953345780502130e-03
1.347774847541361396e+03 6.808931802789772864e-03
1.351846674875323288e+03 6.828089647965929904e-03
1.355918502209285180e+03 6.847283744829162772e-03
1.359990329543246844e+03 6.861614617425891918e-03
1.364062156877208736e+03 6.870986363056129365e-03
1.368133984211170628e+03 6.879728523533242684e-03
1.372205811545132292e+03 6.894452569966360266e-03
1.376277638879094184e+03 6.920985226171351770e-03
1.380349466213056076e+03 6.961556214649132490e-03
1.384421293547017967e+03 7.013301053396692880e-03
1.388493120880979632e+03 7.068632462875572980e-03
1.392564948214941523e+03 7.117346987931792886e-03
1.396636775548903415e+03 7.149733949798368557e-03
1.400708602882865080e+03 7.159656744500966438e-03
1.404780430216826971e+03 7.146662629399136782e-03
1.408852257550788863e+03 7.116572267197475779e-03
1.412924084884750528e+03 7.080520163735224901e-03
1.416995912218712419e+03 7.052854767562911562e-03
1.421067739552674311e+03 7.048521318936497304e-03
1.425139566886635976e+03 7.080516952012281748e-03
1.429211394220597867e+03 7.157810759243410023e-03
1.433283221554559759e+03 7.283898591353706910e-03
1.437355048888521424e+03 7.456027154290208701e-03
1.441426876222483315e+03 7.665109214720472984e-03
1.445498703556445207e+03 7.896407660954117211e-03
1.449570530890406872e+03 8.131088165602387563e-03
1.453642358224368763e+03 8.348642975610711878e-03
1.457714185558330655e+03 8.529960722854525862e-03
1.461786012892292320e+03 8.660538374238722220e-03
1.465857840226254211e+03 8.733137141675381687e-03
1.469929667560216103e+03 8.749197925953883237e-03
1.474001494894177767e+03 8.718597177062753154e-03
1.478073322228139659e+03 8.657772297804351702e-03
1.482145149562101551e+03 8.586718433412399848e-03
1.486216976896063215e+03 8.525675165737290132e-03
1.490288804230025107e+03 8.492360876723038798e-03
1.494360631563986999e+03 8.500366979220255748e-03
1.498432458897948663e+03 8.558901934829330968e-03
1.502504286231910555e+03 8.673647093150526829e-03
1.506576113565872447e+03 8.848207201639014807e-03
1.510647940899834111e+03 9.085578692894655251e-03
1.514719768233796003e+03 9.389185161578552166e-03
1.518791595567757895e+03 9.763238291186108683e-03
1.522863422901719559e+03 1.021236779194192000e-02
1.526935250235681451e+03 1.074057847640486757e-02
1.531007077569643343e+03 1.134966723325621374e-02
1.535078904903605007e+03 1.203734057445302388e-02
1.539150732237566899e+03 1.279546035944991236e-02
1.543222559571528791e+03 1.360906896264189522e-02
1.547294386905490455e+03 1.445696740188755214e-02
1.551366214239452347e+03 1.531446863283795340e-02
1.555438041573414239e+03 1.615842542021496062e-02
1.559509868907375903e+03 1.697381237035685414e-02
1.563581696241337795e+03 1.776029696340429564e-02
1.567653523575299687e+03 1.853675280966187583e-02
1.571725350909261351e+03 1.934188382318780680e-02
1.575797178243223243e+03 2.023013333638385564e-02
1.579869005577185135e+03 2.126359011266416160e-02
1.583940832911146799e+03 2.250210913380179534e-02
1.588012660245108691e+03 2.399467091543542804e-02
1.592084487579070583e+03 2.577463303799625710e-02
1.596156314913032247e+03 2.785995773729185027e-02
1.600228142246994139e+03 3.025725119305362754e-02
1.604299969580956031e+03 3.296644461439870999e-02
1.608371796914917695e+03 3.598215061765046296e-02
1.612443624248879587e+03 3.928872115565524431e-02
1.616515451582841479e+03 4.284868793405430254e-02
1.620587278916803143e+03 4.658769487414168853e-02
1.624659106250765035e+03 5.038186194469784773e-02
1.628730933584726927e+03 5.405441631956737353e-02
1.632802760918688818e+03 5.738666702455966218e-02
1.636874588252650483e+03 6.014425151297318750e-02
1.640946415586612375e+03 6.211431525833097794e-02
1.645018242920574266e+03 6.314476342682313892e-02
1.649090070254535931e+03 6.317472619784217369e-02
1.653161897588497823e+03 6.224689628005530828e-02
1.657233724922459714e+03 6.049718814589473415e-02
1.661305552256421379e+03 5.812377586538815255e-02
1.665377379590383271e+03 5.534380004262093311e-02
1.669449206924345162e+03 5.234975564729767855e-02
1.673521034258306827e+03 4.927748122832380229e-02
1.677592861592268719e+03 4.619378970085989689e-02
1.681664688926230610e+03 4.310545394051228801e-02
1.685736516260192275e+03 3.998465380663457358e-02
1.689808343594154167e+03 3.680130564097679191e-02
1.693880170928116058e+03 3.355138141879273478e-02
1.697951998262077723e+03 3.027260135590544715e-02
1.702023825596039615e+03 2.704372701062628809e-02
1.706095652930001506e+03 2.396926723896185968e-02
1.710167480263963171e+03 2.115581572034704386e-02
1.714239307597925063e+03 1.868813470247846636e-02
1.718311134931886954e+03 1.661215648526206956e-02
1.722382962265848619e+03 1.492897505591505442e-02
1.726454789599810510e+03 1.359997878134624159e-02
1.730526616933772402e+03 1.255995732236951656e-02
1.734598444267734067e+03 1.173329821993785056e-02
1.738670271601695958e+03 1.104854400380243622e-02
1.742742098935657850e+03 1.044817752155409799e-02
1.746813926269619515e+03 9.892685569485399830e-03
1.750885753603581406e+03 9.359834576823305302e-03
1.754957580937543298e+03 8.841102919472005467e-03
1.759029408271504963e+03 8.337244079292382287e-03
1.763101235605466854e+03 7.854301143494311216e-03
1.767173062939428746e+03 7.400546329801934928e-03
1.771244890273390411e+03 6.984210509185221141e-03
1.775316717607352302e+03 6.611693885862831091e-03
1.779388544941314194e+03 6.286136612452098912e-03
1.783460372275275859e+03 6.006528838565364410e-03
1.787532199609237750e+03 5.767691539907804366e-03
1.791604026943199642e+03 5.561328198313194790e-03
1.795675854277161307e+03 5.377983739973931331e-03
1.799747681611123198e+03 5.209343611564174262e-03
1.803819508945085090e+03 5.050085941525742951e-03
1.807891336279046754e+03 4.898600096501505921e-03
1.811963163613008646e+03 4.756288220223911165e-03
1.816034990946970538e+03 4.625711714411289907e-03
1.820106818280932202e+03 4.508305011277586281e-03
1.824178645614894094e+03 4.402563971408684357e-03
1.828250472948855986e+03 4.303452381804380791e-03
1.832322300282817650e+03 4.203325467957170353e-03
1.836394127616779542e+03 4.094117584174905913e-03
1.840465954950741434e+03 3.970085897978189136e-03
1.844537782284703098e+03 3.830197612392183433e-03
1.848609609618664990e+03 3.679350003512340227e-03
1.852681436952626882e+03 3.527968169204243314e-03
1.856753264286588546e+03 3.390007272489286780e-03
1.860825091620550438e+03 3.279842650822839024e-03
1.864896918954512330e+03 3.208836188695547969e-03
1.868968746288473994e+03 3.182451035980793201e-03
1.873040573622435886e+03 3.198644106227169041e-03
1.877112400956397778e+03 3.247946693432638386e-03
1.881184228290359442e+03 3.315233340803372397e-03
1.885256055624321334e+03 3.382777006159123131e-03
1.889327882958283226e+03 3.433887594722757203e-03
1.893399710292245118e+03 3.456299996896684476e-03
1.897471537626206782e+03 3.444546986032009234e-03
1.901543364960168674e+03 3.400804178597353379e-03
1.905615192294130566e+03 3.334064971141296151e-03
1.909687019628092230e+03 3.257897394135773547e-03
1.913758846962054122e+03 3.187350672995022810e-03
1.917830674296016014e+03 3.135739431309572493e-03
1.921902501629977678e+03 3.112007538711440008e-03
1.925974328963939570e+03 3.119185510588304289e-03
1.930046156297901462e+03 3.154171229994892807e-03
1.934117983631863126e+03 3.208765834292582209e-03
1.938189810965825018e+03 3.271654675242610666e-03
1.942261638299786910e+03 3.330875774242762852e-03
1.946333465633748574e+03 3.376270042527599723e-03
1.950405292967710466e+03 3.401442559834307999e-03
1.954477120301672358e+03 3.404862996698405919e-03
1.958548947635634022e+03 3.389884595128412823e-03
1.962620774969595914e+03 3.363659875177989721e-03
1.966692602303557805e+03 3.335164673128351073e-03
1.970764429637519470e+03 3.312774615903099455e-03
1.974836256971481362e+03 3.302007335437487714e-03
1.978908084305443253e+03 3.304076073748093544e-03
1.982979911639404918e+03 3.315743264753363666e-03
1.987051738973366810e+03 3.330619633055186338e-03
1.991123566307328701e+03 3.341603517337998243e-03
1.995195393641290366e+03 3.343737355667894713e-03
1.999267220975252258e+03 3.336532415630669764e-03
2.003339048309214149e+03 3.324892971660734810e-03
2.007410875643175814e+03 3.318171265126379152e-03
2.011482702977137706e+03 3.327497290534559525e-03
2.015554530311099597e+03 3.362150415992291343e-03
2.019626357645061262e+03 3.426145014611522727e-03
2.023698184979023154e+03 3.516222757912894174e-03
2.027770012312985045e+03 3.622044220918542619e-03
2.031841839646946710e+03 3.728670243350321566e-03
2.035913666980908602e+03 3.820655075491284722e-03
2.039985494314870493e+03 3.886508522553884602e-03
2.044057321648832158e+03 3.922126869634768448e-03
2.048129148982794050e+03 3.932103211335974922e-03
2.052200976316755714e+03 3.928501371391598940e-03
2.056272803650717833e+03 3.927480902358337911e-03
2.060344630984679497e+03 3.944819446689384716e-03
2.064416458318641162e+03 3.991677062996603492e-03
2.068488285652603281e+03 4.071802282113280019e-03
2.072560112986564945e+03 4.180865308152514545e-03
2.076631940320526610e+03 4.307914948340109060e-03
2.080703767654488729e+03 4.438332220243937365e-03
2.084775594988450393e+03 4.557292116359445630e-03
2.088847422322412058e+03 4.652734938498066103e-03
2.092919249656374177e+03 4.717150749344786557e-03
2.096991076990335841e+03 4.747954363395314251e-03
2.101062904324297506e+03 4.746692626264987190e-03
2.105134731658259625e+03 4.717626663873163845e-03
2.109206558992221289e+03 4.666293432499901521e-03
2.113278386326182954e+03 4.598491944871383949e-03
2.117350213660145073e+03 4.519854069798283705e-03
2.121422040994106737e+03 4.435873687175458796e-03
2.125493868328068402e+03 4.352089518994409906e-03
2.129565695662030521e+03 4.274099949401663143e-03
2.133637522995992185e+03 4.207218927654632346e-03
2.137709350329953850e+03 4.155792032573249820e-03
2.141781177663915969e+03 4.122388126329019561e-03
2.145853004997877633e+03 4.107183840741185366e-03
2.149924832331839298e+03 4.107825280231047413e-03
2.153996659665801417e+03 4.119896789506104218e-03
2.158068486999763081e+03 4.137909630238571779e-03
2.162140314333724746e+03 4.156526639066088907e-03
2.166212141667686865e+03 4.171638339395576829e-03
2.170283969001648529e+03 4.180943238450973709e-03
2.174355796335610194e+03 4.183852043917766182e-03
2.178427623669572313e+03 4.180776110899822942e-03
2.182499451003533977e+03 4.172089167294652443e-03
2.186571278337495642e+03 4.157183513348587656e-03
2.190643105671457761e+03 4.134024250219896918e-03
2.194714933005419425e+03 4.099436845968354101e-03
2.198786760339381090e+03 4.050098712943685231e-03
2.202858587673343209e+03 3.983936223113674659e-03
2.206930415007304873e+03 3.901451917804049131e-03
2.211002242341266538e+03 3.806489737658612284e-03
2.215074069675228657e+03 3.706100556535483863e-03
2.219145897009190321e+03 3.609446804614063406e-03
2.223217724343151986e+03 3.525990340557553192e-03
2.227289551677114105e+03 3.463438645822552661e-03
2.231361379011075769e+03 3.426004737194978528e-03
2.235433206345037433e+03 3.413443690374461971e-03
2.239505033678999553e+03 3.421100868104417179e-03
2.243576861012961217e+03 3.440924512390243668e-03
2.247648688346922881e+03 3.463150333064172071e-03
2.251720515680885001e+03 3.478227902345863362e-03
2.255792343014846665e+03 3.478553484244654471e-03
2.259864170348808329e+03 3.459679686643447188e-03
2.263935997682770449e+03 3.420835929345928880e-03
2.268007825016732113e+03 3.364756329756443936e-03
2.272079652350694232e+03 3.296932010196735631e-03
2.276151479684655897e+03 3.224470631869131784e-03
2.280223307018617561e+03 3.154769244229180692e-03
2.284295134352579680e+03 3.094208463308151594e-03
2.288366961686541345e+03 3.047069852965379657e-03
2.292438789020503009e+03 3.014860729800439981e-03
2.296510616354465128e+03 2.996185156054400472e-03
2.300582443688426793e+03 2.987211686830901214e-03
2.304654271022388457e+03 2.982660018186445230e-03
2.308726098356350576e+03 2.977088177757550996e-03
2.312797925690312240e+03 2.966157142293043749e-03
2.316869753024273905e+03 2.947529343561407136e-03
2.320941580358236024e+03 2.921146972059036027e-03
2.325013407692197688e+03 2.888820699934769708e-03
2.329085235026159353e+03 2.853283714937633261e-03
2.333157062360121472e+03 2.817050658680628900e-03
2.337228889694083136e+03 2.781493856443719662e-03
2.341300717028044801e+03 2.746474949948235142e-03
2.345372544362006920e+03 2.710668011347923748e-03
2.349444371695968584e+03 2.672450177983534854e-03
2.353516199029930249e+03 2.631013228653297873e-03
2.357588026363892368e+03 2.587249335685391609e-03
2.361659853697854032e+03 2.544028001829714593e-03
2.365731681031815697e+03 2.505690179988272204e-03
2.369803508365777816e+03 2.476866943235370329e-03
2.373875335699739480e+03 2.460983576988731020e-03
2.377947163033701145e+03 2.458944644646299249e-03
2.382018990367663264e+03 2.468462456444440230e-03
2.386090817701624928e+03 2.484300194623649712e-03
2.390162645035586593e+03 2.499415523381930300e-03
2.394234472369548712e+03 2.506705351474717083e-03
2.398306299703510376e+03 2.500859915508085816e-03
2.402378127037472041e+03 2.479794378519895124e-03
2.406449954371434160e+03 2.445248071194364332e-03
2.410521781705395824e+03 2.402383715441704266e-03
2.414593609039357489e+03 2.358504533471958431e-03
2.418665436373319608e+03 2.321249496764955615e-03
2.422737263707281272e+03 2.296756814736810627e-03
2.426809091041242937e+03 2.288270973809842894e-03
2.430880918375205056e+03 2.295521722571620613e-03
2.434952745709166720e+03 2.314975178892824097e-03
2.439024573043128385e+03 2.340819391913207675e-03
2.443096400377090504e+03 2.366368898666729777e-03
2.447168227711052168e+03 2.385501530135535671e-03
2.451240055045013833e+03 2.393786114889619697e-03
2.455311882378975952e+03 2.389094713244972225e-03
2.459383709712937616e+03 2.371664542159378913e-03
2.463455537046899281e+03 2.343723451999859229e-03
2.467527364380861400e+03 2.308874072437919200e-03
2.471599191714823064e+03 2.271430551315881466e-03
2.475671019048784729e+03 2.235835901050262434e-03
2.479742846382746848e+03 2.206198070656174848e-03
2.483814673716708512e+03 2.185914086320855584e-03
2.487886501050670176e+03 2.177333703922448155e-03
2.491958328384632296e+03 2.181448945733232073e-03
2.496030155718593960e+03 2.197658079167526604e-03
2.500101983052555624e+03 2.223701875938663419e-03
2.504173810386517744e+03 2.255871434820973069e-03
2.508245637720479408e+03 2.289528407003426497e-03
2.512317465054441072e+03 2.319878120717757883e-03
2.516389292388403192e+03 2.342834929753083786e-03
2.520461119722364856e+03 2.355763014312321595e-03
2.524532947056326520e+03 2.357894312982962599e-03
2.528604774390288640e+03 2.350316884745641197e-03
2.532676601724250304e+03 2.335558927084271062e-03
2.536748429058211968e+03 2.316915285871087339e-03
2.540820256392174088e+03 2.297728149973826510e-03
2.544892083726135752e+03 2.280819601457312676e-03
2.548963911060097416e+03 2.268192000574548693e-03
2.553035738394059535e+03 2.261001257287387472e-03
2.557107565728021200e+03 2.259715365290405377e-03
2.561179393061982864e+03 2.264331185964688596e-03
2.565251220395944983e+03 2.274544249499980443e-03
2.569323047729906648e+03 2.289828773466263089e-03
2.573394875063868312e+03 2.309451499555512100e-03
2.577466702397830431e+03 2.332479625785214596e-03
2.581538529731792096e+03 2.357835747157388008e-03
2.585610357065753760e+03 2.384411930462946617e-03
2.589682184399715879e+03 2.411208784348822191e-03
2.593754011733677544e+03 2.437442573344836619e-03
2.597825839067639208e+03 2.462577750965465676e-03
2.601897666401601327e+03 2.486284759050277123e-03
2.605969493735562992e+03 2.508367207347506848e-03
2.610041321069524656e+03 2.528720141887852088e-03
2.614113148403486775e+03 2.547358370760668261e-03
2.618184975737448440e+03 2.564501106117374717e-03
2.622256803071410104e+03 2.580646859392546517e-03
2.626328630405372223e+03 2.596555036722712501e-03
2.630400457739333888e+03 2.613086693228125652e-03
2.634472285073295552e+03 2.630936125088623005e-03
2.638544112407257671e+03 2.650369524295310367e-03
2.642615939741219336e+03 2.671128086616929818e-03
2.646687767075181000e+03 2.692616189600129106e-03
2.650759594409143119e+03 2.714381156235240108e-03
2.654831421743104784e+03 2.736741213474403519e-03
2.658903249077066448e+03 2.761300663936269197e-03
2.662975076411028567e+03 2.791071097890458763e-03
2.667046903744990232e+03 2.830024483919617480e-03
2.671118731078951896e+03 2.882113098507120379e-03
2.675190558412914015e+03 2.950026233912955535e-03
2.679262385746875680e+03 3.034114919861068908e-03
2.683334213080837344e+03 3.131922414277784478e-03
2.687406040414799463e+03 3.238585411816418628e-03
2.691477867748761128e+03 3.348067907487568308e-03
2.695549695082722792e+03 3.454865969781482221e-03
2.699621522416684911e+03 3.555606816276159297e-03
2.703693349750646576e+03 3.649956573589201083e-03
2.707765177084608240e+03 3.740469518670121347e-03
2.711837004418570359e+03 3.831388792241550816e-03
2.715908831752532024e+03 3.926807153399529231e-03
2.719980659086493688e+03 4.028861215891654281e-03
2.724052486420455807e+03 4.136652282145700243e-03
2.728124313754417472e+03 4.246340495168652099e-03
2.732196141088379136e+03 4.352429195206805254e-03
2.736267968422341255e+03 4.449801264320289371e-03
2.740339795756302919e+03 4.535763320686008078e-03
2.744411623090264584e+03 4.611319749937109816e-03
2.748483450424226703e+03 4.681158389745416863e-03
2.752555277758188367e+03 4.752292607764396076e-03
2.756627105092150032e+03 4.831800451251672991e-03
2.760698932426112151e+03 4.924445348009062057e-03
2.764770759760073815e+03 5.031025158502302162e-03
2.768842587094035935e+03 5.148053046426639967e-03
2.772914414427997599e+03 5.268914049552434614e-03
2.776986241761959263e+03 5.386132869273980994e-03
2.781058069095921383e+03 5.494012180249479779e-03
2.785129896429883047e+03 5.590783542425392140e-03
2.789201723763844711e+03 5.679583791061983480e-03
2.793273551097806831e+03 5.767955725642859126e-03
2.797345378431768495e+03 5.866032910433626249e-03
2.801417205765730159e+03 5.983953495949042439e-03
2.805489033099692278e+03 6.129248976748326652e-03
2.809560860433653943e+03 6.304934967420143879e-03
2.813632687767615607e+03 6.508826526485218811e-03
2.817704515101577726e+03 6.734286457384329114e-03
2.821776342435539391e+03 6.972274131220032763e-03
2.825848169769501055e+03 7.214259328259423759e-03
2.829919997103463174e+03 7.455342171892356470e-03
2.833991824437424839e+03 7.696806552316267855e-03
2.838063651771386503e+03 7.947361536698368048e-03
2.842135479105348622e+03 8.222523757861392377e-03
2.846207306439310287e+03 8.541973042518195142e-03
2.850279133773271951e+03 8.925230863622225091e-03
2.854350961107234070e+03 9.386552118501279365e-03
2.858422788441195735e+03 9.930312133623723364e-03
2.862494615775157399e+03 1.054823458109484247e-02
2.866566443109119518e+03 1.121943870213118130e-02
2.870638270443081183e+03 1.191352803961604270e-02
2.874710097777042847e+03 1.259600782787869203e-02
2.878781925111004966e+03 1.323453070390031433e-02
2.882853752444966631e+03 1.380415509769095106e-02
2.886925579778928295e+03 1.429013763312949464e-02
2.890997407112890414e+03 1.468770171637881310e-02
2.895069234446852079e+03 1.499940335599875621e-02
2.899141061780813743e+03 1.523167563638356224e-02
2.903212889114775862e+03 1.539243937887503980e-02
2.907284716448737527e+03 1.549112439214112361e-02
2.911356543782699191e+03 1.554121677494891066e-02
2.915428371116661310e+03 1.556402489768082126e-02
2.919500198450622975e+03 1.559137771520483287e-02
2.923572025784584639e+03 1.566494715197651322e-02
2.927643853118546758e+03 1.583096473828479733e-02
2.931715680452508423e+03 1.613094853950236551e-02
2.935787507786470087e+03 1.659095597482829892e-02
2.939859335120432206e+03 1.721301134414715550e-02
2.943931162454393871e+03 1.797214543418319821e-02
2.948002989788355535e+03 1.882086512059642086e-02
2.952074817122317654e+03 1.970036664545574828e-02
2.956146644456279319e+03 2.055534981190572374e-02
2.960218471790240983e+03 2.134785779050642901e-02
2.964290299124203102e+03 2.206577133052235740e-02
2.968362126458164767e+03 2.272340318004874987e-02
2.972433953792126431e+03 2.335439404037804867e-02
2.976505781126088550e+03 2.399974253391617962e-02
2.980577608460050214e+03 2.469529212216129560e-02
2.984649435794011879e+03 2.546280210131399505e-02
2.988721263127973998e+03 2.630700124167062448e-02
2.992793090461935662e+03 2.721854253229483850e-02
2.996864917795897327e+03 2.818061032086185275e-02
3.000936745129859446e+03 2.917595641425040076e-02
3.005008572463821110e+03 3.019167001460695485e-02
3.009080399797782775e+03 3.122063390023671267e-02
3.013152227131744894e+03 3.226050092428559696e-02
3.017224054465706558e+03 3.331218107239649479e-02
3.021295881799668223e+03 3.437969101115611464e-02
3.025367709133630342e+03 3.547189165495039098e-02
3.029439536467592006e+03 3.660486926627921911e-02
3.033511363801553671e+03 3.780253035080156226e-02
3.037583191135515790e+03 3.909317702402717587e-02
3.041655018469477454e+03 4.050153767312052178e-02
3.045726845803439119e+03 4.203827306776333761e-02
3.049798673137401238e+03 4.369113192881017571e-02
3.053870500471362902e+03 4.542246101752443754e-02
3.057942327805324567e+03 4.717606451696065850e-02
3.062014155139286686e+03 4.889284203902709292e-02
3.066085982473248350e+03 5.053056454923388757e-02
3.070157809807210015e+03 5.208038720145058420e-02
3.074229637141172134e+03 5.357274616171095460e-02
3.078301464475133798e+03 5.506859339252218044e-02
3.082373291809095463e+03 5.663754247204619285e-02
3.086445119143057582e+03 5.833031960473906291e-02
3.090516946477019246e+03 6.015643902426710127e-02
3.094588773810980911e+03 6.207740225707836235e-02
3.098660601144943030e+03 6.402063337117289143e-02
3.102732428478904694e+03 6.591133405535284928e-02
3.106804255812866359e+03 6.771142647265349090e-02
3.110876083146828478e+03 6.945006300681606792e-02
3.114947910480790142e+03 7.123117088022279386e-02
3.119019737814751807e+03 7.321049000943519180e-02
3.123091565148713926e+03 7.554551006664075863e-02
3.127163392482675590e+03 7.833278576350610756e-02
3.131235219816637255e+03 8.155403403392856576e-02
3.135307047150599374e+03 8.505211035464935176e-02
3.139378874484561038e+03 8.854982756209989203e-02
3.143450701818522703e+03 9.171093286810808043e-02
3.147522529152484822e+03 9.422794971819498100e-02
3.151594356486446486e+03 9.591123888243005546e-02
3.155666183820408150e+03 9.675150398403589702e-02
3.159738011154370270e+03 9.693523193201995791e-02
3.163809838488331934e+03 9.680703556720005043e-02
3.167881665822293598e+03 9.678969647293747536e-02
3.171953493156255718e+03 9.728606324399138860e-02
3.176025320490217382e+03 9.859216532965722757e-02
3.180097147824179046e+03 1.008461604771082598e-01
3.184168975158141166e+03 1.040248248080371390e-01
3.188240802492102830e+03 1.079829348870604416e-01
3.192312629826064494e+03 1.125169911735766637e-01
3.196384457160026614e+03 1.174282018494832158e-01
3.200456284493988278e+03 1.225625796040172022e-01
3.204528111827949942e+03 1.278169377680538621e-01
3.208599939161912062e+03 1.331140950995781114e-01
3.212671766495873726e+03 1.383630746796597755e-01
3.216743593829835390e+03 1.434258137673051492e-01
3.220815421163797510e+03 1.481088918936448173e-01
3.224887248497759174e+03 1.521884299550046449e-01
3.228959075831720838e+03 1.554627717291285349e-01
3.233030903165682957e+03 1.578160755699525297e-01
3.237102730499644622e+03 1.592708075744582730e-01
3.241174557833606286e+03 1.600100743366867362e-01
3.245246385167568405e+03 1.603604009554136511e-01
3.249318212501530070e+03 1.607381675849853531e-01
3.253390039835491734e+03 1.615738491266409116e-01
3.257461867169453853e+03 1.632338161175996005e-01
3.261533694503415518e+03 1.659583862189329129e-01
3.265605521837377637e+03 1.698282789013799698e-01
3.269677349171339301e+03 1.747626585016489043e-01
3.273749176505300966e+03 1.805439934357195297e-01
3.277821003839263085e+03 1.868604195297320913e-01
3.281892831173224749e+03 1.933557141033145910e-01
3.285964658507186414e+03 1.996791265516481284e-01
3.290036485841148533e+03 2.055300495931838278e-01
3.294108313175110197e+03 2.106940747015045856e-01
3.298180140509071862e+03 2.150668606450977516e-01
3.302251967843033981e+03 2.186614380454293682e-01
3.306323795176995645e+03 2.215948918793619882e-01
3.310395622510957310e+03 2.240533040143842525e-01
3.314467449844919429e+03 2.262395037405572906e-01
3.318539277178881093e+03 2.283148710247019930e-01
3.322611104512842758e+03 2.303512087395211960e-01
3.326682931846804877e+03 2.323086422801936002e-01
3.330754759180766541e+03 2.340492814938233135e-01
3.334826586514728206e+03 2.353852110994766045e-01
3.338898413848690325e+03 2.361469490228201851e-01
3.342970241182651989e+03 2.362497154604356608e-01
3.347042068516613654e+03 2.357337785357243032e-01
3.351113895850575773e+03 2.347631702877943927e-01
3.355185723184537437e+03 2.335819379653818473e-01
3.359257550518499102e+03 2.324434463639533655e-01
3.363329377852461221e+03 2.315395556407219557e-01
3.367401205186422885e+03 2.309577219293895700e-01
3.371473032520384550e+03 2.306838943711963519e-01
3.375544859854346669e+03 2.306508117027321614e-01
3.379616687188308333e+03 2.308118584391574968e-01
3.383688514522269998e+03 2.312079923652857749e-01
3.387760341856232117e+03 2.319951987125761228e-01
3.391832169190193781e+03 2.334135375515553612e-01
3.395903996524155446e+03 2.357016962748902933e-01
3.399975823858117565e+03 2.389845120719823468e-01
3.404047651192079229e+03 2.431757423793570461e-01
3.408119478526040893e+03 2.479378019304271097e-01
3.412191305860003013e+03 2.527232519153449486e-01
3.416263133193964677e+03 2.568948652444646985e-01
3.420334960527926341e+03 2.598920273807315828e-01
3.424406787861888461e+03 2.613919249502077435e-01
3.428478615195850125e+03 2.614120737225661406e-01
3.432550442529811789e+03 2.603176548555311554e-01
3.436622269863773909e+03 2.587273433277051393e-01
3.440694097197735573e+03 2.573443285791784385e-01
3.444765924531697237e+03 2.567634476890927608e-01
3.448837751865659357e+03 2.573123855585127684e-01
3.452909579199621021e+03 2.589726321208658533e-01
3.456981406533582685e+03 2.613991488197954793e-01
3.461053233867544805e+03 2.640262759904059564e-01
3.465125061201506469e+03 2.662222772479073130e-01
3.469196888535468133e+03 2.674441229070051440e-01
3.473268715869430252e+03 2.673500112865631606e-01
3.477340543203391917e+03 2.658458882918411925e-01
3.481412370537353581e+03 2.630657787054759278e-01
3.485484197871315700e+03 2.593052022631615050e-01
3.489556025205277365e+03 2.549361024149278121e-01
3.493627852539239029e+03 2.503291578687594776e-01
3.497699679873201148e+03 2.457984722716451687e-01
3.501771507207162813e+03 2.415706649919983351e-01
3.505843334541124477e+03 2.377713721875701069e-01
3.509915161875086596e+03 2.344203596210366891e-01
3.513986989209048261e+03 2.314311100381020447e-01
3.518058816543009925e+03 2.286178834539549509e-01
3.522130643876972044e+03 2.257178069600044856e-01
3.526202471210933709e+03 2.224340309013119743e-01
3.530274298544895373e+03 2.184982357367294958e-01
3.534346125878857492e+03 2.137401430533678592e-01
3.538417953212819157e+03 2.081435057240380582e-01
3.542489780546780821e+03 2.018671121440381855e-01
3.546561607880742940e+03 1.952175253122895304e-01
3.550633435214704605e+03 1.885754710542576484e-01
3.554705262548666269e+03 1.822945323175332033e-01
3.558777089882628388e+03 1.766024763463299452e-01
3.562848917216590053e+03 1.715371151586556064e-01
3.566920744550551717e+03 1.669388126761416347e-01
3.570992571884513836e+03 1.625037321562598780e-01
3.575064399218475501e+03 1.578820213049604571e-01
3.579136226552437165e+03 1.527904726668150859e-01
3.583208053886399284e+03 1.471048963661651943e-01
3.587279881220360949e+03 1.409047304931540234e-01
3.591351708554322613e+03 1.344583068249648461e-01
3.595423535888284732e+03 1.281558100543254142e-01
3.599495363222246397e+03 1.224119041834703936e-01
3.603567190556208061e+03 1.175666911640205203e-01
3.607639017890170180e+03 1.138108919832904464e-01
3.611710845224131845e+03 1.111510827257456424e-01
3.615782672558093509e+03 1.094178326636696397e-01
3.619854499892055628e+03 1.083082981798290517e-01
3.623926327226017293e+03 1.074483731987304902e-01
3.627998154559978957e+03 1.064586693210521490e-01
3.632069981893941076e+03 1.050120195373479282e-01
3.636141809227902741e+03 1.028753670930736552e-01
3.640213636561864405e+03 9.993349171499062156e-02
3.644285463895826524e+03 9.619483986305304990e-02
3.648357291229788189e+03 9.178091452402822870e-02
3.652429118563749853e+03 8.690125998165945664e-02
3.656500945897711972e+03 8.181708802844389616e-02
3.660572773231673636e+03 7.679837782849650851e-02
3.664644600565635301e+03 7.208126069209616626e-02
3.668716427899597420e+03 6.783351362842865440e-02
3.672788255233559084e+03 6.413499557437579712e-02
3.676860082567520749e+03 6.097661901760813297e-02
3.680931909901482868e+03 5.827676270305938433e-02
3.685003737235444532e+03 5.590948096542439072e-02
3.689075564569406197e+03 5.373612545903013599e-02
3.693147391903368316e+03 5.163207068179813397e-02
3.697219219237329980e+03 4.950300003580145047e-02
3.701291046571291645e+03 4.728946304075282159e-02
3.705362873905253764e+03 4.496242105552646084e-02
3.709434701239215428e+03 4.251475413931092573e-02
3.713506528573177093e+03 3.995356409282423138e-02
3.717578355907139212e+03 3.729601366752331726e-02
3.721650183241100876e+03 3.456862039104987433e-02
3.725722010575062541e+03 3.180778156457778755e-02
3.729793837909024660e+03 2.905877170412633076e-02
3.733865665242986324e+03 2.637158855184356873e-02
3.737937492576947989e+03 2.379407508297889939e-02
3.742009319910910108e+03 2.136456803204542926e-02
3.746081147244871772e+03 1.910696360627724827e-02
3.750152974578833437e+03 1.703023466371191008e-02
3.754224801912795556e+03 1.513252452085163402e-02
3.758296629246757220e+03 1.340792859724293518e-02
3.762368456580718885e+03 1.185292778447929844e-02
3.766440283914681004e+03 1.046968559472369331e-02
3.770512111248642668e+03 9.264919098887793719e-03
3.774583938582604787e+03 8.245079702379108644e-03
3.778655765916566452e+03 7.410199664020023121e-03
3.782727593250528116e+03 6.749269316021436899e-03
3.786799420584490235e+03 6.239242839546261382e-03
3.790871247918451900e+03 5.848142775733812873e-03
3.794943075252413564e+03 5.541014304403525312e-03
3.799014902586375683e+03 5.286420107649747631e-03
3.803086729920337348e+03 5.061162424474409741e-03
3.807158557254299012e+03 4.851868077233150063e-03
3.811230384588261131e+03 4.653465574026204900e-03
3.815302211922222796e+03 4.465773338911452860e-03
3.819374039256184460e+03 4.289922838160336108e-03
3.823445866590146579e+03 4.126040153702071125e-03
3.827517693924108244e+03 3.972756653795594950e-03
3.831589521258069908e+03 3.828176872022811573e-03
3.835661348592032027e+03 3.691335173903376524e-03
3.839733175925993692e+03 3.563135066854837898e-03
3.843805003259955356e+03 3.446209583564742961e-03
3.847876830593917475e+03 3.343779953743590896e-03
3.851948657927879140e+03 3.258089814990704734e-03
3.856020485261840804e+03 3.189140140999763978e-03
3.860092312595802923e+03 3.134235463126023614e-03
3.864164139929764588e+03 3.088439999358455479e-03
3.868235967263726252e+03 3.045664291168321235e-03
3.872307794597688371e+03 2.999930504905065284e-03
3.876379621931650036e+03 2.946433088136621303e-03
3.880451449265611700e+03 2.882225385145589444e-03
3.884523276599573819e+03 2.806568873217336717e-03
3.888595103933535484e+03 2.721063025005565454e-03
3.892666931267497148e+03 2.629611550489352467e-03
3.896738758601459267e+03 2.538153041870750380e-03
3.900810585935420931e+03 2.454008997826207222e-03
3.904882413269382596e+03 2.384761688406818961e-03
3.908954240603344715e+03 2.336762553473533538e-03
3.913026067937306379e+03 2.313596819517026518e-03
3.917097895271268044e+03 2.314964872206052258e-03
3.921169722605230163e+03 2.336394868138672379e-03
3.925241549939191827e+03 2.369970737623250129e-03
3.929313377273153492e+03 2.405933388850616493e-03
3.933385204607115611e+03 2.434726742126318202e-03
3.937457031941077275e+03 2.448931081711712594e-03
3.941528859275038940e+03 2.444596808182266170e-03
3.945600686609001059e+03 2.421715425295660733e-03
3.949672513942962723e+03 2.383835579932082338e-03
3.953744341276924388e+03 2.337041330694187950e-03
3.957816168610886507e+03 2.288597463730798840e-03
3.961887995944848171e+03 2.245541825803422809e-03
3.965959823278809836e+03 2.213427222109090684e-03
3.970031650612771955e+03 2.195352048858623551e-03
3.974103477946733619e+03 2.191400307625935608e-03
3.978175305280695284e+03 2.198616546140562053e-03
3.982247132614657403e+03 2.211614326156346056e-03
3.986318959948619067e+03 2.223810663018167388e-03
3.990390787282580732e+03 2.229093943580968268e-03
3.994462614616542851e+03 2.223530837364759167e-03
3.998534441950504515e+03 2.206598448989015391e-03
