4.071827333961817175e+00 2.626432042626421909e-02
8.143654667923634349e+00 2.742680768732176297e-02
1.221548200188545152e+01 2.925085724549489341e-02
1.628730933584726870e+01 3.158955289383429121e-02
2.035913666980908587e+01 3.427710981519281608e-02
2.443096400377090305e+01 3.715570177016919162e-02
2.850279133773272022e+01 4.009619023796827386e-02
3.257461867169453740e+01 4.300907034664847722e-02
3.664644600565635812e+01 4.584538008925152786e-02
4.071827333961817175e+01 4.859034577946834410e-02
4.479010067357999247e+01 5.125410363946765469e-02
4.886192800754180610e+01 5.386351586524044249e-02
5.293375534150362682e+01 5.645723583010779645e-02
5.700558267546544045e+01 5.908372966290965922e-02
6.107741000942726117e+01 6.180008628411594318e-02
6.514923734338907479e+01 6.466900013383086732e-02
6.922106467735089552e+01 6.775246957520439373e-02
7.329289201131271625e+01 7.110293585579915976e-02
7.736471934527452277e+01 7.475469503619272538e-02
8.143654667923634349e+01 7.871932593323824334e-02
8.550837401319816422e+01 8.298796724203047481e-02
8.958020134715998495e+01 8.754074792114185932e-02
9.365202868112179146e+01 9.236052271700596894e-02
9.772385601508361219e+01 9.744568467402707490e-02
1.017956833490454329e+02 1.028164068677218379e-01
1.058675106830072536e+02 1.085106299807837571e-01
1.099393380169690602e+02 1.145698654511348724e-01
1.140111653509308809e+02 1.210189956182992355e-01
1.180829926848927016e+02 1.278470257295641344e-01
1.221548200188545223e+02 1.349959365763163388e-01
1.262266473528163289e+02 1.423621788100536967e-01
1.302984746867781496e+02 1.498108835528892124e-01
1.343703020207399561e+02 1.571982898069577139e-01
1.384421293547017910e+02 1.643950432488421876e-01
1.425139566886635976e+02 1.713030409783282138e-01
1.465857840226254325e+02 1.778613251691837371e-01
1.506576113565872390e+02 1.840409306824573876e-01
1.547294386905490455e+02 1.898326928118500290e-01
1.588012660245108805e+02 1.952341314468045708e-01
1.628730933584726870e+02 2.002408860593707374e-01
1.669449206924344935e+02 2.048452734586631574e-01
1.710167480263963284e+02 2.090408698017126865e-01
1.750885753603581350e+02 2.128293574694700430e-01
1.791604026943199699e+02 2.162254375747529878e-01
1.832322300282817764e+02 2.192574517077403029e-01
1.873040573622435829e+02 2.219643641649452215e-01
1.913758846962054179e+02 2.243921857889332183e-01
1.954477120301672244e+02 2.265932943193015026e-01
1.995195393641290309e+02 2.286300086735836568e-01
2.035913666980908658e+02 2.305801607151682364e-01
2.076631940320526724e+02 2.325392313212106266e-01
2.117350213660145073e+02 2.346129125166823981e-01
2.158068486999763138e+02 2.368967828012458754e-01
2.198786760339381203e+02 2.394455304351723046e-01
2.239505033678999553e+02 2.422406005441382904e-01
2.280223307018617618e+02 2.451692628396330842e-01
2.320941580358235683e+02 2.480274116973456011e-01
2.361659853697854032e+02 2.505521902508148768e-01
2.402378127037472098e+02 2.524803799239176971e-01
2.443096400377090447e+02 2.536179604424409484e-01
2.483814673716708512e+02 2.538995265190955308e-01
2.524532947056326577e+02 2.534165260471762937e-01
2.565251220395944642e+02 2.524013154754841670e-01
2.605969493735562992e+02 2.511676264920758572e-01
2.646687767075181341e+02 2.500227171840593843e-01
2.687406040414799122e+02 2.491770364044471331e-01
2.728124313754417472e+02 2.486796777364019828e-01
2.768842587094035821e+02 2.484010078239124175e-01
2.809560860433653602e+02 2.480696693202365799e-01
2.850279133773271951e+02 2.473543107152705312e-01
2.890997407112890301e+02 2.459664491600689895e-01
2.931715680452508650e+02 2.437543620301882985e-01
2.972433953792126431e+02 2.407607832221409228e-01
3.013152227131744780e+02 2.372282529639743454e-01
3.053870500471363130e+02 2.335514450410265952e-01
3.094588773810980911e+02 2.301907131567077214e-01
3.135307047150599260e+02 2.275710408265237406e-01
3.176025320490217609e+02 2.259930398338529933e-01
3.216743593829835390e+02 2.255776096581893486e-01
3.257461867169453740e+02 2.262555238973015526e-01
3.298180140509072089e+02 2.278009557463270274e-01
3.338898413848689870e+02 2.298972364208727304e-01
3.379616687188308219e+02 2.322164621213517743e-01
3.420334960527926569e+02 2.344930028869448846e-01
3.461053233867544918e+02 2.365742035204206339e-01
3.501771507207162699e+02 2.384382873865661945e-01
3.542489780546781049e+02 2.401778741930333250e-01
3.583208053886399398e+02 2.419557369143690018e-01
3.623926327226017179e+02 2.439457953606776752e-01
3.664644600565635528e+02 2.462755946680638408e-01
3.705362873905253878e+02 2.489858934692233683e-01
3.746081147244871659e+02 2.520184489186197418e-01
3.786799420584490008e+02 2.552354758735245754e-01
3.827517693924108357e+02 2.584653163668492182e-01
3.868235967263726138e+02 2.615609554294686667e-01
3.908954240603344488e+02 2.644535760154940185e-01
3.949672513942962837e+02 2.671840373047981165e-01
3.990390787282580618e+02 2.699012247710457779e-01
4.031109060622198967e+02 2.728261437715712723e-01
4.071827333961817317e+02 2.761914395898821262e-01
4.112545607301435666e+02 2.801741838869912793e-01
4.153263880641053447e+02 2.848423759053936299e-01
4.193982153980671796e+02 2.901315272470557094e-01
4.234700427320290146e+02 2.958580954823146758e-01
4.275418700659907927e+02 3.017645903211115255e-01
4.316136973999526276e+02 3.075810367231481268e-01
4.356855247339144626e+02 3.130827423898380202e-01
4.397573520678762407e+02 3.181266802309286601e-01
4.438291794018380756e+02 3.226573618446225700e-01
4.479010067357999105e+02 3.266846306893181340e-01
4.519728340697616886e+02 3.302459902751858634e-01
4.560446614037235236e+02 3.333710625020406826e-01
4.601164887376853585e+02 3.360637046216649049e-01
4.641883160716471366e+02 3.383090994734404000e-01
4.682601434056089715e+02 3.401020869814618264e-01
4.723319707395708065e+02 3.414835724357566105e-01
4.764037980735326414e+02 3.425678545654083917e-01
4.804756254074944195e+02 3.435468309432619938e-01
4.845474527414562544e+02 3.446660670561708661e-01
4.886192800754180894e+02 3.461790415896909279e-01
4.926911074093798675e+02 3.482948881586470646e-01
4.967629347433417024e+02 3.511378912248241391e-01
5.008347620773035374e+02 3.547325319330955073e-01
5.049065894112653154e+02 3.590177205682932859e-01
5.089784167452271504e+02 3.638821133337342695e-01
5.130502440791889285e+02 3.692039914486519026e-01
5.171220714131508203e+02 3.748777482414015760e-01
5.211938987471125984e+02 3.808154413065902300e-01
5.252657260810743765e+02 3.869236875825311506e-01
5.293375534150362682e+02 3.930685515559896315e-01
5.334093807489980463e+02 3.990486341827716443e-01
5.374812080829598244e+02 4.045956575056437465e-01
5.415530354169217162e+02 4.094121379807112993e-01
5.456248627508834943e+02 4.132405968493947368e-01
5.496966900848452724e+02 4.159440196158450398e-01
5.537685174188071642e+02 4.175690556517334673e-01
5.578403447527689423e+02 4.183656381876810215e-01
5.619121720867307204e+02 4.187492964458307543e-01
5.659839994206926121e+02 4.192113185764912986e-01
5.700558267546543902e+02 4.202003380897757490e-01
5.741276540886162820e+02 4.220099769562633552e-01
5.781994814225780601e+02 4.247065639139883109e-01
5.822713087565398382e+02 4.281186215840211418e-01
5.863431360905017300e+02 4.318901058208279298e-01
5.904149634244635081e+02 4.355793376056172339e-01
5.944867907584252862e+02 4.387722685223016117e-01
5.985586180923871780e+02 4.411765707314984075e-01
6.026304454263489561e+02 4.426721639856118773e-01
6.067022727603107342e+02 4.433101340369117738e-01
6.107741000942726259e+02 4.432690888351287772e-01
6.148459274282344040e+02 4.427896068086422110e-01
6.189177547621961821e+02 4.421099984533805594e-01
6.229895820961580739e+02 4.414204775041036255e-01
6.270614094301198520e+02 4.408418205335894458e-01
6.311332367640816301e+02 4.404240499231043549e-01
6.352050640980435219e+02 4.401550887484456109e-01
6.392768914320053000e+02 4.399703843453758312e-01
6.433487187659670781e+02 4.397604848153748303e-01
6.474205460999289699e+02 4.393804213285246729e-01
6.514923734338907479e+02 4.386681675995916518e-01
6.555642007678525260e+02 4.374770010538426845e-01
6.596360281018144178e+02 4.357190418151924982e-01
6.637078554357761959e+02 4.334082729662460665e-01
6.677796827697379740e+02 4.306858404439434240e-01
6.718515101036998658e+02 4.278121297643013854e-01
6.759233374376616439e+02 4.251196494266699100e-01
6.799951647716234220e+02 4.229350399388278059e-01
6.840669921055853138e+02 4.214918805831562310e-01
6.881388194395470919e+02 4.208624466521001528e-01
6.922106467735089836e+02 4.209326379472484447e-01
6.962824741074707617e+02 4.214305556582774726e-01
7.003543014414325398e+02 4.220004250924029310e-01
7.044261287753944316e+02 4.222969303766441196e-01
7.084979561093562097e+02 4.220672589302612576e-01
7.125697834433179878e+02 4.211926916955771039e-01
7.166416107772798796e+02 4.196770518512079606e-01
7.207134381112416577e+02 4.175899582015363265e-01
7.247852654452034358e+02 4.149906345236185068e-01
7.288570927791653276e+02 4.118659580936950282e-01
7.329289201131271057e+02 4.081111920315393382e-01
7.370007474470888837e+02 4.035652242973880033e-01
7.410725747810507755e+02 3.980903389139213711e-01
7.451444021150125536e+02 3.916678133150949259e-01
7.492162294489743317e+02 3.844720945790569000e-01
7.532880567829362235e+02 3.768912931613732087e-01
7.573598841168980016e+02 3.694786128188011776e-01
7.614317114508597797e+02 3.628422150480742348e-01
7.655035387848216715e+02 3.575019865680078013e-01
7.695753661187834496e+02 3.537536874975562018e-01
7.736471934527452277e+02 3.515802145792153444e-01
7.777190207867071194e+02 3.506367846078558559e-01
7.817908481206688975e+02 3.503161621665997205e-01
7.858626754546306756e+02 3.498781717955466997e-01
7.899345027885925674e+02 3.486110435885506620e-01
7.940063301225543455e+02 3.459849391792582662e-01
7.980781574565161236e+02 3.417614691288884399e-01
8.021499847904780154e+02 3.360352914534258106e-01
8.062218121244397935e+02 3.292010636912353072e-01
8.102936394584015716e+02 3.218565015484061154e-01
8.143654667923634634e+02 3.146660318874089923e-01
8.184372941263252415e+02 3.082168547730101960e-01
8.225091214602871332e+02 3.028991664802284101e-01
8.265809487942490250e+02 2.988354290469548147e-01
8.306527761282106894e+02 2.958717228948010147e-01
8.347246034621726949e+02 2.936300308304723439e-01
8.387964307961343593e+02 2.916067979262726984e-01
8.428682581300961374e+02 2.892932003182402401e-01
8.469400854640580292e+02 2.862884699229032437e-01
8.510119127980199210e+02 2.823803671697807105e-01
8.550837401319815854e+02 2.775758666088400384e-01
8.591555674659433635e+02 2.720780913232963560e-01
8.632273947999052552e+02 2.662191124045585333e-01
8.672992221338670333e+02 2.603687675739024820e-01
8.713710494678289251e+02 2.548443170512807443e-01
8.754428768017908169e+02 2.498434375814954644e-01
8.795147041357524813e+02 2.454147522953504246e-01
8.835865314697144868e+02 2.414685823652913399e-01
8.876583588036761512e+02 2.378195132598573680e-01
8.917301861376379293e+02 2.342449522947051277e-01
8.958020134715998211e+02 2.305419474162787308e-01
8.998738408055617128e+02 2.265680342526993629e-01
9.039456681395233772e+02 2.222589403225737892e-01
9.080174954734851553e+02 2.176238368642512688e-01
9.120893228074470471e+02 2.127248681683976683e-01
9.161611501414088252e+02 2.076503321079564979e-01
9.202329774753707170e+02 2.024900179510237819e-01
9.243048048093326088e+02 1.973179747319127597e-01
9.283766321432942732e+02 1.921841375411051100e-01
9.324484594772562787e+02 1.871133403826821529e-01
9.365202868112179431e+02 1.821090681113958221e-01
9.405921141451797212e+02 1.771596721136248498e-01
9.446639414791416129e+02 1.722458504584260530e-01
9.487357688131035047e+02 1.673490015669326370e-01
9.528075961470652828e+02 1.624600272231515596e-01
9.568794234810269472e+02 1.575873710135496653e-01
9.609512508149888390e+02 1.527621705212886261e-01
9.650230781489506171e+02 1.480381747700721395e-01
9.690949054829125089e+02 1.434850232778327739e-01
9.731667328168744007e+02 1.391754763180011178e-01
9.772385601508361788e+02 1.351694986179268754e-01
9.813103874847980705e+02 1.314997153237880689e-01
9.853822148187597350e+02 1.281628551589505394e-01
9.894540421527215130e+02 1.251201465155405979e-01
9.935258694866834048e+02 1.223067582587566565e-01
9.975976968206452966e+02 1.196473537503365270e-01
1.001669524154607075e+03 1.170728388089094657e-01
1.005741351488568739e+03 1.145332214204193982e-01
1.009813178822530631e+03 1.120032157008741258e-01
1.013885006156492409e+03 1.094801030073753179e-01
1.017956833490454301e+03 1.069762304373775841e-01
1.022028660824416193e+03 1.045102300997110129e-01
1.026100488158377857e+03 1.021009370119540377e-01
1.030172315492339749e+03 9.976619235627356974e-02
1.034244142826301641e+03 9.752606829230749119e-02
1.038315970160263305e+03 9.540771213578277954e-02
1.042387797494225197e+03 9.344800198900790611e-02
1.046459624828187088e+03 9.169097672842405067e-02
1.050531452162148753e+03 9.017923853252296507e-02
1.054603279496110645e+03 8.894129438457089309e-02
1.058675106830072536e+03 8.797894335541837918e-02
1.062746934164034201e+03 8.725941723611724266e-02
1.066818761497996093e+03 8.671575044540399957e-02
1.070890588831957984e+03 8.625623041441247973e-02
1.074962416165919649e+03 8.578075000067671152e-02
1.079034243499881541e+03 8.519958697785734447e-02
1.083106070833843432e+03 8.444941121476155776e-02
1.087177898167805097e+03 8.350238896123550469e-02
1.091249725501766989e+03 8.236665367559641016e-02
1.095321552835728880e+03 8.107920414695114764e-02
1.099393380169690545e+03 7.969444028759943566e-02
1.103465207503652437e+03 7.827233336246720852e-02
1.107537034837614328e+03 7.686950295681226064e-02
1.111608862171575993e+03 7.553468541428864924e-02
1.115680689505537885e+03 7.430805331688325466e-02
1.119752516839499776e+03 7.322242787574963219e-02
1.123824344173461441e+03 7.230413366097772354e-02
1.127896171507423333e+03 7.157207500907289410e-02
1.131967998841385224e+03 7.103507574865641772e-02
1.136039826175347116e+03 7.068887949678259730e-02
1.140111653509308780e+03 7.051480307244475942e-02
1.144183480843270672e+03 7.048158809458424101e-02
1.148255308177232564e+03 7.055070977782271213e-02
1.152327135511194228e+03 7.068386720160921288e-02
1.156398962845156120e+03 7.085030181889519219e-02
1.160470790179118012e+03 7.103147455440238234e-02
1.164542617513079676e+03 7.122155239809410676e-02
1.168614444847041568e+03 7.142372660744686352e-02
1.172686272181003460e+03 7.164393059965232236e-02
1.176758099514965124e+03 7.188438385932696684e-02
1.180829926848927016e+03 7.213920791198777382e-02
1.184901754182888908e+03 7.239326162617101823e-02
1.188973581516850572e+03 7.262386267371595538e-02
1.193045408850812464e+03 7.280390747098317017e-02
1.197117236184774356e+03 7.290462166680143630e-02
1.201189063518736020e+03 7.289689196581881914e-02
1.205260890852697912e+03 7.275147438709729519e-02
1.209332718186659804e+03 7.243962974009156286e-02
1.213404545520621468e+03 7.193617606584615243e-02
1.217476372854583360e+03 7.122618236787742196e-02
1.221548200188545252e+03 7.031473089099091189e-02
1.225620027522506916e+03 6.923705634328311542e-02
1.229691854856468808e+03 6.806490482551237620e-02
1.233763682190430700e+03 6.690496802367441875e-02
1.237835509524392364e+03 6.588703111380603272e-02
1.241907336858354256e+03 6.514260129973073465e-02
1.245979164192316148e+03 6.477822614821229785e-02
1.250050991526277812e+03 6.485019786613058224e-02
1.254122818860239704e+03 6.534785398193175554e-02
1.258194646194201596e+03 6.619087192206211945e-02
1.262266473528163260e+03 6.724228736438073173e-02
1.266338300862125152e+03 6.833459159918459092e-02
1.270410128196087044e+03 6.930259288053715327e-02
1.274481955530048708e+03 7.001492825372132578e-02
1.278553782864010600e+03 7.039670195874798975e-02
1.282625610197972492e+03 7.043841612316210921e-02
1.286697437531934156e+03 7.019020277898757598e-02
1.290769264865896048e+03 6.974413115056503354e-02
1.294841092199857940e+03 6.920997382870847092e-02
1.298912919533819604e+03 6.869068663541252895e-02
1.302984746867781496e+03 6.826302054704772027e-02
1.307056574201743388e+03 6.796667090336168393e-02
1.311128401535705052e+03 6.780294002840217549e-02
1.315200228869666944e+03 6.774173820537406077e-02
1.319272056203628836e+03 6.773429853549288449e-02
1.323343883537590500e+03 6.772833784836215787e-02
1.327415710871552392e+03 6.768243002044330159e-02
1.331487538205514284e+03 6.757685716275532717e-02
1.335559365539475948e+03 6.741899428331601940e-02
1.339631192873437840e+03 6.724227042202327032e-02
1.343703020207399732e+03 6.709887923872079329e-02
1.347774847541361396e+03 6.704759275825944442e-02
1.351846674875323288e+03 6.713908538437036999e-02
1.355918502209285180e+03 6.740185655094825534e-02
1.359990329543246844e+03 6.783192255168608853e-02
1.364062156877208736e+03 6.838882796286396837e-02
1.368133984211170628e+03 6.899929324453697721e-02
1.372205811545132292e+03 6.956823847774641634e-02
1.376277638879094184e+03 6.999537130026249609e-02
1.380349466213056076e+03 7.019434355650112922e-02
1.384421293547017967e+03 7.011088780995548830e-02
1.388493120880979632e+03 6.973640786173729289e-02
1.392564948214941523e+03 6.911416015477228614e-02
1.396636775548903415e+03 6.833631011380272846e-02
1.400708602882865080e+03 6.753165031713485866e-02
1.404780430216826971e+03 6.684547800585775856e-02
1.408852257550788863e+03 6.641483297009678766e-02
1.412924084884750528e+03 6.634366936831863348e-02
1.416995912218712419e+03 6.668316554602424229e-02
1.421067739552674311e+03 6.742188279089900149e-02
1.425139566886635976e+03 6.848869894103579159e-02
1.429211394220597867e+03 6.976858061258954524e-02
1.433283221554559759e+03 7.112796951168894044e-02
1.437355048888521424e+03 7.244379990318675078e-02
1.441426876222483315e+03 7.362889324487127685e-02
1.445498703556445207e+03 7.464727676066100492e-02
1.449570530890406872e+03 7.551576921665516251e-02
1.453642358224368763e+03 7.629217491402665030e-02
1.457714185558330655e+03 7.705434319378638708e-02
1.461786012892292320e+03 7.787686658467068979e-02
1.465857840226254211e+03 7.881245233193420741e-02
1.469929667560216103e+03 7.988296254877758074e-02
1.474001494894177767e+03 8.108156689312015497e-02
1.478073322228139659e+03 8.238370718946316784e-02
1.482145149562101551e+03 8.376196411200646785e-02
1.486216976896063215e+03 8.519926553467600805e-02
1.490288804230025107e+03 8.669621219520659561e-02
1.494360631563986999e+03 8.827090088038488935e-02
1.498432458897948663e+03 8.995239020793850682e-02
1.502504286231910555e+03 9.177087029565902943e-02
1.506576113565872447e+03 9.374815277167207472e-02
1.510647940899834111e+03 9.589140850644713165e-02
1.514719768233796003e+03 9.819172307367682317e-02
1.518791595567757895e+03 1.006276875812559812e-01
1.522863422901719559e+03 1.031733131709781925e-01
1.526935250235681451e+03 1.058090562188568340e-01
1.531007077569643343e+03 1.085343715411840881e-01
1.535078904903605007e+03 1.113796776567645280e-01
1.539150732237566899e+03 1.144149336137323669e-01
1.543222559571528791e+03 1.177516199478435138e-01
1.547294386905490455e+03 1.215354474843585580e-01
1.551366214239452347e+03 1.259290669034826005e-01
1.555438041573414239e+03 1.310872911018242104e-01
1.559509868907375903e+03 1.371309468429217915e-01
1.563581696241337795e+03 1.441279361737918541e-01
1.567653523575299687e+03 1.520899158214147895e-01
1.571725350909261351e+03 1.609894457692351843e-01
1.575797178243223243e+03 1.707960556701900168e-01
1.579869005577185135e+03 1.815223023915122635e-01
1.583940832911146799e+03 1.932651991670825131e-01
1.588012660245108691e+03 2.062268422949442570e-01
1.592084487579070583e+03 2.207018698664290624e-01
1.596156314913032247e+03 2.370279155505608526e-01
1.600228142246994139e+03 2.555060235715757022e-01
1.604299969580956031e+03 2.763076148594049708e-01
1.608371796914917695e+03 2.993898140960410403e-01
1.612443624248879587e+03 3.244399628832845828e-01
1.616515451582841479e+03 3.508632508095976266e-01
1.620587278916803143e+03 3.778168570678507865e-01
1.624659106250765035e+03 4.042831719523720113e-01
1.628730933584726927e+03 4.291667691481868552e-01
1.632802760918688818e+03 4.513967618462480513e-01
1.636874588252650483e+03 4.700181076045636952e-01
1.640946415586612375e+03 4.842608084076350794e-01
1.645018242920574266e+03 4.935824380239532405e-01
1.649090070254536158e+03 4.976848679584537360e-01
1.653161897588498050e+03 4.965092841908026466e-01
1.657233724922459714e+03 4.902146329217015319e-01
1.661305552256421379e+03 4.791444162252410655e-01
1.665377379590383043e+03 4.637863629494948237e-01
1.669449206924345390e+03 4.447295252158985912e-01
1.673521034258306827e+03 4.226236189689033251e-01
1.677592861592268719e+03 3.981451917662074957e-01
1.681664688926230610e+03 3.719737145567619252e-01
1.685736516260192275e+03 3.447778096419155114e-01
1.689808343594154167e+03 3.172082887898706183e-01
1.693880170928116058e+03 2.898919089528864679e-01
1.697951998262077495e+03 2.634192222640943659e-01
1.702023825596039842e+03 2.383223313332699100e-01
1.706095652930001506e+03 2.150432409708597503e-01
1.710167480263963171e+03 1.938990898453933354e-01
1.714239307597924835e+03 1.750545261759767490e-01
1.718311134931886727e+03 1.585119172211775229e-01
1.722382962265848619e+03 1.441262875990551029e-01
1.726454789599810510e+03 1.316448866591702349e-01
1.730526616933772402e+03 1.207635013635712379e-01
1.734598444267734067e+03 1.111859535392917264e-01
1.738670271601695958e+03 1.026718741866564366e-01
1.742742098935657850e+03 9.506147093619751742e-02
1.746813926269619742e+03 8.827336023347322203e-02
1.750885753603581634e+03 8.227997884436648313e-02
1.754957580937543298e+03 7.707160286597741772e-02
1.759029408271504963e+03 7.262236971994236179e-02
1.763101235605466627e+03 6.886933253444019187e-02
1.767173062939428974e+03 6.570967806145434909e-02
1.771244890273390411e+03 6.301424340369538024e-02
1.775316717607352302e+03 6.065002690082743619e-02
1.779388544941314194e+03 5.850233527948602713e-02
1.783460372275275859e+03 5.648890388453635392e-02
1.787532199609237750e+03 5.456264699704810317e-02
1.791604026943199642e+03 5.270461547672611324e-02
1.795675854277161079e+03 5.091222689233706328e-02
1.799747681611123426e+03 4.918867036843519586e-02
1.803819508945085090e+03 4.753758451636351523e-02
1.807891336279046754e+03 4.596377210415694692e-02
1.811963163613008419e+03 4.447748783194915845e-02
1.816034990946970311e+03 4.309814264586615123e-02
1.820106818280932202e+03 4.185374049762730086e-02
1.824178645614894094e+03 4.077463735256449395e-02
1.828250472948855986e+03 3.988316419011617153e-02
1.832322300282817650e+03 3.918293720743797753e-02
1.836394127616779542e+03 3.865230035142748488e-02
1.840465954950741434e+03 3.824506651783128597e-02
1.844537782284703326e+03 3.789910093698620891e-02
1.848609609618665218e+03 3.755039932029552441e-02
1.852681436952626882e+03 3.714828533001032079e-02
1.856753264286588546e+03 3.666692674363573184e-02
1.860825091620550211e+03 3.610964184076073669e-02
1.864896918954512557e+03 3.550490290252487219e-02
1.868968746288473994e+03 3.489563050685885737e-02
1.873040573622435886e+03 3.432538415398753151e-02
1.877112400956397778e+03 3.382577719998768051e-02
1.881184228290359442e+03 3.340875089455895564e-02
1.885256055624321334e+03 3.306558066784218153e-02
1.889327882958283226e+03 3.277230664354173484e-02
1.893399710292245118e+03 3.249938572930376190e-02
1.897471537626207009e+03 3.222229271695840197e-02
1.901543364960168674e+03 3.192978505376250359e-02
1.905615192294130566e+03 3.162749136892574475e-02
1.909687019628092003e+03 3.133602880577276290e-02
1.913758846962053894e+03 3.108451049318208120e-02
1.917830674296016241e+03 3.090159847908516971e-02
1.921902501629977678e+03 3.080685196165816597e-02
1.925974328963939570e+03 3.080489110239016323e-02
1.930046156297901234e+03 3.088395076317453428e-02
1.934117983631863126e+03 3.101903856170616994e-02
1.938189810965825018e+03 3.117854866648204354e-02
1.942261638299786910e+03 3.133222041231416288e-02
1.946333465633748801e+03 3.145804810007456209e-02
1.950405292967710466e+03 3.154621414142912139e-02
1.954477120301672358e+03 3.159916615569426102e-02
1.958548947635633795e+03 3.162823828427686890e-02
1.962620774969596141e+03 3.164830314310775050e-02
1.966692602303558033e+03 3.167247660025648837e-02
1.970764429637519470e+03 3.170871602433728009e-02
1.974836256971481362e+03 3.175933572270567273e-02
1.978908084305443026e+03 3.182331391780113261e-02
1.982979911639404918e+03 3.190020089099475376e-02
1.987051738973366810e+03 3.199384045285964817e-02
1.991123566307328701e+03 3.211419789388547663e-02
1.995195393641290593e+03 3.227631167800805445e-02
1.999267220975252258e+03 3.249648541908235766e-02
2.003339048309214149e+03 3.278690848762284143e-02
2.007410875643175586e+03 3.315054654320633010e-02
2.011482702977137478e+03 3.357813821853462832e-02
2.015554530311099825e+03 3.404846949643343390e-02
2.019626357645061262e+03 3.453200853274664833e-02
2.023698184979023154e+03 3.499685800385861356e-02
2.027770012312984818e+03 3.541521907819528137e-02
2.031841839646946710e+03 3.576842937731770228e-02
2.035913666980908602e+03 3.604917799659303895e-02
2.039985494314870493e+03 3.626051284142930292e-02
2.044057321648832385e+03 3.641236858792734621e-02
2.048129148982794050e+03 3.651715173334829645e-02
2.052200976316755714e+03 3.658613021009883559e-02
2.056272803650717833e+03 3.662791897998416563e-02
2.060344630984679497e+03 3.664941042796988901e-02
2.064416458318641162e+03 3.665843518400228873e-02
2.068488285652603281e+03 3.666667028710425547e-02
2.072560112986564945e+03 3.669114349362594119e-02
2.076631940320526610e+03 3.675319214004322405e-02
2.080703767654488729e+03 3.687473591084410723e-02
2.084775594988450393e+03 3.707283247902077444e-02
2.088847422322412058e+03 3.735427014871922635e-02
2.092919249656374177e+03 3.771209775202164632e-02
2.096991076990335841e+03 3.812542867078339004e-02
2.101062904324297506e+03 3.856278730411566436e-02
2.105134731658259625e+03 3.898809305876255876e-02
2.109206558992221289e+03 3.936753762515359661e-02
2.113278386326182954e+03 3.967540882173840877e-02
2.117350213660145073e+03 3.989739743199360866e-02
2.121422040994106737e+03 4.003087315307836402e-02
2.125493868328068402e+03 4.008264161484322019e-02
2.129565695662030521e+03 4.006540019908742811e-02
2.133637522995992185e+03 3.999425765588972281e-02
2.137709350329953850e+03 3.988428213897159125e-02
2.141781177663915969e+03 3.974933541829560324e-02
2.145853004997877633e+03 3.960179002178247643e-02
2.149924832331839298e+03 3.945241021108313040e-02
2.153996659665801417e+03 3.930981881575229542e-02
2.158068486999763081e+03 3.917945067764212752e-02
2.162140314333724746e+03 3.906242545909412861e-02
2.166212141667686865e+03 3.895505267709544611e-02
2.170283969001648529e+03 3.884953760154277735e-02
2.174355796335610194e+03 3.873593780599454695e-02
2.178427623669572313e+03 3.860477969585834196e-02
2.182499451003533977e+03 3.844931816555347687e-02
2.186571278337495642e+03 3.826646293060749493e-02
2.190643105671457761e+03 3.805593732450361644e-02
2.194714933005419425e+03 3.781806369613853469e-02
2.198786760339381090e+03 3.755130387943789172e-02
2.202858587673343209e+03 3.725095123205914016e-02
2.206930415007304873e+03 3.690998832460364726e-02
2.211002242341266538e+03 3.652219915745692769e-02
2.215074069675228657e+03 3.608652990715537079e-02
2.219145897009190321e+03 3.561091458293642181e-02
2.223217724343151986e+03 3.511370804635677995e-02
2.227289551677114105e+03 3.462160214741791253e-02
2.231361379011075769e+03 3.416419585329723285e-02
2.235433206345037433e+03 3.376673895995661173e-02
2.239505033678999553e+03 3.344340747242634249e-02
2.243576861012961217e+03 3.319341956538459509e-02
2.247648688346922881e+03 3.300134445203388445e-02
2.251720515680885001e+03 3.284145322431217262e-02
2.255792343014846665e+03 3.268451079913484852e-02
2.259864170348808329e+03 3.250460176182003863e-02
2.263935997682770449e+03 3.228374862619347307e-02
2.268007825016732113e+03 3.201313991930734848e-02
2.272079652350694232e+03 3.169127795897168365e-02
2.276151479684655897e+03 3.132063387330850240e-02
2.280223307018617561e+03 3.090490121442582977e-02
2.284295134352579680e+03 3.044844525405884794e-02
2.288366961686541345e+03 2.995826930427551368e-02
2.292438789020503009e+03 2.944733598939819341e-02
2.296510616354465128e+03 2.893707940520540145e-02
2.300582443688426793e+03 2.845692790997516458e-02
2.304654271022388457e+03 2.803971646741245174e-02
2.308726098356350576e+03 2.771361804477603941e-02
2.312797925690312240e+03 2.749295135593458547e-02
2.316869753024273905e+03 2.737117317608055503e-02
2.320941580358236024e+03 2.731906216912245375e-02
2.325013407692197688e+03 2.728956374525068340e-02
2.329085235026159353e+03 2.722851416582349263e-02
2.333157062360121472e+03 2.708833106424460985e-02
2.337228889694083136e+03 2.684056573122642342e-02
2.341300717028044801e+03 2.648343671995290194e-02
2.345372544362006920e+03 2.604204623338078964e-02
2.349444371695968584e+03 2.556134745438470163e-02
2.353516199029930249e+03 2.509422049633387372e-02
2.357588026363892368e+03 2.468841360305975771e-02
2.361659853697854032e+03 2.437616158594776636e-02
2.365731681031815697e+03 2.416907312097300170e-02
2.369803508365777816e+03 2.405891986513573888e-02
2.373875335699739480e+03 2.402303523748215014e-02
2.377947163033701145e+03 2.403182947135135833e-02
2.382018990367663264e+03 2.405579487526719046e-02
2.386090817701624928e+03 2.407020350100231784e-02
2.390162645035586593e+03 2.405701429892349516e-02
2.394234472369548712e+03 2.400469771653233886e-02
2.398306299703510376e+03 2.390727430824691330e-02
2.402378127037472041e+03 2.376369467239468000e-02
2.406449954371434160e+03 2.357796362681243915e-02
2.410521781705395824e+03 2.335956927039121306e-02
2.414593609039357489e+03 2.312327123169091378e-02
2.418665436373319608e+03 2.288739224090270002e-02
2.422737263707281272e+03 2.267040068440879380e-02
2.426809091041242937e+03 2.248645767626428899e-02
2.430880918375205056e+03 2.234130357854788307e-02
2.434952745709166720e+03 2.223003098197570693e-02
2.439024573043128385e+03 2.213782259165991001e-02
2.443096400377090504e+03 2.204378722281084141e-02
2.447168227711052168e+03 2.192696560130460298e-02
2.451240055045013833e+03 2.177279999191117366e-02
2.455311882378975952e+03 2.157814615734313796e-02
2.459383709712937616e+03 2.135331126440728061e-02
2.463455537046899281e+03 2.112046475662769998e-02
2.467527364380861400e+03 2.090879172548774922e-02
2.471599191714823064e+03 2.074762619383294787e-02
2.475671019048784729e+03 2.065929170897640860e-02
2.479742846382746848e+03 2.065340592415876309e-02
2.483814673716708512e+03 2.072402130676277016e-02
2.487886501050670176e+03 2.085030366792198914e-02
2.491958328384632296e+03 2.100065028740106740e-02
2.496030155718593960e+03 2.113937308003840942e-02
2.500101983052555624e+03 2.123446099756561706e-02
2.504173810386517744e+03 2.126461881413441862e-02
2.508245637720479408e+03 2.122385927747484635e-02
2.512317465054441072e+03 2.112244276270474133e-02
2.516389292388403192e+03 2.098384704410636778e-02
2.520461119722364856e+03 2.083851406446062676e-02
2.524532947056326520e+03 2.071606223484754455e-02
2.528604774390288640e+03 2.063815504274012919e-02
2.532676601724250304e+03 2.061406333585511647e-02
2.536748429058211968e+03 2.064013868780901345e-02
2.540820256392174088e+03 2.070316111642915222e-02
2.544892083726135752e+03 2.078625279236540058e-02
2.548963911060097416e+03 2.087521670794023967e-02
2.553035738394059535e+03 2.096308451234267858e-02
2.557107565728021200e+03 2.105138584288613821e-02
2.561179393061982864e+03 2.114792021827559612e-02
2.565251220395944983e+03 2.126214353881162797e-02
2.569323047729906648e+03 2.140016379716423722e-02
2.573394875063868312e+03 2.156143475024192499e-02
2.577466702397830431e+03 2.173851057529914768e-02
2.581538529731792096e+03 2.191997022764636052e-02
2.585610357065753760e+03 2.209533497108793695e-02
2.589682184399715879e+03 2.225999109035749907e-02
2.593754011733677544e+03 2.241810392224011239e-02
2.597825839067639208e+03 2.258226845782368777e-02
2.601897666401601327e+03 2.276988032548430893e-02
2.605969493735562992e+03 2.299744616644814818e-02
2.610041321069524656e+03 2.327481702176145695e-02
2.614113148403486775e+03 2.360134969829409332e-02
2.618184975737448440e+03 2.396529680942220339e-02
2.622256803071410104e+03 2.434658382875940635e-02
2.626328630405372223e+03 2.472198646570297753e-02
2.630400457739333888e+03 2.507098644409621463e-02
2.634472285073295552e+03 2.538049604918226135e-02
2.638544112407257671e+03 2.564718736237354621e-02
2.642615939741219336e+03 2.587709578209518302e-02
2.646687767075181000e+03 2.608311800991404070e-02
2.650759594409143119e+03 2.628163960004200120e-02
2.654831421743104784e+03 2.648960212655739749e-02
2.658903249077066448e+03 2.672286759528223407e-02
2.662975076411028567e+03 2.699597348120123114e-02
2.667046903744990232e+03 2.732262632417908205e-02
2.671118731078951896e+03 2.771587268653067510e-02
2.675190558412914015e+03 2.818699623617151179e-02
2.679262385746875680e+03 2.874279520017266470e-02
2.683334213080837344e+03 2.938176985996135415e-02
2.687406040414799463e+03 3.009054713500013481e-02
2.691477867748761128e+03 3.084224568523718374e-02
2.695549695082722792e+03 3.159823264086297767e-02
2.699621522416684911e+03 3.231385492613111227e-02
2.703693349750646576e+03 3.294748558518163783e-02
2.707765177084608240e+03 3.347100375390853200e-02
2.711837004418570359e+03 3.387904280637488857e-02
2.715908831752532024e+03 3.419429043788643763e-02
2.719980659086493688e+03 3.446687919047609905e-02
2.724052486420455807e+03 3.476728857033162257e-02
2.728124313754417472e+03 3.517381999673295512e-02
2.732196141088379136e+03 3.575715671178510829e-02
2.736267968422341255e+03 3.656539286859652321e-02
2.740339795756302919e+03 3.761298188758051275e-02
2.744411623090264584e+03 3.887629664467186219e-02
2.748483450424226703e+03 4.029709248792959914e-02
2.752555277758188367e+03 4.179343556174857505e-02
2.756627105092150032e+03 4.327598038056169882e-02
2.760698932426112151e+03 4.466621368701535755e-02
2.764770759760073815e+03 4.591271046258955935e-02
2.768842587094035935e+03 4.700172971061008370e-02
2.772914414427997599e+03 4.795960465352830382e-02
2.776986241761959263e+03 4.884616129627948611e-02
2.781058069095921383e+03 4.974046425352166706e-02
2.785129896429883047e+03 5.072205834696029425e-02
2.789201723763844711e+03 5.185206290939717994e-02
2.793273551097806831e+03 5.315863048611409181e-02
2.797345378431768495e+03 5.463030646714154420e-02
2.801417205765730159e+03 5.621893765647754254e-02
2.805489033099692278e+03 5.785146135391529276e-02
2.809560860433653943e+03 5.944777621747808494e-02
2.813632687767615607e+03 6.094050388075399061e-02
2.817704515101577726e+03 6.229211666315652429e-02
2.821776342435539391e+03 6.350563941142224611e-02
2.825848169769501055e+03 6.462666106622402817e-02
2.829919997103463174e+03 6.573628863361916097e-02
2.833991824437424839e+03 6.693651628996837022e-02
2.838063651771386503e+03 6.833094659321821418e-02
2.842135479105348622e+03 7.000470428866056860e-02
2.846207306439310287e+03 7.200763107716935674e-02
2.850279133773271951e+03 7.434437992913886517e-02
2.854350961107234070e+03 7.697380401391629157e-02
2.858422788441195735e+03 7.981811764513094265e-02
2.862494615775157399e+03 8.277996001411958016e-02
2.866566443109119518e+03 8.576325118324421015e-02
2.870638270443081183e+03 8.869232503695709258e-02
2.874710097777042847e+03 9.152394572411461093e-02
2.878781925111004966e+03 9.424877531057998525e-02
2.882853752444966631e+03 9.688231577572997688e-02
2.886925579778928295e+03 9.944924436526365874e-02
2.890997407112890414e+03 1.019679143199628824e-01
2.895069234446852079e+03 1.044422508389053761e-01
2.899141061780813743e+03 1.068657490774944929e-01
2.903212889114775862e+03 1.092373760822314133e-01
2.907284716448737527e+03 1.115836305253851413e-01
2.911356543782699191e+03 1.139771252959499159e-01
2.915428371116661310e+03 1.165417637765170378e-01
2.919500198450622975e+03 1.194385377532033443e-01
2.923572025784584639e+03 1.228330908776086583e-01
2.927643853118546758e+03 1.268538704977653364e-01
2.931715680452508423e+03 1.315547759282942875e-01
2.935787507786470087e+03 1.368962844121954237e-01
2.939859335120432206e+03 1.427535315176424180e-01
2.943931162454393871e+03 1.489504469730097980e-01
2.948002989788355535e+03 1.553092558425194780e-01
2.952074817122317654e+03 1.616983411084763900e-01
2.956146644456279319e+03 1.680613659062377696e-01
2.960218471790240983e+03 1.744170552488849835e-01
2.964290299124203102e+03 1.808298885374956533e-01
2.968362126458164767e+03 1.873630789077198044e-01
2.972433953792126431e+03 1.940322981864856522e-01
2.976505781126088550e+03 2.007788183950861838e-01
2.980577608460050214e+03 2.074738869093610827e-01
2.984649435794011879e+03 2.139547586013306746e-01
2.988721263127973998e+03 2.200811192936222849e-01
2.992793090461935662e+03 2.257929451690786349e-01
2.996864917795897327e+03 2.311498558589823449e-01
3.000936745129859446e+03 2.363378952976351033e-01
3.005008572463821110e+03 2.416401149886683031e-01
3.009080399797782775e+03 2.473785979096247145e-01
3.013152227131744894e+03 2.538439370240333504e-01
3.017224054465706558e+03 2.612312912937894693e-01
3.021295881799668223e+03 2.695995770993728224e-01
3.025367709133630342e+03 2.788635009206592019e-01
3.029439536467592006e+03 2.888193936479147572e-01
3.033511363801553671e+03 2.991976061838235723e-01
3.037583191135515790e+03 3.097283437875885115e-01
3.041655018469477454e+03 3.202051264434798705e-01
3.045726845803439119e+03 3.305307120548847122e-01
3.049798673137401238e+03 3.407340484388744484e-01
3.053870500471362902e+03 3.509531383253369219e-01
3.057942327805324567e+03 3.613868008313820268e-01
3.062014155139286686e+03 3.722268330847051665e-01
3.066085982473248350e+03 3.835890055864764059e-01
3.070157809807210015e+03 3.954643068366583414e-01
3.074229637141172134e+03 4.077089503850738206e-01
3.078301464475133798e+03 4.200823461518685131e-01
3.082373291809095463e+03 4.323281487783406374e-01
3.086445119143057582e+03 4.442784345633599696e-01
3.090516946477019246e+03 4.559500673946247362e-01
3.094588773810980911e+03 4.675999670200139957e-01
3.098660601144943030e+03 4.797145189739276949e-01
3.102732428478904694e+03 4.929263818854476287e-01
3.106804255812866359e+03 5.078744406946370527e-01
3.110876083146828478e+03 5.250423888265352002e-01
3.114947910480790142e+03 5.446213852095390662e-01
3.119019737814751807e+03 5.664382348598384631e-01
3.123091565148713926e+03 5.899729762823506807e-01
3.127163392482675590e+03 6.144637594201609598e-01
3.131235219816637255e+03 6.390707544364382375e-01
3.135307047150599374e+03 6.630531740818687014e-01
3.139378874484561038e+03 6.859102582628698874e-01
3.143450701818522703e+03 7.074493766342078160e-01
3.147522529152484822e+03 7.277681243247757781e-01
3.151594356486446486e+03 7.471644739465821417e-01
3.155666183820408150e+03 7.660107109263286640e-01
3.159738011154370270e+03 7.846360615650211923e-01
3.163809838488331934e+03 8.032570055036524215e-01
3.167881665822293598e+03 8.219757050354477013e-01
3.171953493156255718e+03 8.408423024270657020e-01
3.176025320490217382e+03 8.599542841915598368e-01
3.180097147824179046e+03 8.795529025464734474e-01
3.184168975158141166e+03 9.000767109754115314e-01
3.188240802492102830e+03 9.221452380436800933e-01
3.192312629826064494e+03 9.464674235268333291e-01
3.196384457160026614e+03 9.736930755431222329e-01
3.200456284493988278e+03 1.004244433066456610e+00
3.204528111827949942e+03 1.038173751682949231e+00
3.208599939161912062e+03 1.075089357716768834e+00
3.212671766495873726e+03 1.114177705152156417e+00
3.216743593829835390e+03 1.154326200632388222e+00
3.220815421163797510e+03 1.194326261882577622e+00
3.224887248497759174e+03 1.233114169608030775e+00
3.228959075831720838e+03 1.269994148736676820e+00
3.233030903165682957e+03 1.304787579769909112e+00
3.237102730499644622e+03 1.337865627856173800e+00
3.241174557833606286e+03 1.370048105359277457e+00
3.245246385167568405e+03 1.402384011709031153e+00
3.249318212501530070e+03 1.435861247270557417e+00
3.253390039835491734e+03 1.471115730312015035e+00
3.257461867169453853e+03 1.508216082791171031e+00
3.261533694503415518e+03 1.546585533465570261e+00
3.265605521837377637e+03 1.585089737445881664e+00
3.269677349171339301e+03 1.622275813000079170e+00
3.273749176505300966e+03 1.656706204834484497e+00
3.277821003839263085e+03 1.687303724229120450e+00
3.281892831173224749e+03 1.713620248071621832e+00
3.285964658507186869e+03 1.735962792017238687e+00
3.290036485841148533e+03 1.755350364451491840e+00
3.294108313175110197e+03 1.773320163981936703e+00
3.298180140509072316e+03 1.791637589852090429e+00
3.302251967843033981e+03 1.811980337013210818e+00
3.306323795176996100e+03 1.835659796954669742e+00
3.310395622510956855e+03 1.863419421511476770e+00
3.314467449844919429e+03 1.895322113666254582e+00
3.318539277178881548e+03 1.930719908679957797e+00
3.322611104512842758e+03 1.968296184276740579e+00
3.326682931846805332e+03 2.006180900757164043e+00
3.330754759180766087e+03 2.042151862526700778e+00
3.334826586514728206e+03 2.073935544955165966e+00
3.338898413848690780e+03 2.099600177513951227e+00
3.342970241182651989e+03 2.117993256268229096e+00
3.347042068516613654e+03 2.129130133968296867e+00
3.351113895850575318e+03 2.134412659106776911e+00
3.355185723184537437e+03 2.136568190057117178e+00
3.359257550518499102e+03 2.139258175729979783e+00
3.363329377852461221e+03 2.146400595145985690e+00
3.367401205186422885e+03 2.161351818587548657e+00
3.371473032520384550e+03 2.186161858431217908e+00
3.375544859854346669e+03 2.221120048456918905e+00
3.379616687188308333e+03 2.264735046308098187e+00
3.383688514522270452e+03 2.314162119702062981e+00
3.387760341856232117e+03 2.365945725902668606e+00
3.391832169190193781e+03 2.416840254998950943e+00
3.395903996524154991e+03 2.464449137908163223e+00
3.399975823858117565e+03 2.507495216116434111e+00
3.404047651192079684e+03 2.545678773497723313e+00
3.408119478526040439e+03 2.579239387759244106e+00
3.412191305860003013e+03 2.608449877103959924e+00
3.416263133193964222e+03 2.633287887355218349e+00
3.420334960527926341e+03 2.653443225454416243e+00
3.424406787861888915e+03 2.668660525955733220e+00
3.428478615195849670e+03 2.679252456780545355e+00
3.432550442529811789e+03 2.686519309957613899e+00
3.436622269863773454e+03 2.692823324816056907e+00
3.440694097197735573e+03 2.701192208631108205e+00
3.444765924531697237e+03 2.714519675531946064e+00
3.448837751865658902e+03 2.734614007335031793e+00
3.452909579199621021e+03 2.761441111350972033e+00
3.456981406533582685e+03 2.792870924074134287e+00
3.461053233867544805e+03 2.825072229470733554e+00
3.465125061201506469e+03 2.853469540884808531e+00
3.469196888535468133e+03 2.873964712378116459e+00
3.473268715869430252e+03 2.884018328241179319e+00
3.477340543203391917e+03 2.883226063633717917e+00
3.481412370537354036e+03 2.873200611431368401e+00
3.485484197871315700e+03 2.856815351363082733e+00
3.489556025205277365e+03 2.837089433534877969e+00
3.493627852539239484e+03 2.816112104928254034e+00
3.497699679873201148e+03 2.794375026164445330e+00
3.501771507207163268e+03 2.770720003170153767e+00
3.505843334541124023e+03 2.742880667202773459e+00
3.509915161875086596e+03 2.708387952594438097e+00
3.513986989209048716e+03 2.665496856118625857e+00
3.518058816543009925e+03 2.613811550216229129e+00
3.522130643876972499e+03 2.554421011320927359e+00
3.526202471210933254e+03 2.489548804339255739e+00
3.530274298544895373e+03 2.421892407626985655e+00
3.534346125878857947e+03 2.353917027499766057e+00
3.538417953212819157e+03 2.287350671341254138e+00
3.542489780546780821e+03 2.223019536652775408e+00
3.546561607880742486e+03 2.161016538183988978e+00
3.550633435214704605e+03 2.101071750359107870e+00
3.554705262548666269e+03 2.042937193987998334e+00
3.558777089882628388e+03 1.986623531270857113e+00
3.562848917216590053e+03 1.932412750036827109e+00
3.566920744550551717e+03 1.880676548901503597e+00
3.570992571884513836e+03 1.831609924063230421e+00
3.575064399218475501e+03 1.785014242628366166e+00
3.579136226552437620e+03 1.740230487668549930e+00
3.583208053886399284e+03 1.696252082863092259e+00
3.587279881220360949e+03 1.651971158419732522e+00
3.591351708554322158e+03 1.606463189994256080e+00
3.595423535888284732e+03 1.559208715093051367e+00
3.599495363222246851e+03 1.510184032647790664e+00
3.603567190556207606e+03 1.459806858752553005e+00
3.607639017890170180e+03 1.408773839385322857e+00
3.611710845224131390e+03 1.357855816696767803e+00
3.615782672558093509e+03 1.307717048794571069e+00
3.619854499892056083e+03 1.258802101286416342e+00
3.623926327226016838e+03 1.211302575412443350e+00
3.627998154559978957e+03 1.165189382934631590e+00
3.632069981893940621e+03 1.120283385580720603e+00
3.636141809227902741e+03 1.076338240901017818e+00
3.640213636561864405e+03 1.033118295358597116e+00
3.644285463895826069e+03 9.904635452371950421e-01
3.648357291229788189e+03 9.483378713893182432e-01
3.652429118563749853e+03 9.068556530367946067e-01
3.656500945897711972e+03 8.662792949166888690e-01
3.660572773231673636e+03 8.269810816512992435e-01
3.664644600565635301e+03 7.893697608556824452e-01
3.668716427899597420e+03 7.537938863632773767e-01
3.672788255233559084e+03 7.204452122576263662e-01
3.676860082567521204e+03 6.892903634214633257e-01
3.680931909901482868e+03 6.600539206123132718e-01
3.685003737235444532e+03 6.322616131849830845e-01
3.689075564569406652e+03 6.053335002197292036e-01
3.693147391903368316e+03 5.787010141211401670e-01
3.697219219237330435e+03 5.519147266105709493e-01
3.701291046571291190e+03 5.247141975893077070e-01
3.705362873905253764e+03 4.970451677393717960e-01
3.709434701239215883e+03 4.690269932050863955e-01
3.713506528573177093e+03 4.408879239274516304e-01
3.717578355907139667e+03 4.128926842051953150e-01
3.721650183241100422e+03 3.852844479436828840e-01
3.725722010575062541e+03 3.582539891680524557e-01
3.729793837909025115e+03 3.319370618461116029e-01
3.733865665242986324e+03 3.064315758332331607e-01
3.737937492576947989e+03 2.818218118064311217e-01
3.742009319910909653e+03 2.581981232205464716e-01
3.746081147244871772e+03 2.356654950604434862e-01
3.750152974578833437e+03 2.143401843367050696e-01
3.754224801912795556e+03 1.943380548649992767e-01
3.758296629246757220e+03 1.757599952598847826e-01
3.762368456580718885e+03 1.586792023276079600e-01
3.766440283914681004e+03 1.431332026935148438e-01
3.770512111248642668e+03 1.291214536600036877e-01
3.774583938582604787e+03 1.166079266576052209e-01
3.778655765916566452e+03 1.055273434448187053e-01
3.782727593250528116e+03 9.579344333560865787e-02
3.786799420584490235e+03 8.730754210174067331e-02
3.790871247918451900e+03 7.996566823397377455e-02
3.794943075252414019e+03 7.366290966430828757e-02
3.799014902586375683e+03 6.829443529659215417e-02
3.803086729920337348e+03 6.375387004341392938e-02
3.807158557254298557e+03 5.993086940274867935e-02
3.811230384588261131e+03 5.671027869684541756e-02
3.815302211922223250e+03 5.397476989391943036e-02
3.819374039256184005e+03 5.161138225273376179e-02
3.823445866590146579e+03 4.952052055739465664e-02
3.827517693924107789e+03 4.762453408391063847e-02
3.831589521258069908e+03 4.587272714271155294e-02
3.835661348592032482e+03 4.424074980273735858e-02
3.839733175925993237e+03 4.272435762722872482e-02
3.843805003259955356e+03 4.132962930790175932e-02
3.847876830593917020e+03 4.006296911099158087e-02
3.851948657927879140e+03 3.892407443914354392e-02
3.856020485261840804e+03 3.790363509457234104e-02
3.860092312595802468e+03 3.698553373191078297e-02
3.864164139929764588e+03 3.615164204845459223e-02
3.868235967263726252e+03 3.538664600824461409e-02
3.872307794597688371e+03 3.468085442307648758e-02
3.876379621931650036e+03 3.403025728599341770e-02
3.880451449265611700e+03 3.343448933090863162e-02
3.884523276599573819e+03 3.289415901024234784e-02
3.888595103933535484e+03 3.240893203330596356e-02
3.892666931267497603e+03 3.197699486645320943e-02
3.896738758601459267e+03 3.159558021114045739e-02
3.900810585935420931e+03 3.126165615806680842e-02
3.904882413269383051e+03 3.097194645592498546e-02
3.908954240603344715e+03 3.072205564774616038e-02
3.913026067937306834e+03 3.050521384300218866e-02
3.917097895271267589e+03 3.031156950808273215e-02
3.921169722605230163e+03 3.012878758538416538e-02
3.925241549939192282e+03 2.994403951483948917e-02
3.929313377273153492e+03 2.974667453565758499e-02
3.933385204607116066e+03 2.953038993259747905e-02
3.937457031941076821e+03 2.929385430565233442e-02
3.941528859275038940e+03 2.903944180208389847e-02
3.945600686609001514e+03 2.877066133686682209e-02
3.949672513942962723e+03 2.848954148587286642e-02
3.953744341276924388e+03 2.819530314490920064e-02
3.957816168610886052e+03 2.788505982993508964e-02
3.961887995944848171e+03 2.755629956859784180e-02
3.965959823278809836e+03 2.720998934044802087e-02
3.970031650612771955e+03 2.685274119802728149e-02
3.974103477946733619e+03 2.649679121937544707e-02
3.978175305280695284e+03 2.615744387044563468e-02
3.982247132614657403e+03 2.584873544350766578e-02
3.986318959948619067e+03 2.557889507236614166e-02
3.990390787282581186e+03 2.534737750985740015e-02
3.994462614616542851e+03 2.514472357451850298e-02
3.998534441950504515e+03 2.495547855635500342e-02
