# IR  C(t) = <mu_dot(0).mu_dot(t)>  (dipole a.u.)
# wavenumber(cm^-1)   cosine transform of windowed C(t)
4.071827333961817175e+00 4.022126594644372805e-03
8.143654667923634349e+00 4.146944209753320246e-03
1.221548200188545152e+01 4.333107216150883755e-03
1.628730933584726870e+01 4.553686473089418700e-03
2.035913666980908587e+01 4.780903753173467580e-03
2.443096400377090305e+01 4.992440477262662449e-03
2.850279133773272022e+01 5.175762972126347720e-03
3.257461867169453740e+01 5.329474099032605744e-03
3.664644600565635812e+01 5.461660110519222372e-03
4.071827333961817175e+01 5.586065718342192454e-03
4.479010067357999247e+01 5.717434459567205876e-03
4.886192800754180610e+01 5.867388617617238025e-03
5.293375534150362682e+01 6.041859717201359184e-03
5.700558267546544045e+01 6.240502745415139538e-03
6.107741000942726117e+01 6.457948843672550038e-03
6.514923734338907479e+01 6.686331380620885723e-03
6.922106467735089552e+01 6.918321880941304125e-03
7.329289201131271625e+01 7.149911719208887871e-03
7.736471934527452277e+01 7.382307194612034232e-03
8.143654667923634349e+01 7.622509599201199477e-03
8.550837401319816422e+01 7.882397936306259276e-03
8.958020134715998495e+01 8.176411308300737119e-03
9.365202868112179146e+01 8.518225202175832428e-03
9.772385601508361219e+01 8.917084690854532036e-03
1.017956833490454329e+02 9.374621626296743282e-03
1.058675106830072536e+02 9.882965477404116739e-03
1.099393380169690602e+02 1.042472450151268187e-02
1.140111653509308809e+02 1.097500477824286773e-02
1.180829926848927016e+02 1.150515920778287862e-02
1.221548200188545223e+02 1.198755787356770020e-02
1.262266473528163289e+02 1.240045896940806559e-02
1.302984746867781496e+02 1.273207530015466743e-02
1.343703020207399561e+02 1.298312999445958363e-02
1.384421293547017910e+02 1.316747883787559338e-02
1.425139566886635976e+02 1.331065231086490594e-02
1.465857840226254325e+02 1.344639819085414328e-02
1.506576113565872390e+02 1.361151080638968967e-02
1.547294386905490455e+02 1.383947230991609822e-02
1.588012660245108805e+02 1.415373188102284421e-02
1.628730933584726870e+02 1.456175854733274440e-02
1.669449206924344935e+02 1.505118724958249242e-02
1.710167480263963284e+02 1.558927207502419469e-02
1.750885753603581350e+02 1.612636362857592515e-02
1.791604026943199699e+02 1.660328080271207193e-02
1.832322300282817764e+02 1.696145776116458198e-02
1.873040573622435829e+02 1.715392801624069513e-02
1.913758846962054179e+02 1.715485570966936157e-02
1.954477120301672244e+02 1.696558781567568397e-02
1.995195393641290309e+02 1.661600441040095993e-02
2.035913666980908658e+02 1.616101195843033106e-02
2.076631940320526724e+02 1.567299971094150701e-02
2.117350213660145073e+02 1.523168175819151343e-02
2.158068486999763138e+02 1.491289442052852986e-02
2.198786760339381203e+02 1.477774413338469109e-02
2.239505033678999553e+02 1.486325863859381743e-02
2.280223307018617618e+02 1.517559511895149281e-02
2.320941580358235683e+02 1.568692880409464779e-02
2.361659853697854032e+02 1.633718780565981271e-02
2.402378127037472098e+02 1.704149579364194755e-02
2.443096400377090447e+02 1.770329156230942419e-02
2.483814673716708512e+02 1.823164483512297943e-02
2.524532947056326577e+02 1.855966738100738728e-02
2.565251220395944642e+02 1.865977023833260626e-02
2.605969493735562992e+02 1.855148015591099805e-02
2.646687767075181341e+02 1.829892225947665763e-02
2.687406040414799122e+02 1.799768671961146649e-02
2.728124313754417472e+02 1.775387215871530172e-02
2.768842587094035821e+02 1.766058976024629384e-02
2.809560860433653602e+02 1.777817890884570221e-02
2.850279133773271951e+02 1.812338899236098574e-02
2.890997407112890301e+02 1.867009587024408279e-02
2.931715680452508650e+02 1.936065254345768413e-02
2.972433953792126431e+02 2.012391937039999940e-02
3.013152227131744780e+02 2.089440102117958928e-02
3.053870500471363130e+02 2.162718928194405990e-02
3.094588773810980911e+02 2.230531100040584330e-02
3.135307047150599260e+02 2.293878155897620050e-02
3.176025320490217609e+02 2.355714488401803100e-02
3.216743593829835390e+02 2.419874488758817777e-02
3.257461867169453740e+02 2.490013039841566800e-02
3.298180140509072089e+02 2.568809489127819173e-02
3.338898413848689870e+02 2.657547824610043130e-02
3.379616687188308219e+02 2.756061481498386923e-02
3.420334960527926569e+02 2.862956076228190261e-02
3.461053233867544918e+02 2.975999994594423145e-02
3.501771507207162699e+02 3.092580370817508972e-02
3.542489780546781049e+02 3.210136920826576340e-02
3.583208053886399398e+02 3.326498979845745468e-02
3.623926327226017179e+02 3.440070157320507943e-02
3.664644600565635528e+02 3.549844141454172597e-02
3.705362873905253878e+02 3.655295702995493834e-02
3.746081147244871659e+02 3.756250862368154531e-02
3.786799420584490008e+02 3.852860701349503092e-02
3.827517693924108357e+02 3.945752027743500145e-02
3.868235967263726138e+02 4.036306481369303367e-02
3.908954240603344488e+02 4.126876623799922289e-02
3.949672513942962837e+02 4.220666105273923607e-02
3.990390787282580618e+02 4.321058599602047717e-02
4.031109060622198967e+02 4.430399817603793144e-02
4.071827333961817317e+02 4.548555569560978895e-02
4.112545607301435666e+02 4.671846286428207873e-02
4.153263880641053447e+02 4.793031130673984508e-02
4.193982153980671796e+02 4.902776825302372632e-02
4.234700427320290146e+02 4.992519515083016640e-02
4.275418700659907927e+02 5.057983279944666677e-02
4.316136973999526276e+02 5.102127061681531461e-02
4.356855247339144626e+02 5.136214497319173400e-02
4.397573520678762407e+02 5.178165483423980558e-02
4.438291794018380756e+02 5.248261536124569637e-02
4.479010067357999105e+02 5.363329888655586630e-02
4.519728340697616886e+02 5.531301293226062454e-02
4.560446614037235236e+02 5.748158239915961837e-02
4.601164887376853585e+02 5.998623720539498355e-02
4.641883160716471366e+02 6.260660998181863390e-02
4.682601434056089715e+02 6.512414710260039374e-02
4.723319707395708065e+02 6.739190199331869524e-02
4.764037980735326414e+02 6.937894367744198987e-02
4.804756254074944195e+02 7.117186084124696444e-02
4.845474527414562544e+02 7.293147725804632886e-02
4.886192800754180894e+02 7.482013105372792294e-02
4.926911074093798675e+02 7.692691403876605882e-02
4.967629347433417024e+02 7.922005803872375629e-02
5.008347620773035374e+02 8.154603361035527020e-02
5.049065894112653154e+02 8.367728616193027824e-02
5.089784167452271504e+02 8.539161755714898272e-02
5.130502440791889285e+02 8.655349120526721618e-02
5.171220714131508203e+02 8.716617507017257460e-02
5.211938987471125984e+02 8.737438856356644079e-02
5.252657260810743765e+02 8.741591970392580124e-02
5.293375534150362682e+02 8.754021542541218226e-02
5.334093807489980463e+02 8.792456290313974132e-02
5.374812080829598244e+02 8.861923104036756316e-02
5.415530354169217162e+02 8.954157512831872889e-02
5.456248627508834943e+02 9.052014482293667397e-02
5.496966900848452724e+02 9.137074421115186362e-02
5.537685174188071642e+02 9.197460200471022085e-02
5.578403447527689423e+02 9.232877727390925715e-02
5.619121720867307204e+02 9.255043121042258458e-02
5.659839994206926121e+02 9.283491615430231048e-02
5.700558267546543902e+02 9.338549212329697036e-02
5.741276540886162820e+02 9.434294772365267590e-02
5.781994814225780601e+02 9.574258285121770018e-02
5.822713087565398382e+02 9.751448057401332359e-02
5.863431360905017300e+02 9.952545928645539774e-02
5.904149634244635081e+02 1.016444668476484958e-01
5.944867907584252862e+02 1.038038743589033697e-01
5.985586180923871780e+02 1.060306445358170924e-01
6.026304454263489561e+02 1.084330169519582276e-01
6.067022727603107342e+02 1.111456866758709916e-01
6.107741000942726259e+02 1.142529168125085565e-01
6.148459274282344040e+02 1.177184827893528740e-01
6.189177547621961821e+02 1.213502907957953597e-01
6.229895820961580739e+02 1.248162794590673141e-01
6.270614094301198520e+02 1.277107802042399542e-01
6.311332367640816301e+02 1.296530163866367880e-01
6.352050640980435219e+02 1.303879649566621057e-01
6.392768914320053000e+02 1.298583221338814875e-01
6.433487187659670781e+02 1.282252500237379134e-01
6.474205460999289699e+02 1.258317958096709932e-01
6.514923734338907479e+02 1.231207937380385808e-01
6.555642007678525260e+02 1.205326355589452919e-01
6.596360281018144178e+02 1.184131067280793925e-01
6.637078554357761959e+02 1.169562442563867877e-01
6.677796827697379740e+02 1.161941111241992786e-01
6.718515101036998658e+02 1.160293990088939187e-01
6.759233374376616439e+02 1.162936196848728260e-01
6.799951647716234220e+02 1.168078271740322915e-01
6.840669921055853138e+02 1.174259356837094315e-01
6.881388194395470919e+02 1.180509240166265628e-01
6.922106467735089836e+02 1.186270223866845580e-01
6.962824741074707617e+02 1.191209654137714985e-01
7.003543014414325398e+02 1.195084686407271168e-01
7.044261287753944316e+02 1.197771302458839615e-01
7.084979561093562097e+02 1.199463365665281722e-01
7.125697834433179878e+02 1.200933629858529639e-01
7.166416107772798796e+02 1.203681224261469729e-01
7.207134381112416577e+02 1.209805143194905563e-01
7.247852654452034358e+02 1.221541830676959317e-01
7.288570927791653276e+02 1.240550920721784772e-01
7.329289201131271057e+02 1.267166408122715471e-01
7.370007474470888837e+02 1.299891081880674149e-01
7.410725747810507755e+02 1.335365900449027865e-01
7.451444021150125536e+02 1.368901051542383562e-01
7.492162294489743317e+02 1.395461051363796889e-01
7.532880567829362235e+02 1.410825291860536290e-01
7.573598841168980016e+02 1.412565947715883341e-01
7.614317114508597797e+02 1.400532536221082425e-01
7.655035387848216715e+02 1.376694028338392717e-01
7.695753661187834496e+02 1.344407910506682513e-01
7.736471934527452277e+02 1.307380412116995738e-01
7.777190207867071194e+02 1.268680513833561618e-01
7.817908481206688975e+02 1.230135855530206102e-01
7.858626754546306756e+02 1.192285313473468444e-01
7.899345027885925674e+02 1.154849823712504886e-01
7.940063301225543455e+02 1.117490866490518098e-01
7.980781574565161236e+02 1.080526314380042263e-01
8.021499847904780154e+02 1.045300978783896828e-01
8.062218121244397935e+02 1.014050221897765947e-01
8.102936394584015716e+02 9.892934688890914208e-02
8.143654667923634634e+02 9.729749851496424795e-02
8.184372941263252415e+02 9.656661086586715292e-02
8.225091214602871332e+02 9.661240437368361078e-02
8.265809487942489113e+02 9.713787332831357035e-02
8.306527761282106894e+02 9.773394502265678185e-02
8.347246034621725812e+02 9.797417484503270768e-02
8.387964307961343593e+02 9.751509143522021916e-02
8.428682581300961374e+02 9.617305312875373824e-02
8.469400854640580292e+02 9.395694857676656353e-02
8.510119127980198073e+02 9.105029913476575532e-02
8.550837401319815854e+02 8.775132602797362791e-02
8.591555674659434771e+02 8.439067343791976927e-02
8.632273947999052552e+02 8.125083711567965272e-02
8.672992221338670333e+02 7.850845705231368488e-02
8.713710494678289251e+02 7.621219243351194661e-02
8.754428768017907032e+02 7.429792586913361307e-02
8.795147041357524813e+02 7.263279900335949113e-02
8.835865314697143731e+02 7.107264809291541363e-02
8.876583588036761512e+02 6.951517627934902799e-02
8.917301861376379293e+02 6.793375613306437688e-02
8.958020134715998211e+02 6.638308014620540598e-02
8.998738408055615992e+02 6.497618977071764612e-02
9.039456681395233772e+02 6.384058539052642200e-02
9.080174954734852690e+02 6.306708894321885750e-02
9.120893228074470471e+02 6.266732890686202428e-02
9.161611501414088252e+02 6.255345764804620678e-02
9.202329774753707170e+02 6.254745249387155814e-02
9.243048048093324951e+02 6.241870823530445977e-02
9.283766321432942732e+02 6.194003637928685579e-02
9.324484594772561650e+02 6.094624922181769017e-02
9.365202868112179431e+02 5.937818333712073515e-02
9.405921141451797212e+02 5.729892084872406643e-02
9.446639414791416129e+02 5.487705718944543148e-02
9.487357688131033910e+02 5.234169103612752033e-02
9.528075961470652828e+02 4.992227731136511526e-02
9.568794234810270609e+02 4.779087240410992421e-02
9.609512508149888390e+02 4.602321504365963767e-02
9.650230781489507308e+02 4.458893736738023944e-02
9.690949054829125089e+02 4.337206311265090486e-02
9.731667328168742870e+02 4.221383305151970439e-02
9.772385601508361788e+02 4.096370285385805832e-02
9.813103874847979569e+02 3.952290302639702158e-02
9.853822148187597350e+02 3.786840867288802925e-02
9.894540421527216267e+02 3.605210531117550299e-02
9.935258694866834048e+02 3.417789956304906340e-02
9.975976968206451829e+02 3.236592132785426346e-02
1.001669524154607075e+03 3.071593792486934649e-02
1.005741351488568853e+03 2.928106000831165456e-02
1.009813178822530631e+03 2.805850437407418282e-02
1.013885006156492523e+03 2.699827872705131554e-02
1.017956833490454301e+03 2.602515693174656253e-02
1.022028660824416079e+03 2.506584530409277159e-02
1.026100488158377857e+03 2.407260219059605827e-02
1.030172315492339749e+03 2.303660485210870176e-02
1.034244142826301641e+03 2.198812107845514105e-02
1.038315970160263305e+03 2.098471368367571879e-02
1.042387797494225197e+03 2.009202245221388544e-02
1.046459624828187088e+03 1.936329052780131482e-02
1.050531452162148753e+03 1.882349174748405851e-02
1.054603279496110645e+03 1.846201196283450002e-02
1.058675106830072536e+03 1.823507821991038336e-02
1.062746934164034201e+03 1.807638618842238865e-02
1.066818761497996093e+03 1.791239472962646850e-02
1.070890588831957984e+03 1.767797203285734892e-02
1.074962416165919649e+03 1.732853959615085829e-02
1.079034243499881541e+03 1.684627247297605657e-02
1.083106070833843432e+03 1.623976413441328287e-02
1.087177898167805097e+03 1.553829330160099234e-02
1.091249725501766989e+03 1.478299301521371172e-02
1.095321552835728880e+03 1.401759333285907544e-02
1.099393380169690545e+03 1.328101164804623355e-02
1.103465207503652437e+03 1.260312648678090994e-02
1.107537034837614328e+03 1.200392994888340586e-02
1.111608862171575993e+03 1.149525103530795941e-02
1.115680689505537885e+03 1.108363023229909719e-02
1.119752516839499776e+03 1.077282149925050739e-02
1.123824344173461441e+03 1.056477427006751423e-02
1.127896171507423333e+03 1.045866074933566627e-02
1.131967998841385224e+03 1.044834470323364670e-02
1.136039826175347116e+03 1.051939586629820414e-02
1.140111653509308780e+03 1.064712519667875001e-02
1.144183480843270672e+03 1.079701310982664718e-02
1.148255308177232564e+03 1.092830694039984354e-02
1.152327135511194228e+03 1.100060004772120126e-02
1.156398962845156120e+03 1.098213224818039846e-02
1.160470790179118012e+03 1.085770832428839192e-02
1.164542617513079676e+03 1.063383960160733596e-02
1.168614444847041568e+03 1.033916181295938160e-02
1.172686272181003460e+03 1.001933448007680250e-02
1.176758099514965124e+03 9.727195210577185142e-03
1.180829926848927016e+03 9.510452385540758141e-03
1.184901754182888908e+03 9.400137857008696030e-03
1.188973581516850572e+03 9.403037421278244434e-03
1.193045408850812464e+03 9.500295886688457647e-03
1.197117236184774356e+03 9.652630096692810593e-03
1.201189063518736020e+03 9.810628197399081513e-03
1.205260890852697912e+03 9.927110564109335039e-03
1.209332718186659804e+03 9.967984722973777245e-03
1.213404545520621468e+03 9.918626695478941629e-03
1.217476372854583360e+03 9.784351225258433593e-03
1.221548200188545252e+03 9.585457771432534524e-03
1.225620027522506916e+03 9.348994710122782853e-03
1.229691854856468808e+03 9.100220879595865772e-03
1.233763682190430700e+03 8.856520041744253557e-03
1.237835509524392364e+03 8.625383702776058190e-03
1.241907336858354256e+03 8.406481705098139967e-03
1.245979164192316148e+03 8.196383672010244120e-03
1.250050991526277812e+03 7.993685362278631079e-03
1.254122818860239704e+03 7.802373277234834516e-03
1.258194646194201596e+03 7.632132490914751363e-03
1.262266473528163260e+03 7.495590960016613839e-03
1.266338300862125152e+03 7.403698438979429419e-03
1.270410128196087044e+03 7.361124640774938457e-03
1.274481955530048708e+03 7.363511748424071517e-03
1.278553782864010600e+03 7.397692748563345841e-03
1.282625610197972492e+03 7.444888323241302848e-03
1.286697437531934156e+03 7.485833481856662974e-03
1.290769264865896048e+03 7.506132263970231519e-03
1.294841092199857940e+03 7.500098262084241643e-03
1.298912919533819604e+03 7.471888178369015185e-03
1.302984746867781496e+03 7.433652881085451788e-03
1.307056574201743388e+03 7.401386053694516964e-03
1.311128401535705052e+03 7.389829438987621096e-03
1.315200228869666944e+03 7.408000081392842641e-03
1.319272056203628836e+03 7.456615830994177754e-03
1.323343883537590500e+03 7.528048982754196455e-03
1.327415710871552392e+03 7.608668814282017537e-03
1.331487538205514284e+03 7.682783507348110892e-03
1.335559365539475948e+03 7.737030690790206930e-03
1.339631192873437840e+03 7.764051402989502124e-03
1.343703020207399732e+03 7.764564655001742789e-03
1.347774847541361396e+03 7.747420701901411647e-03
1.351846674875323288e+03 7.727715255551873517e-03
1.355918502209285180e+03 7.723481631070574192e-03
1.359990329543246844e+03 7.751769649884840754e-03
1.364062156877208736e+03 7.825030195968380592e-03
1.368133984211170628e+03 7.948637982158480997e-03
1.372205811545132292e+03 8.120109737673988221e-03
1.376277638879094184e+03 8.330151071106028232e-03
1.380349466213056076e+03 8.565180198108222898e-03
1.384421293547017967e+03 8.810563744964739624e-03
1.388493120880979632e+03 9.053606211635862114e-03
1.392564948214941523e+03 9.285462332683343950e-03
1.396636775548903415e+03 9.501583981021763034e-03
1.400708602882865080e+03 9.700925334520476423e-03
1.404780430216826971e+03 9.884660875767847105e-03
1.408852257550788863e+03 1.005536137172124284e-02
1.412924084884750528e+03 1.021728375464632521e-02
1.416995912218712419e+03 1.037773809481644730e-02
1.421067739552674311e+03 1.054869622672742133e-02
1.425139566886635976e+03 1.074731204629503223e-02
1.429211394220597867e+03 1.099416529534246248e-02
1.433283221554559759e+03 1.130888593075728664e-02
1.437355048888521424e+03 1.170408130251043149e-02
1.441426876222483315e+03 1.217961877944033489e-02
1.445498703556445207e+03 1.271972003615995384e-02
1.449570530890406872e+03 1.329466249856717068e-02
1.453642358224368763e+03 1.386728587163336621e-02
1.457714185558330655e+03 1.440256719937633122e-02
1.461786012892292320e+03 1.487710032701314994e-02
1.465857840226254211e+03 1.528510098348346766e-02
1.469929667560216103e+03 1.563876451540542264e-02
1.474001494894177767e+03 1.596298472437328655e-02
1.478073322228139659e+03 1.628665801466269367e-02
1.482145149562101551e+03 1.663403107027972699e-02
1.486216976896063215e+03 1.701921198238334765e-02
1.490288804230025107e+03 1.744521848127713465e-02
1.494360631563986999e+03 1.790667111952513185e-02
1.498432458897948663e+03 1.839365308737295895e-02
1.502504286231910555e+03 1.889424268488276715e-02
1.506576113565872447e+03 1.939484402581557326e-02
1.510647940899834111e+03 1.987980903147000544e-02
1.514719768233796003e+03 2.033350434393854309e-02
1.518791595567757895e+03 2.074766258116642753e-02
1.522863422901719559e+03 2.113425350298981167e-02
1.526935250235681451e+03 2.154021594320279162e-02
1.531007077569643343e+03 2.205721163803052443e-02
1.535078904903605007e+03 2.281919092565934393e-02
1.539150732237566899e+03 2.398403632205209704e-02
1.543222559571528791e+03 2.570206161392506530e-02
1.547294386905490455e+03 2.808106421258096258e-02
1.551366214239452347e+03 3.116150947169131144e-02
1.555438041573414239e+03 3.491361198516694520e-02
1.559509868907375903e+03 3.926022220299045518e-02
1.563581696241337795e+03 4.411812011956189883e-02
1.567653523575299687e+03 4.944037947067685124e-02
1.571725350909261351e+03 5.523899587624619967e-02
1.575797178243223243e+03 6.157292722320939493e-02
1.579869005577185135e+03 6.850107339522021332e-02
1.583940832911146799e+03 7.601733002655075566e-02
1.588012660245108691e+03 8.399799707727705067e-02
1.592084487579070583e+03 9.219345881917374863e-02
1.596156314913032247e+03 1.002831067531525927e-01
1.600228142246994139e+03 1.079879016614162524e-01
1.604299969580956031e+03 1.152073859265245609e-01
1.608371796914917695e+03 1.221287477105158226e-01
1.612443624248879587e+03 1.292543526430564305e-01
1.616515451582841479e+03 1.373145746117638288e-01
1.620587278916803143e+03 1.470699996883602645e-01
1.624659106250765035e+03 1.590489651658021641e-01
1.628730933584726927e+03 1.732974385983954146e-01
1.632802760918688818e+03 1.892254662749834337e-01
1.636874588252650483e+03 2.056126800559196222e-01
1.640946415586612375e+03 2.207899297445408693e-01
1.645018242920574266e+03 2.329594036991334549e-01
1.649090070254535931e+03 2.405702051531001529e-01
1.653161897588497823e+03 2.426463032875134096e-01
1.657233724922459714e+03 2.389765586947714682e-01
1.661305552256421379e+03 2.301181516097486057e-01
1.665377379590383271e+03 2.172211298695590487e-01
1.669449206924345162e+03 2.017338738538548004e-01
1.673521034258306827e+03 1.850799330342393079e-01
1.677592861592268719e+03 1.683968450536581229e-01
1.681664688926230610e+03 1.523991071541850040e-01
1.685736516260192275e+03 1.373821044848671513e-01
1.689808343594154167e+03 1.233382011169523729e-01
1.693880170928116058e+03 1.101257451642539270e-01
1.697951998262077723e+03 9.762506407295296063e-02
1.702023825596039615e+03 8.583199087458781573e-02
1.706095652930001506e+03 7.487027649621869063e-02
1.710167480263963171e+03 6.493652795729042138e-02
1.714239307597925063e+03 5.621330036297912669e-02
1.718311134931886954e+03 4.879124561798341142e-02
1.722382962265848619e+03 4.263045372823084933e-02
1.726454789599810510e+03 3.757089419120333840e-02
1.730526616933772402e+03 3.338135385027107133e-02
1.734598444267734067e+03 2.982335068195115721e-02
1.738670271601695958e+03 2.670488198710083833e-02
1.742742098935657850e+03 2.390723581633037026e-02
1.746813926269619515e+03 2.138142711508391261e-02
1.750885753603581406e+03 1.912295586649113976e-02
1.754957580937543298e+03 1.713990289639618844e-02
1.759029408271504963e+03 1.542843219891434914e-02
1.763101235605466854e+03 1.396335086596137143e-02
1.767173062939428746e+03 1.270322909389115171e-02
1.771244890273390411e+03 1.160347879160024409e-02
1.775316717607352302e+03 1.062892417597903656e-02
1.779388544941314194e+03 9.759713589739127046e-03
1.783460372275275859e+03 8.989030804509374334e-03
1.787532199609237750e+03 8.315408305550379964e-03
1.791604026943199642e+03 7.734563873550223331e-03
1.795675854277161307e+03 7.235001112078262922e-03
1.799747681611123198e+03 6.798973764429947116e-03
1.803819508945085090e+03 6.407435196243730854e-03
1.807891336279046754e+03 6.045788655806298879e-03
1.811963163613008646e+03 5.707317354786205568e-03
1.816034990946970538e+03 5.392782354675253187e-03
1.820106818280932202e+03 5.106801082769329807e-03
1.824178645614894094e+03 4.853133031363860220e-03
1.828250472948855986e+03 4.631244201850194184e-03
1.832322300282817650e+03 4.435565036981432493e-03
1.836394127616779542e+03 4.257351035942319797e-03
1.840465954950741434e+03 4.087830564036261036e-03
1.844537782284703098e+03 3.920945687814069922e-03
1.848609609618664990e+03 3.754512511833525430e-03
1.852681436952626882e+03 3.589634788808961693e-03
1.856753264286588546e+03 3.429098119992686142e-03
1.860825091620550438e+03 3.275802798988731047e-03
1.864896918954512330e+03 3.131980544382483023e-03
1.868968746288473994e+03 2.999267201838188429e-03
1.873040573622435886e+03 2.879117954740230065e-03
1.877112400956397778e+03 2.772898723489483370e-03
1.881184228290359442e+03 2.681323513134518596e-03
1.885256055624321334e+03 2.603489582777320822e-03
1.889327882958283226e+03 2.536205984483732093e-03
1.893399710292245118e+03 2.474318742973311003e-03
1.897471537626206782e+03 2.412267863052730901e-03
1.901543364960168674e+03 2.346407702275035007e-03
1.905615192294130566e+03 2.277070936469471809e-03
1.909687019628092230e+03 2.209281575214186617e-03
1.913758846962054122e+03 2.151508907805043270e-03
1.917830674296016014e+03 2.112698117289829418e-03
1.921902501629977678e+03 2.098622732928896902e-03
1.925974328963939570e+03 2.108993540967688159e-03
1.930046156297901462e+03 2.136536655494106120e-03
1.934117983631863126e+03 2.168511386861501737e-03
1.938189810965825018e+03 2.190200096526306699e-03
1.942261638299786910e+03 2.189166288272737480e-03
1.946333465633748574e+03 2.158834582548776679e-03
1.950405292967710466e+03 2.100259116421394380e-03
1.954477120301672358e+03 2.021642278149352653e-03
1.958548947635634022e+03 1.935935247078908938e-03
1.962620774969595914e+03 1.857400746047283783e-03
1.966692602303557805e+03 1.798187934762603612e-03
1.970764429637519470e+03 1.765779530679581532e-03
1.974836256971481362e+03 1.761775658879447893e-03
1.978908084305443253e+03 1.782067297478715298e-03
1.982979911639404918e+03 1.818157206018771637e-03
1.987051738973366810e+03 1.859240908556483371e-03
1.991123566307328701e+03 1.894618199611177237e-03
1.995195393641290366e+03 1.916000705572308213e-03
1.999267220975252258e+03 1.919284792340513347e-03
2.003339048309214149e+03 1.905399509131494237e-03
2.007410875643175814e+03 1.879972189006017588e-03
2.011482702977137706e+03 1.851808898985764880e-03
2.015554530311099597e+03 1.830521870661061144e-03
2.019626357645061262e+03 1.823938198085526272e-03
2.023698184979023154e+03 1.836055232581462835e-03
2.027770012312985045e+03 1.866177166946983695e-03
2.031841839646946710e+03 1.909488587266621384e-03
2.035913666980908602e+03 1.958823699642711982e-03
2.039985494314870493e+03 2.006970305604168121e-03
2.044057321648832158e+03 2.048681069768737775e-03
2.048129148982794050e+03 2.081724032073688398e-03
2.052200976316755714e+03 2.106722090594930537e-03
2.056272803650717833e+03 2.126026818026052756e-03
2.060344630984679497e+03 2.142232781306821314e-03
2.064416458318641162e+03 2.157015712698092356e-03
2.068488285652603281e+03 2.170752619617667689e-03
2.072560112986564945e+03 2.182970778684822574e-03
2.076631940320526610e+03 2.193270680961641010e-03
2.080703767654488729e+03 2.202157984404278304e-03
2.084775594988450393e+03 2.211289095827113568e-03
2.088847422322412058e+03 2.222940932581149096e-03
2.092919249656374177e+03 2.238908475984028625e-03
2.096991076990335841e+03 2.259330462624473818e-03
2.101062904324297506e+03 2.282010099409245707e-03
2.105134731658259625e+03 2.302607266962138945e-03
2.109206558992221289e+03 2.315718622764432501e-03
2.113278386326182954e+03 2.316490269038516334e-03
2.117350213660145073e+03 2.302181250733542368e-03
2.121422040994106737e+03 2.273104781897679165e-03
2.125493868328068402e+03 2.232606819082164767e-03
2.129565695662030521e+03 2.186098020360364470e-03
2.133637522995992185e+03 2.139492312185216696e-03
2.137709350329953850e+03 2.097597505241664134e-03
2.141781177663915969e+03 2.062989194857459910e-03
2.145853004997877633e+03 2.035698526688998252e-03
2.149924832331839298e+03 2.013743078156129268e-03
2.153996659665801417e+03 1.994241621491111942e-03
2.158068486999763081e+03 1.974676034110926619e-03
2.162140314333724746e+03 1.953847927236449390e-03
2.166212141667686865e+03 1.932215683798059122e-03
2.170283969001648529e+03 1.911532036309934301e-03
2.174355796335610194e+03 1.893949628450146763e-03
2.178427623669572313e+03 1.880941083897604699e-03
2.182499451003533977e+03 1.872436458260273370e-03
2.186571278337495642e+03 1.866501080906497008e-03
2.190643105671457761e+03 1.859690182578851991e-03
2.194714933005419425e+03 1.847985731104114437e-03
2.198786760339381090e+03 1.828021508533779092e-03
2.202858587673343209e+03 1.798200509075096329e-03
2.206930415007304873e+03 1.759338542885474903e-03
2.211002242341266538e+03 1.714620007662799464e-03
2.215074069675228657e+03 1.668874713297510779e-03
2.219145897009190321e+03 1.627401833788038503e-03
2.223217724343151986e+03 1.594703629923567350e-03
2.227289551677114105e+03 1.573501819671553224e-03
2.231361379011075769e+03 1.564294167336887547e-03
2.235433206345037433e+03 1.565515009574495022e-03
2.239505033678999553e+03 1.574165605775894056e-03
2.243576861012961217e+03 1.586650759631143574e-03
2.247648688346922881e+03 1.599538602310632100e-03
2.251720515680885001e+03 1.610045980661607310e-03
2.255792343014846665e+03 1.616195958457527278e-03
2.259864170348808329e+03 1.616730227474878811e-03
2.263935997682770449e+03 1.610931521762933114e-03
2.268007825016732113e+03 1.598497251986234552e-03
2.272079652350694232e+03 1.579524916845395513e-03
2.276151479684655897e+03 1.554571535029384763e-03
2.280223307018617561e+03 1.524687103484892578e-03
2.284295134352579680e+03 1.491327931979857628e-03
2.288366961686541345e+03 1.456124850738042126e-03
2.292438789020503009e+03 1.420575297124907887e-03
2.296510616354465128e+03 1.385794600146953923e-03
2.300582443688426793e+03 1.352460175397966757e-03
2.304654271022388457e+03 1.321005620161070163e-03
2.308726098356350576e+03 1.292000723668516784e-03
2.312797925690312240e+03 1.266543976809300295e-03
2.316869753024273905e+03 1.246451626966046337e-03
2.320941580358236024e+03 1.234080509775546241e-03
2.325013407692197688e+03 1.231758236221018338e-03
2.329085235026159353e+03 1.240963023136653926e-03
2.333157062360121472e+03 1.261527578220623860e-03
2.337228889694083136e+03 1.291178395559288480e-03
2.341300717028044801e+03 1.325640245862431000e-03
2.345372544362006920e+03 1.359358341546523883e-03
2.349444371695968584e+03 1.386678909818559596e-03
2.353516199029930249e+03 1.403159542271544252e-03
2.357588026363892368e+03 1.406616960351496099e-03
2.361659853697854032e+03 1.397587566396683509e-03
2.365731681031815697e+03 1.379054146904127535e-03
2.369803508365777816e+03 1.355520106990366035e-03
2.373875335699739480e+03 1.331713402483657941e-03
2.377947163033701145e+03 1.311309320343330073e-03
2.382018990367663264e+03 1.296041539144875392e-03
2.386090817701624928e+03 1.285435551284674731e-03
2.390162645035586593e+03 1.277197012796296455e-03
2.394234472369548712e+03 1.268088982283859835e-03
2.398306299703510376e+03 1.255000275184661555e-03
2.402378127037472041e+03 1.235879495771830330e-03
2.406449954371434160e+03 1.210285155145090531e-03
2.410521781705395824e+03 1.179446313263261912e-03
2.414593609039357489e+03 1.145885481323678963e-03
2.418665436373319608e+03 1.112772722360075989e-03
2.422737263707281272e+03 1.083224137237653352e-03
2.426809091041242937e+03 1.059726679766283611e-03
2.430880918375205056e+03 1.043789766916406944e-03
2.434952745709166720e+03 1.035832428159395510e-03
2.439024573043128385e+03 1.035249760501830152e-03
2.443096400377090504e+03 1.040583340266992840e-03
2.447168227711052168e+03 1.049742263234175119e-03
2.451240055045013833e+03 1.060261038395671901e-03
2.455311882378975952e+03 1.069608318386608414e-03
2.459383709712937616e+03 1.075556418716653445e-03
2.463455537046899281e+03 1.076585093779332952e-03
2.467527364380861400e+03 1.072243129809635764e-03
2.471599191714823064e+03 1.063357361396500417e-03
2.475671019048784729e+03 1.051985803015149240e-03
2.479742846382746848e+03 1.041067451109475850e-03
2.483814673716708512e+03 1.033811086225251696e-03
2.487886501050670176e+03 1.032956754000974309e-03
2.491958328384632296e+03 1.040100122343526334e-03
2.496030155718593960e+03 1.055266795162768112e-03
2.500101983052555624e+03 1.076858628472600332e-03
2.504173810386517744e+03 1.101988687462761990e-03
2.508245637720479408e+03 1.127112270101839758e-03
2.512317465054441072e+03 1.148785116766550679e-03
2.516389292388403192e+03 1.164359075884312950e-03
2.520461119722364856e+03 1.172460886658423934e-03
2.524532947056326520e+03 1.173172355873396827e-03
2.528604774390288640e+03 1.167911176086708358e-03
2.532676601724250304e+03 1.159075067799605202e-03
2.536748429058211968e+03 1.149544616497405816e-03
2.540820256392174088e+03 1.142144063118402317e-03
2.544892083726135752e+03 1.139146473908923124e-03
2.548963911060097416e+03 1.141893260698165907e-03
2.553035738394059535e+03 1.150584070096131659e-03
2.557107565728021200e+03 1.164278189570721461e-03
2.561179393061982864e+03 1.181123894249107992e-03
2.565251220395944983e+03 1.198791273007138863e-03
2.569323047729906648e+03 1.215030769936002730e-03
2.573394875063868312e+03 1.228229823217987654e-03
2.577466702397830431e+03 1.237816326804960787e-03
2.581538529731792096e+03 1.244379162422933061e-03
2.585610357065753760e+03 1.249446895480354341e-03
2.589682184399715879e+03 1.254969469981621205e-03
2.593754011733677544e+03 1.262650633645438780e-03
2.597825839067639208e+03 1.273341709230827595e-03
2.601897666401601327e+03 1.286701598978475664e-03
2.605969493735562992e+03 1.301248784416779436e-03
2.610041321069524656e+03 1.314801999455293691e-03
2.614113148403486775e+03 1.325171785422598475e-03
2.618184975737448440e+03 1.330874682452089751e-03
2.622256803071410104e+03 1.331630371990613106e-03
2.626328630405372223e+03 1.328475945652741845e-03
2.630400457739333888e+03 1.323464841532036654e-03
2.634472285073295552e+03 1.319062235782366040e-03
2.638544112407257671e+03 1.317450751414261066e-03
2.642615939741219336e+03 1.319983096879804793e-03
2.646687767075181000e+03 1.326954643461868838e-03
2.650759594409143119e+03 1.337744582503704212e-03
2.654831421743104784e+03 1.351237240137284114e-03
2.658903249077066448e+03 1.366337212806188924e-03
2.662975076411028567e+03 1.382368965309029030e-03
2.667046903744990232e+03 1.399209725078186944e-03
2.671118731078951896e+03 1.417119061939813192e-03
2.675190558412914015e+03 1.436353688215799475e-03
2.679262385746875680e+03 1.456743073248659669e-03
2.683334213080837344e+03 1.477417552477627415e-03
2.687406040414799463e+03 1.496820829203143917e-03
2.691477867748761128e+03 1.513027443239690299e-03
2.695549695082722792e+03 1.524266535593860744e-03
2.699621522416684911e+03 1.529471954512101866e-03
2.703693349750646576e+03 1.528666047397384334e-03
2.707765177084608240e+03 1.523044340317762126e-03
2.711837004418570359e+03 1.514736962417770729e-03
2.715908831752532024e+03 1.506338061061557147e-03
2.719980659086493688e+03 1.500372445917396358e-03
2.724052486420455807e+03 1.498879979505476998e-03
2.728124313754417472e+03 1.503239460370886776e-03
2.732196141088379136e+03 1.514248844479974820e-03
2.736267968422341255e+03 1.532369693507229513e-03
2.740339795756302919e+03 1.557974815139950061e-03
2.744411623090264584e+03 1.591438129087166444e-03
2.748483450424226703e+03 1.632977007750085596e-03
2.752555277758188367e+03 1.682273428718226689e-03
2.756627105092150032e+03 1.738015864617039295e-03
2.760698932426112151e+03 1.797571507979647473e-03
2.764770759760073815e+03 1.856987203623848949e-03
2.768842587094035935e+03 1.911425588417870651e-03
2.772914414427997599e+03 1.955999807217488531e-03
2.776986241761959263e+03 1.986826158929188083e-03
2.781058069095921383e+03 2.002021810365219468e-03
2.785129896429883047e+03 2.002369167970018474e-03
2.789201723763844711e+03 1.991453071666245654e-03
2.793273551097806831e+03 1.975222233347708346e-03
2.797345378431768495e+03 1.961081450969126561e-03
2.801417205765730159e+03 1.956733805988872428e-03
2.805489033099692278e+03 1.969028798433808489e-03
2.809560860433653943e+03 2.003030537915158858e-03
2.813632687767615607e+03 2.061426736420372482e-03
2.817704515101577726e+03 2.144297427379409943e-03
2.821776342435539391e+03 2.249191325404908959e-03
2.825848169769501055e+03 2.371436030991263145e-03
2.829919997103463174e+03 2.504627360323035887e-03
2.833991824437424839e+03 2.641274606840774558e-03
2.838063651771386503e+03 2.773591140446556892e-03
2.842135479105348622e+03 2.894396757234718540e-03
2.846207306439310287e+03 2.998047152840044652e-03
2.850279133773271951e+03 3.081254663178308560e-03
2.854350961107234070e+03 3.143645683792229903e-03
2.858422788441195735e+03 3.187932540840141861e-03
2.862494615775157399e+03 3.219653671208217317e-03
2.866566443109119518e+03 3.246524823479045134e-03
2.870638270443081183e+03 3.277507468508830072e-03
2.874710097777042847e+03 3.321715439944858579e-03
2.878781925111004966e+03 3.387253883455127422e-03
2.882853752444966631e+03 3.480051278357208441e-03
2.886925579778928295e+03 3.602749484064957965e-03
2.890997407112890414e+03 3.753781372715966902e-03
2.895069234446852079e+03 3.926869888643224477e-03
2.899141061780813743e+03 4.111261127918473292e-03
2.903212889114775862e+03 4.292974281757764438e-03
2.907284716448737527e+03 4.457157450222492753e-03
2.911356543782699191e+03 4.591294744500289647e-03
2.915428371116661310e+03 4.688616849425805352e-03
2.919500198450622975e+03 4.750784617247708758e-03
2.923572025784584639e+03 4.788901016711213932e-03
2.927643853118546758e+03 4.822239922617054669e-03
2.931715680452508423e+03 4.874706913023234625e-03
2.935787507786470087e+03 4.969778305965015693e-03
2.939859335120432206e+03 5.125235144854161339e-03
2.943931162454393871e+03 5.349180719118128147e-03
2.948002989788355535e+03 5.638497257916027204e-03
2.952074817122317654e+03 5.980144683351557369e-03
2.956146644456279319e+03 6.354790377172587351e-03
2.960218471790240983e+03 6.741521688228950711e-03
2.964290299124203102e+03 7.122113994949520570e-03
2.968362126458164767e+03 7.483612181004375280e-03
2.972433953792126431e+03 7.818712186778712520e-03
2.976505781126088550e+03 8.124301487425036536e-03
2.980577608460050214e+03 8.399177421152464323e-03
2.984649435794011879e+03 8.642151198318331201e-03
2.988721263127973998e+03 8.851411593536587935e-03
2.992793090461935662e+03 9.025341354120933191e-03
2.996864917795897327e+03 9.164271975000236672e-03
3.000936745129859446e+03 9.272247125474177010e-03
3.005008572463821110e+03 9.357912456982215438e-03
3.009080399797782775e+03 9.434107402890527100e-03
3.013152227131744894e+03 9.516357653522843074e-03
3.017224054465706558e+03 9.620939442037597725e-03
3.021295881799668223e+03 9.763278393613005271e-03
3.025367709133630342e+03 9.957126154629066667e-03
3.029439536467592006e+03 1.021441243074090385e-02
3.033511363801553671e+03 1.054520587736760238e-02
3.037583191135515790e+03 1.095710634555855864e-02
3.041655018469477454e+03 1.145372417270083820e-02
3.045726845803439119e+03 1.203253100701614023e-02
3.049798673137401238e+03 1.268296565886094240e-02
3.053870500471362902e+03 1.338590375147047373e-02
3.057942327805324567e+03 1.411526861482894149e-02
3.062014155139286686e+03 1.484176202856248711e-02
3.066085982473248350e+03 1.553776928982735644e-02
3.070157809807210015e+03 1.618188986244552957e-02
3.074229637141172134e+03 1.676159767722560159e-02
3.078301464475133798e+03 1.727328872099886947e-02
3.082373291809095463e+03 1.772013029396461714e-02
3.086445119143057582e+03 1.810915819511284275e-02
3.090516946477019246e+03 1.844945173275811673e-02
3.094588773810980911e+03 1.875268843637141469e-02
3.098660601144943030e+03 1.903609204243308928e-02
3.102732428478904694e+03 1.932627705490658904e-02
3.106804255812866359e+03 1.966147328031541894e-02
3.110876083146828478e+03 2.008965637966157042e-02
3.114947910480790142e+03 2.066136877323256418e-02
3.119019737814751807e+03 2.141810948516777169e-02
3.123091565148713926e+03 2.237930422502094202e-02
3.127163392482675590e+03 2.353213161594085168e-02
3.131235219816637255e+03 2.482824193272796520e-02
3.135307047150599374e+03 2.618958536367924084e-02
3.139378874484561038e+03 2.752272365175757046e-02
3.143450701818522703e+03 2.873813180773488601e-02
3.147522529152484822e+03 2.976917065530913092e-02
3.151594356486446486e+03 3.058533872704381415e-02
3.155666183820408150e+03 3.119616563843955609e-02
3.159738011154370270e+03 3.164508219221082858e-02
3.163809838488331934e+03 3.199573835073443728e-02
3.167881665822293598e+03 3.231543431394438143e-02
3.171953493156255718e+03 3.266084562145304959e-02
3.176025320490217382e+03 3.306995672907907940e-02
3.180097147824179046e+03 3.356161317288987311e-02
3.184168975158141166e+03 3.414132156618151365e-02
3.188240802492102830e+03 3.480987170652485863e-02
3.192312629826064494e+03 3.557070133845588455e-02
3.196384457160026614e+03 3.643279944180689844e-02
3.200456284493988278e+03 3.740792769913865723e-02
3.204528111827949942e+03 3.850326170516555485e-02
3.208599939161912062e+03 3.971239624177971828e-02
3.212671766495873726e+03 4.100844037675807630e-02
3.216743593829835390e+03 4.234246204516901868e-02
3.220815421163797510e+03 4.364903933787188384e-02
3.224887248497759174e+03 4.485861796558188175e-02
3.228959075831720838e+03 4.591433029820556067e-02
3.233030903165682957e+03 4.678940035045606183e-02
3.237102730499644622e+03 4.750058307550908410e-02
3.241174557833606286e+03 4.811343069194164851e-02
3.245246385167568405e+03 4.873654511424198310e-02
3.249318212501530070e+03 4.950420607924688188e-02
3.253390039835491734e+03 5.054952341564888235e-02
3.257461867169453853e+03 5.197301834769398055e-02
3.261533694503415518e+03 5.381360255629880074e-02
3.265605521837377637e+03 5.602957573327851937e-02
3.269677349171339301e+03 5.849597850710310659e-02
3.273749176505300966e+03 6.102134398954029565e-02
3.277821003839263085e+03 6.338214001388464691e-02
3.281892831173224749e+03 6.536814902007370698e-02
3.285964658507186414e+03 6.682820698593675002e-02
3.290036485841148533e+03 6.770451410839450901e-02
3.294108313175110197e+03 6.804589277105616008e-02
3.298180140509071862e+03 6.799563027115487768e-02
3.302251967843033981e+03 6.775654455912848151e-02
3.306323795176995645e+03 6.754254411565643879e-02
3.310395622510957310e+03 6.753003334865181895e-02
3.314467449844919429e+03 6.782255707177758941e-02
3.318539277178881093e+03 6.843789156749152669e-02
3.322611104512842758e+03 6.931964573282550779e-02
3.326682931846804877e+03 7.036769554638735991e-02
3.330754759180766541e+03 7.147608778884526060e-02
3.334826586514728206e+03 7.256539198787759215e-02
3.338898413848690325e+03 7.359940456678071286e-02
3.342970241182651989e+03 7.458249637787919828e-02
3.347042068516613654e+03 7.554133547776953339e-02
3.351113895850575773e+03 7.650040216167262874e-02
3.355185723184537437e+03 7.746250136992037516e-02
3.359257550518499102e+03 7.840273009691726969e-02
3.363329377852461221e+03 7.927820803948862349e-02
3.367401205186422885e+03 8.004881575214942147e-02
3.371473032520384550e+03 8.069908809341312661e-02
3.375544859854346669e+03 8.125042400331027037e-02
3.379616687188308333e+03 8.175643184961452203e-02
3.383688514522269998e+03 8.228120785145773275e-02
3.387760341856232117e+03 8.286793160526317870e-02
3.391832169190193781e+03 8.351028703571980460e-02
3.395903996524155446e+03 8.413964353308783783e-02
3.399975823858117565e+03 8.463615949004184291e-02
3.404047651192079229e+03 8.486348818833655550e-02
3.408119478526040893e+03 8.471755950642054223e-02
3.412191305860003013e+03 8.417339510282301207e-02
3.416263133193964677e+03 8.331268616476220079e-02
3.420334960527926341e+03 8.231972843297746811e-02
3.424406787861888461e+03 8.144294364611295856e-02
3.428478615195850125e+03 8.093056972505330293e-02
3.432550442529811789e+03 8.095841074506146540e-02
3.436622269863773909e+03 8.157158772188968787e-02
3.440694097197735573e+03 8.265943967892866451e-02
3.444765924531697237e+03 8.397368644356749401e-02
3.448837751865659357e+03 8.518729407303382573e-02
3.452909579199621021e+03 8.597901218835175829e-02
3.456981406533582685e+03 8.612014697232586724e-02
3.461053233867544805e+03 8.553850345589134041e-02
3.465125061201506469e+03 8.434028195466965194e-02
3.469196888535468133e+03 8.278249976416682254e-02
3.473268715869430252e+03 8.120285157349847738e-02
3.477340543203391917e+03 7.992658033705141163e-02
3.481412370537353581e+03 7.917705307000380555e-02
3.485484197871315700e+03 7.901603247866165192e-02
3.489556025205277365e+03 7.933112237022921231e-02
3.493627852539239029e+03 7.987394617876501790e-02
3.497699679873201148e+03 8.033743520665267979e-02
3.501771507207162813e+03 8.044881321018118592e-02
3.505843334541124477e+03 8.005019025298670821e-02
3.509915161875086596e+03 7.914268601085858168e-02
3.513986989209048261e+03 7.788151165485583671e-02
3.518058816543009925e+03 7.652482055192673382e-02
3.522130643876972044e+03 7.535344162857822436e-02
3.526202471210933709e+03 7.458719301317631722e-02
3.530274298544895373e+03 7.432358537108696428e-02
3.534346125878857492e+03 7.451647605744818326e-02
3.538417953212819157e+03 7.499858991318836265e-02
3.542489780546780821e+03 7.553756147189230608e-02
3.546561607880742940e+03 7.590516995483614915e-02
3.550633435214704605e+03 7.593697673363261624e-02
3.554705262548666269e+03 7.556507405330281646e-02
3.558777089882628388e+03 7.481764654308523110e-02
3.562848917216590053e+03 7.379116089033266324e-02
3.566920744550551717e+03 7.260967511514376804e-02
3.570992571884513836e+03 7.138801366243038848e-02
3.575064399218475501e+03 7.021108547454581184e-02
3.579136226552437165e+03 6.913281859687697706e-02
3.583208053886399284e+03 6.818905033092634294e-02
3.587279881220360949e+03 6.741315232585488870e-02
3.591351708554322613e+03 6.684336267576376778e-02
3.595423535888284732e+03 6.651632219190103945e-02
3.599495363222246397e+03 6.644940331302490177e-02
3.603567190556208061e+03 6.662121830123718391e-02
3.607639017890170180e+03 6.696195808509369796e-02
3.611710845224131845e+03 6.736175514633901962e-02
3.615782672558093509e+03 6.769748032956325601e-02
3.619854499892055628e+03 6.786966520511844569e-02
3.623926327226017293e+03 6.783550754508604896e-02
3.627998154559978957e+03 6.762390678100224650e-02
3.632069981893941076e+03 6.732453343182559502e-02
3.636141809227902741e+03 6.705281194322249005e-02
3.640213636561864405e+03 6.690245138435119143e-02
3.644285463895826524e+03 6.690279047901358245e-02
3.648357291229788189e+03 6.699732608114952748e-02
3.652429118563749853e+03 6.705255568873598471e-02
3.656500945897711972e+03 6.689539533609746569e-02
3.660572773231673636e+03 6.636706733347147447e-02
3.664644600565635301e+03 6.537538747246171567e-02
3.668716427899597420e+03 6.392796053190792638e-02
3.672788255233559084e+03 6.213552225234689197e-02
3.676860082567520749e+03 6.018486860547377082e-02
3.680931909901482868e+03 5.829066673093223627e-02
3.685003737235444532e+03 5.664149918561524333e-02
3.689075564569406197e+03 5.535595813789537939e-02
3.693147391903368316e+03 5.445987408661857182e-02
3.697219219237329980e+03 5.388806643578903516e-02
3.701291046571291645e+03 5.350637554382200317e-02
3.705362873905253764e+03 5.314477640605103081e-02
3.709434701239215428e+03 5.263131710280316566e-02
3.713506528573177093e+03 5.181906206547538807e-02
3.717578355907139212e+03 5.060251074938694471e-02
3.721650183241100876e+03 4.892408356044442019e-02
3.725722010575062541e+03 4.677369544641933607e-02
3.729793837909024660e+03 4.418469113346404353e-02
3.733865665242986324e+03 4.122806978859723526e-02
3.737937492576947989e+03 3.800516762962017486e-02
3.742009319910910108e+03 3.463794067077216599e-02
3.746081147244871772e+03 3.125625983983371103e-02
3.750152974578833437e+03 2.798297744641815854e-02
3.754224801912795556e+03 2.491913699056280684e-02
3.758296629246757220e+03 2.213263047779217077e-02
3.762368456580718885e+03 1.965325442842677170e-02
3.766440283914681004e+03 1.747549680396206714e-02
3.770512111248642668e+03 1.556811490727445443e-02
3.774583938582604787e+03 1.388754463189517674e-02
3.778655765916566452e+03 1.239119976162568644e-02
3.782727593250528116e+03 1.104711045642313254e-02
3.786799420584490235e+03 9.837884946952001053e-03
3.790871247918451900e+03 8.759006505958070316e-03
3.794943075252413564e+03 7.813226101272090912e-03
3.799014902586375683e+03 7.003704527786572612e-03
3.803086729920337348e+03 6.328417969804283998e-03
3.807158557254299012e+03 5.777397765834430682e-03
3.811230384588261131e+03 5.333111825343957862e-03
3.815302211922222796e+03 4.973217144430973520e-03
3.819374039256184460e+03 4.674349696989273106e-03
3.823445866590146579e+03 4.415634612786172378e-03
3.827517693924108244e+03 4.181033419930717601e-03
3.831589521258069908e+03 3.960226948160449310e-03
3.835661348592032027e+03 3.748220662630798346e-03
3.839733175925993692e+03 3.544126242370932225e-03
3.843805003259955356e+03 3.349618316432515994e-03
3.847876830593917475e+03 3.167467529322341366e-03
3.851948657927879140e+03 3.000402992166244232e-03
3.856020485261840804e+03 2.850417404749832663e-03
3.860092312595802923e+03 2.718512774067366813e-03
3.864164139929764588e+03 2.604788928370615000e-03
3.868235967263726252e+03 2.508703624680502786e-03
3.872307794597688371e+03 2.429303578100019956e-03
3.876379621931650036e+03 2.365267253317061662e-03
3.880451449265611700e+03 2.314717852721813289e-03
3.884523276599573819e+03 2.274922071892615527e-03
3.888595103933535484e+03 2.242114367112327429e-03
3.892666931267497148e+03 2.211702074401310052e-03
3.896738758601459267e+03 2.178978850870167110e-03
3.900810585935420931e+03 2.140237844080879540e-03
3.904882413269382596e+03 2.093932149236284526e-03
3.908954240603344715e+03 2.041402250999332750e-03
3.913026067937306379e+03 1.986764828463589636e-03
3.917097895271268044e+03 1.935834655129516600e-03
3.921169722605230163e+03 1.894333855287435274e-03
3.925241549939191827e+03 1.865971350702992811e-03
3.929313377273153492e+03 1.851098199575107114e-03
3.933385204607115611e+03 1.846488071230352641e-03
3.937457031941077275e+03 1.846399646724153267e-03
3.941528859275038940e+03 1.844596900818297122e-03
3.945600686609001059e+03 1.836625874731413754e-03
3.949672513942962723e+03 1.821527652664335639e-03
3.953744341276924388e+03 1.802358653543083365e-03
3.957816168610886507e+03 1.785317785394323169e-03
3.961887995944848171e+03 1.777778504045396391e-03
3.965959823278809836e+03 1.785901753945427686e-03
3.970031650612771955e+03 1.812626502720007891e-03
3.974103477946733619e+03 1.856667372555069039e-03
3.978175305280695284e+03 1.912774643797948444e-03
3.982247132614657403e+03 1.973083310781557215e-03
3.986318959948619067e+03 2.029053559711569039e-03
3.990390787282580732e+03 2.073387454054599795e-03
3.994462614616542851e+03 2.101408599638020583e-03
3.998534441950504515e+03 2.111642614669474120e-03
