4.071827333961817175e+00 2.344439371778088595e-03
8.143654667923634349e+00 2.439313982307854661e-03
1.221548200188545152e+01 2.587999202473517234e-03
1.628730933584726870e+01 2.778834256585508474e-03
2.035913666980908587e+01 2.999656065176793934e-03
2.443096400377090305e+01 3.240307593724812800e-03
2.850279133773272022e+01 3.494145929464344182e-03
3.257461867169453740e+01 3.758141638723662501e-03
3.664644600565635812e+01 4.031645138478847680e-03
4.071827333961817175e+01 4.314338985081432251e-03
4.479010067357999247e+01 4.604150680739618751e-03
4.886192800754180610e+01 4.895892351681205637e-03
5.293375534150362682e+01 5.181137081516478185e-03
5.700558267546544045e+01 5.449433053931336014e-03
6.107741000942726117e+01 5.690534467175979889e-03
6.514923734338907479e+01 5.897023720188711120e-03
6.922106467735089552e+01 6.066594763794176150e-03
7.329289201131271625e+01 6.203375108293921261e-03
7.736471934527452277e+01 6.317931577122251618e-03
8.143654667923634349e+01 6.425941343598941084e-03
8.550837401319816422e+01 6.545818895650467976e-03
8.958020134715998495e+01 6.695799190887257064e-03
9.365202868112179146e+01 6.891054512234748297e-03
9.772385601508361219e+01 7.141373119234514961e-03
1.017956833490454329e+02 7.449783781572348260e-03
1.058675106830072536e+02 7.812314108171061408e-03
1.099393380169690602e+02 8.218862395878588981e-03
1.140111653509308809e+02 8.654974623488912583e-03
1.180829926848927016e+02 9.104174473602916901e-03
1.221548200188545223e+02 9.550413580349421949e-03
1.262266473528163289e+02 9.980205012890907765e-03
1.302984746867781496e+02 1.038408004790204557e-02
1.343703020207399561e+02 1.075715702926361046e-02
1.384421293547017910e+02 1.109880409240030820e-02
1.425139566886635976e+02 1.141157162084610426e-02
1.465857840226254325e+02 1.169971655858894309e-02
1.506576113565872390e+02 1.196769948105852292e-02
1.547294386905490455e+02 1.221899112528512452e-02
1.588012660245108805e+02 1.245539447298635305e-02
1.628730933584726870e+02 1.267691663257334081e-02
1.669449206924344935e+02 1.288207041142163181e-02
1.710167480263963284e+02 1.306839935778543113e-02
1.750885753603581350e+02 1.323302522271100831e-02
1.791604026943199699e+02 1.337309908948927650e-02
1.832322300282817764e+02 1.348615099935246940e-02
1.873040573622435829e+02 1.357041945889991309e-02
1.913758846962054179e+02 1.362525657898955300e-02
1.954477120301672244e+02 1.365163603495328157e-02
1.995195393641290309e+02 1.365267053074954370e-02
2.035913666980908658e+02 1.363393452332525499e-02
2.076631940320526724e+02 1.360335243766411586e-02
2.117350213660145073e+02 1.357049156214570895e-02
2.158068486999763138e+02 1.354528231069382881e-02
2.198786760339381203e+02 1.353641505849844696e-02
2.239505033678999553e+02 1.354983987812767576e-02
2.280223307018617618e+02 1.358783722850693230e-02
2.320941580358235683e+02 1.364899375704841343e-02
2.361659853697854032e+02 1.372913748010267873e-02
2.402378127037472098e+02 1.382295643380341589e-02
2.443096400377090447e+02 1.392577306035431076e-02
2.483814673716708512e+02 1.403488308528904292e-02
2.524532947056326577e+02 1.415003438980125608e-02
2.565251220395944642e+02 1.427296698540694853e-02
2.605969493735562992e+02 1.440632741594848922e-02
2.646687767075181341e+02 1.455254563577592156e-02
2.687406040414799122e+02 1.471329155620046923e-02
2.728124313754417472e+02 1.488987903515547051e-02
2.768842587094035821e+02 1.508454275023590405e-02
2.809560860433653602e+02 1.530205647259785286e-02
2.850279133773271951e+02 1.555089183455891401e-02
2.890997407112890301e+02 1.584317467976655361e-02
2.931715680452508650e+02 1.619309236499708732e-02
2.972433953792126431e+02 1.661400496820485823e-02
3.013152227131744780e+02 1.711508071398841480e-02
3.053870500471363130e+02 1.769856806798179513e-02
3.094588773810980911e+02 1.835868777702504701e-02
3.135307047150599260e+02 1.908259926863806188e-02
3.176025320490217609e+02 1.985316011435066946e-02
3.216743593829835390e+02 2.065254789785116868e-02
3.257461867169453740e+02 2.146552432770086269e-02
3.298180140509072089e+02 2.228132543204356872e-02
3.338898413848689870e+02 2.309378552305680135e-02
3.379616687188308219e+02 2.390008462289971297e-02
3.420334960527926569e+02 2.469910340865070011e-02
3.461053233867544918e+02 2.549049560227483260e-02
3.501771507207162699e+02 2.627516044715647731e-02
3.542489780546781049e+02 2.705698262027782589e-02
3.583208053886399398e+02 2.784486433126262539e-02
3.623926327226017179e+02 2.865361395204047909e-02
3.664644600565635528e+02 2.950245391906035006e-02
3.705362873905253878e+02 3.041077274259107455e-02
3.746081147244871659e+02 3.139197401770506268e-02
3.786799420584490008e+02 3.244736897840172496e-02
3.827517693924108357e+02 3.356251357254137063e-02
3.868235967263726138e+02 3.470791562207124065e-02
3.908954240603344488e+02 3.584470212486397939e-02
3.949672513942962837e+02 3.693407685608667002e-02
3.990390787282580618e+02 3.794786774360651982e-02
4.031109060622198967e+02 3.887678341343812904e-02
4.071827333961817317e+02 3.973350370516434693e-02
4.112545607301435666e+02 4.054931498944489704e-02
4.153263880641053447e+02 4.136513958420812848e-02
4.193982153980671796e+02 4.221973517907030848e-02
4.234700427320290146e+02 4.313884333601138155e-02
4.275418700659907927e+02 4.412876364160817078e-02
4.316136973999526276e+02 4.517632198877447741e-02
4.356855247339144626e+02 4.625503539163087346e-02
4.397573520678762407e+02 4.733523670946875039e-02
4.438291794018380756e+02 4.839473107606881430e-02
4.479010067357999105e+02 4.942659497704427612e-02
4.519728340697616886e+02 5.044191076910433530e-02
4.560446614037235236e+02 5.146704989975163513e-02
4.601164887376853585e+02 5.253687411879197355e-02
4.641883160716471366e+02 5.368629888912429537e-02
4.682601434056089715e+02 5.494276074804153170e-02
4.723319707395708065e+02 5.632136331895232217e-02
4.764037980735326414e+02 5.782328046970337809e-02
4.804756254074944195e+02 5.943691274545702397e-02
4.845474527414562544e+02 6.114073125945360815e-02
4.886192800754180894e+02 6.290680768925827060e-02
4.926911074093798675e+02 6.470450995075224809e-02
4.967629347433417024e+02 6.650434804622459839e-02
5.008347620773035374e+02 6.828212284389559295e-02
5.049065894112653154e+02 7.002322475596332862e-02
5.089784167452271504e+02 7.172631215228805757e-02
5.130502440791889285e+02 7.340505807440125818e-02
5.171220714131508203e+02 7.508660579256624945e-02
5.211938987471125984e+02 7.680604394382764544e-02
5.252657260810743765e+02 7.859748813101959108e-02
5.293375534150362682e+02 8.048379502014033071e-02
5.334093807489980463e+02 8.246792822269696788e-02
5.374812080829598244e+02 8.452902544006739294e-02
5.415530354169217162e+02 8.662509925863590143e-02
5.456248627508834943e+02 8.870230560095897221e-02
5.496966900848452724e+02 9.070848566152170389e-02
5.537685174188071642e+02 9.260703682549994986e-02
5.578403447527689423e+02 9.438675213852185109e-02
5.619121720867307204e+02 9.606432811294453311e-02
5.659839994206926121e+02 9.767849012657087160e-02
5.700558267546543902e+02 9.927739218538614296e-02
5.741276540886162820e+02 1.009031914183678297e-01
5.781994814225780601e+02 1.025786932398438794e-01
5.822713087565398382e+02 1.043003460583366293e-01
5.863431360905017300e+02 1.060398215378841602e-01
5.904149634244635081e+02 1.077536223066934140e-01
5.944867907584252862e+02 1.093975429039510949e-01
5.985586180923871780e+02 1.109412382866725444e-01
6.026304454263489561e+02 1.123781412552330439e-01
6.067022727603107342e+02 1.137275110398566352e-01
6.107741000942726259e+02 1.150279763571729896e-01
6.148459274282344040e+02 1.163247103741400224e-01
6.189177547621961821e+02 1.176544407821931842e-01
6.229895820961580739e+02 1.190331904054010570e-01
6.270614094301198520e+02 1.204507437748773696e-01
6.311332367640816301e+02 1.218736371842490396e-01
6.352050640980435219e+02 1.232556855867061041e-01
6.392768914320053000e+02 1.245525916692906965e-01
6.433487187659670781e+02 1.257358356332025917e-01
6.474205460999289699e+02 1.268012661503774008e-01
6.514923734338907479e+02 1.277695433621409415e-01
6.555642007678525260e+02 1.286782662814563993e-01
6.596360281018144178e+02 1.295683692350550476e-01
6.637078554357761959e+02 1.304692785710455938e-01
6.677796827697379740e+02 1.313877375171502715e-01
6.718515101036998658e+02 1.323039872297867292e-01
6.759233374376616439e+02 1.331765468923828688e-01
6.799951647716234220e+02 1.339539998707074964e-01
6.840669921055853138e+02 1.345899358933780599e-01
6.881388194395470919e+02 1.350562815670074968e-01
6.922106467735089836e+02 1.353509517531863715e-01
6.962824741074707617e+02 1.354977710930049539e-01
7.003543014414325398e+02 1.355391861802183462e-01
7.044261287753944316e+02 1.355244854022038259e-01
7.084979561093562097e+02 1.354973241826420705e-01
7.125697834433179878e+02 1.354860408597192700e-01
7.166416107772798796e+02 1.354988138760966354e-01
7.207134381112416577e+02 1.355238342948657526e-01
7.247852654452034358e+02 1.355331335730479425e-01
7.288570927791653276e+02 1.354880673059963569e-01
7.329289201131271057e+02 1.353448076961270008e-01
7.370007474470888837e+02 1.350591692527962073e-01
7.410725747810507755e+02 1.345910476194984162e-01
7.451444021150125536e+02 1.339091146554538259e-01
7.492162294489743317e+02 1.329959627664494271e-01
7.532880567829362235e+02 1.318528836393690895e-01
7.573598841168980016e+02 1.305025188532960567e-01
7.614317114508597797e+02 1.289874061980595121e-01
7.655035387848216715e+02 1.273633375047805161e-01
7.695753661187834496e+02 1.256882728188637999e-01
7.736471934527452277e+02 1.240096219368565372e-01
7.777190207867071194e+02 1.223540493510773680e-01
7.817908481206688975e+02 1.207237960847904884e-01
7.858626754546306756e+02 1.191016260238720870e-01
7.899345027885925674e+02 1.174634277943026051e-01
7.940063301225543455e+02 1.157943710068875670e-01
7.980781574565161236e+02 1.141026325638419270e-01
8.021499847904780154e+02 1.124249992236131118e-01
8.062218121244397935e+02 1.108212274492881566e-01
8.102936394584015716e+02 1.093580787310278052e-01
8.143654667923634634e+02 1.080879624811257739e-01
8.184372941263252415e+02 1.070295265418124142e-01
8.225091214602871332e+02 1.061572983421688876e-01
8.265809487942490250e+02 1.054045524448138094e-01
8.306527761282106894e+02 1.046789740908139893e-01
8.347246034621726949e+02 1.038861073958232267e-01
8.387964307961343593e+02 1.029527621698993062e-01
8.428682581300961374e+02 1.018425966704063629e-01
8.469400854640580292e+02 1.005589980856834709e-01
8.510119127980199210e+02 9.913505146469196727e-02
8.550837401319815854e+02 9.761504916443444757e-02
8.591555674659433635e+02 9.603489065806791736e-02
8.632273947999052552e+02 9.440879772179620877e-02
8.672992221338670333e+02 9.272706056142560049e-02
8.713710494678289251e+02 9.096513536521846910e-02
8.754428768017908169e+02 8.910004376817864946e-02
8.795147041357524813e+02 8.712732650508554777e-02
8.835865314697144868e+02 8.507173046591906540e-02
8.876583588036761512e+02 8.298728296216259515e-02
8.917301861376379293e+02 8.094639642705525606e-02
8.958020134715998211e+02 7.902160363729493486e-02
8.998738408055617128e+02 7.726600194018365397e-02
9.039456681395233772e+02 7.569868148468406055e-02
9.080174954734851553e+02 7.429942537284660309e-02
9.120893228074470471e+02 7.301369304772804825e-02
9.161611501414088252e+02 7.176561762297735403e-02
9.202329774753707170e+02 7.047461799034261676e-02
9.243048048093326088e+02 6.907084610399838454e-02
9.283766321432942732e+02 6.750593304579902143e-02
9.324484594772562787e+02 6.575764710211771946e-02
9.365202868112179431e+02 6.382917843835472782e-02
9.405921141451797212e+02 6.174503718631400156e-02
9.446639414791416129e+02 5.954568308702508361e-02
9.487357688131035047e+02 5.728222054413947134e-02
9.528075961470652828e+02 5.501138845094837027e-02
9.568794234810269472e+02 5.279030454155682339e-02
9.609512508149888390e+02 5.067039522996484580e-02
9.650230781489506171e+02 4.869063773533575945e-02
9.690949054829125089e+02 4.687125340246339755e-02
9.731667328168744007e+02 4.520972789485414728e-02
9.772385601508361788e+02 4.368100798320227740e-02
9.813103874847980705e+02 4.224278915283614239e-02
9.853822148187597350e+02 4.084523909212407766e-02
9.894540421527215130e+02 3.944289221965260883e-02
9.935258694866834048e+02 3.800546359051516776e-02
9.975976968206452966e+02 3.652442070973425936e-02
1.001669524154607075e+03 3.501336579130884946e-02
1.005741351488568739e+03 3.350222655392946780e-02
1.009813178822530631e+03 3.202724489428883381e-02
1.013885006156492409e+03 3.062007337747914629e-02
1.017956833490454301e+03 2.929946707747960177e-02
1.022028660824416193e+03 2.806804216475564107e-02
1.026100488158377857e+03 2.691474708962704465e-02
1.030172315492339749e+03 2.582172465439533382e-02
1.034244142826301641e+03 2.477283004386187509e-02
1.038315970160263305e+03 2.376068024686915636e-02
1.042387797494225197e+03 2.278982549003840535e-02
1.046459624828187088e+03 2.187513691319607073e-02
1.050531452162148753e+03 2.103622013502749744e-02
1.054603279496110645e+03 2.028997944672813331e-02
1.058675106830072536e+03 1.964394705378941924e-02
1.062746934164034201e+03 1.909255585281335182e-02
1.066818761497996093e+03 1.861740550947353981e-02
1.070890588831957984e+03 1.819120203668744135e-02
1.074962416165919649e+03 1.778392878130755084e-02
1.079034243499881541e+03 1.736927862294659897e-02
1.083106070833843432e+03 1.692954254920756713e-02
1.087177898167805097e+03 1.645785667846667161e-02
1.091249725501766989e+03 1.595764363117668089e-02
1.095321552835728880e+03 1.543990331141830222e-02
1.099393380169690545e+03 1.491946953706909697e-02
1.103465207503652437e+03 1.441137703143632355e-02
1.107537034837614328e+03 1.392816530732624361e-02
1.111608862171575993e+03 1.347846731794119166e-02
1.115680689505537885e+03 1.306678631398670506e-02
1.119752516839499776e+03 1.269408546811986484e-02
1.123824344173461441e+03 1.235873788921985905e-02
1.127896171507423333e+03 1.205746509244886092e-02
1.131967998841385224e+03 1.178604713988544266e-02
1.136039826175347116e+03 1.153974238613912455e-02
1.140111653509308780e+03 1.131346829695514117e-02
1.144183480843270672e+03 1.110186107856913143e-02
1.148255308177232564e+03 1.089936093832425366e-02
1.152327135511194228e+03 1.070046713542258110e-02
1.156398962845156120e+03 1.050026529246848861e-02
1.160470790179118012e+03 1.029523813228045911e-02
1.164542617513079676e+03 1.008423532508016980e-02
1.168614444847041568e+03 9.869334276289307845e-03
1.172686272181003460e+03 9.656233823834986518e-03
1.176758099514965124e+03 9.453851181627425868e-03
1.180829926848927016e+03 9.272969723322550123e-03
1.184901754182888908e+03 9.124080919667217071e-03
1.188973581516850572e+03 9.014884283347618724e-03
1.193045408850812464e+03 8.948127346679112665e-03
1.197117236184774356e+03 8.920474740749329348e-03
1.201189063518736020e+03 8.922853121642324373e-03
1.205260890852697912e+03 8.942286449421908354e-03
1.209332718186659804e+03 8.964757643909141566e-03
1.213404545520621468e+03 8.978283773180778179e-03
1.217476372854583360e+03 8.975310236328659999e-03
1.221548200188545252e+03 8.953755233883571238e-03
1.225620027522506916e+03 8.916491464558088526e-03
1.229691854856468808e+03 8.869569585621522520e-03
1.233763682190430700e+03 8.819875739528009601e-03
1.237835509524392364e+03 8.773034642311734049e-03
1.241907336858354256e+03 8.732189718859783775e-03
1.245979164192316148e+03 8.697899811859702984e-03
1.250050991526277812e+03 8.668953995093393178e-03
1.254122818860239704e+03 8.643595795421822603e-03
1.258194646194201596e+03 8.620575907044507324e-03
1.262266473528163260e+03 8.599623178753333999e-03
1.266338300862125152e+03 8.581241550108937438e-03
1.270410128196087044e+03 8.566056531587238482e-03
1.274481955530048708e+03 8.554113515234983492e-03
1.278553782864010600e+03 8.544507694519320323e-03
1.282625610197972492e+03 8.535531750609198776e-03
1.286697437531934156e+03 8.525266798879754110e-03
1.290769264865896048e+03 8.512340573979407590e-03
1.294841092199857940e+03 8.496523829725956961e-03
1.298912919533819604e+03 8.478944825322329987e-03
1.302984746867781496e+03 8.461907535399266003e-03
1.307056574201743388e+03 8.448492517222863651e-03
1.311128401535705052e+03 8.442200453096227603e-03
1.315200228869666944e+03 8.446825589453414718e-03
1.319272056203628836e+03 8.466556728930036205e-03
1.323343883537590500e+03 8.506096469853251241e-03
1.327415710871552392e+03 8.570480279513735186e-03
1.331487538205514284e+03 8.664341415538848873e-03
1.335559365539475948e+03 8.790602281598492579e-03
1.339631192873437840e+03 8.948889811225777327e-03
1.343703020207399732e+03 9.134232621059562227e-03
1.347774847541361396e+03 9.336668153783620611e-03
1.351846674875323288e+03 9.542202094686718164e-03
1.355918502209285180e+03 9.735155068043377033e-03
1.359990329543246844e+03 9.901435452045281513e-03
1.364062156877208736e+03 1.003187671933318537e-02
1.368133984211170628e+03 1.012463980551214088e-02
1.372205811545132292e+03 1.018588644115179034e-02
1.376277638879094184e+03 1.022843396206209524e-02
1.380349466213056076e+03 1.026874397450534479e-02
1.384421293547017967e+03 1.032315060245496754e-02
1.388493120880979632e+03 1.040449134076809265e-02
1.392564948214941523e+03 1.052015607506184315e-02
1.396636775548903415e+03 1.067205546571776097e-02
1.400708602882865080e+03 1.085830737456300668e-02
1.404780430216826971e+03 1.107580859998857914e-02
1.408852257550788863e+03 1.132254337476725457e-02
1.412924084884750528e+03 1.159861404503537835e-02
1.416995912218712419e+03 1.190552826265592855e-02
1.421067739552674311e+03 1.224404062865002210e-02
1.425139566886635976e+03 1.261152796677472362e-02
1.429211394220597867e+03 1.300019360462330298e-02
1.433283221554559759e+03 1.339719173841616429e-02
1.437355048888521424e+03 1.378708003694740017e-02
1.441426876222483315e+03 1.415608312669148702e-02
1.445498703556445207e+03 1.449683158452320410e-02
1.449570530890406872e+03 1.481186441716209577e-02
1.453642358224368763e+03 1.511443322511805618e-02
1.457714185558330655e+03 1.542597847279111346e-02
1.461786012892292320e+03 1.577079062171423546e-02
1.465857840226254211e+03 1.616941428303513006e-02
1.469929667560216103e+03 1.663290860074618724e-02
1.474001494894177767e+03 1.715991217091064960e-02
1.478073322228139659e+03 1.773760326030771051e-02
1.482145149562101551e+03 1.834637834582882390e-02
1.486216976896063215e+03 1.896683291656742903e-02
1.490288804230025107e+03 1.958685381674294540e-02
1.494360631563986999e+03 2.020659475554063139e-02
1.498432458897948663e+03 2.083981599794161241e-02
1.502504286231910555e+03 2.151127210371757761e-02
1.506576113565872447e+03 2.225110743144625286e-02
1.510647940899834111e+03 2.308813652106592867e-02
1.514719768233796003e+03 2.404415737486650245e-02
1.518791595567757895e+03 2.513101993029744768e-02
1.522863422901719559e+03 2.635123906616939488e-02
1.526935250235681451e+03 2.770184392302726950e-02
1.531007077569643343e+03 2.918025373043802231e-02
1.535078904903605007e+03 3.079051506090154516e-02
1.539150732237566899e+03 3.254829448140605236e-02
1.543222559571528791e+03 3.448348601475915987e-02
1.547294386905490455e+03 3.663995364593782000e-02
1.551366214239452347e+03 3.907257159730557344e-02
1.555438041573414239e+03 4.184221346835968053e-02
1.559509868907375903e+03 4.500964480934023515e-02
1.563581696241337795e+03 4.862943428478803259e-02
1.567653523575299687e+03 5.274506357904862330e-02
1.571725350909261351e+03 5.738637673603601275e-02
1.575797178243223243e+03 6.257028357459885892e-02
1.579869005577185135e+03 6.830510682144001755e-02
1.583940832911146799e+03 7.459808332134175435e-02
1.588012660245108691e+03 8.146438679006658135e-02
1.592084487579070583e+03 8.893490970336129231e-02
1.596156314913032247e+03 9.705934312942285369e-02
1.600228142246994139e+03 1.059012547517585168e-01
1.604299969580956031e+03 1.155231493965472589e-01
1.608371796914917695e+03 1.259618403111950335e-01
1.612443624248879587e+03 1.371974071009679497e-01
1.616515451582841479e+03 1.491217860953175656e-01
1.620587278916803143e+03 1.615147275772584323e-01
1.624659106250765035e+03 1.740347224483427824e-01
1.628730933584726927e+03 1.862302503098124395e-01
1.632802760918688818e+03 1.975726425896765781e-01
1.636874588252650483e+03 2.075068946089955735e-01
1.640946415586612375e+03 2.155121886180889346e-01
1.645018242920574266e+03 2.211610170594975333e-01
1.649090070254536158e+03 2.241655512566871900e-01
1.653161897588498050e+03 2.244025165697700053e-01
1.657233724922459714e+03 2.219127237774796146e-01
1.661305552256421379e+03 2.168772929044414377e-01
1.665377379590383043e+03 2.095778802484613568e-01
1.669449206924345390e+03 2.003514133393616281e-01
1.673521034258306827e+03 1.895500750248037547e-01
1.677592861592268719e+03 1.775145515997371692e-01
1.681664688926230610e+03 1.645637508674968053e-01
1.685736516260192275e+03 1.509988042602837532e-01
1.689808343594154167e+03 1.371148476681422201e-01
1.693880170928116058e+03 1.232121201995979576e-01
1.697951998262077495e+03 1.095988531575606828e-01
1.702023825596039842e+03 9.658184270673726701e-02
1.706095652930001506e+03 8.444532549369873631e-02
1.710167480263963171e+03 7.342323416058742225e-02
1.714239307597924835e+03 6.367265286192541618e-02
1.718311134931886727e+03 5.525646682422107048e-02
1.722382962265848619e+03 4.814080334008710021e-02
1.726454789599810510e+03 4.220872113489063798e-02
1.730526616933772402e+03 3.728707847262844460e-02
1.734598444267734067e+03 3.318002417240777102e-02
1.738670271601695958e+03 2.970113856818584752e-02
1.742742098935657850e+03 2.669722013438977776e-02
1.746813926269619742e+03 2.405961049724207601e-02
1.750885753603581634e+03 2.172274204805136125e-02
1.754957580937543298e+03 1.965304529832633679e-02
1.759029408271504963e+03 1.783345224062725040e-02
1.763101235605466627e+03 1.624899238850636279e-02
1.767173062939428974e+03 1.487755399502197796e-02
1.771244890273390411e+03 1.368745129163548811e-02
1.775316717607352302e+03 1.264091789263097586e-02
1.779388544941314194e+03 1.170086207518634090e-02
1.783460372275275859e+03 1.083763779845203605e-02
1.787532199609237750e+03 1.003320208129700186e-02
1.791604026943199642e+03 9.281435769792980434e-03
1.795675854277161079e+03 8.584985343034310865e-03
1.799747681611123426e+03 7.950160958490298801e-03
1.803819508945085090e+03 7.381858504615253051e-03
1.807891336279046754e+03 6.880139008166720298e-03
1.811963163613008419e+03 6.439251767577286456e-03
1.816034990946970311e+03 6.048921464231608522e-03
1.820106818280932202e+03 5.696999894791374142e-03
1.824178645614894094e+03 5.372318472662984332e-03
1.828250472948855986e+03 5.066770907282908479e-03
1.832322300282817650e+03 4.776140412810504429e-03
1.836394127616779542e+03 4.499722581688030479e-03
1.840465954950741434e+03 4.239176132904308100e-03
1.844537782284703326e+03 3.997157440722014753e-03
1.848609609618665218e+03 3.776182840778553006e-03
1.852681436952626882e+03 3.577924891675398570e-03
1.856753264286588546e+03 3.402918210562013573e-03
1.860825091620550211e+03 3.250522542679597053e-03
1.864896918954512557e+03 3.118990057402669294e-03
1.868968746288473994e+03 3.005569117999110518e-03
1.873040573622435886e+03 2.906673830099787328e-03
1.877112400956397778e+03 2.818192861771588731e-03
1.881184228290359442e+03 2.735977626155548098e-03
1.885256055624321334e+03 2.656460846986964750e-03
1.889327882958283226e+03 2.577263680357530506e-03
1.893399710292245118e+03 2.497605796099020004e-03
1.897471537626207009e+03 2.418365706753993448e-03
1.901543364960168674e+03 2.341738823582475548e-03
1.905615192294130566e+03 2.270568499332171683e-03
1.909687019628092003e+03 2.207530249084700431e-03
1.913758846962053894e+03 2.154392662971095322e-03
1.917830674296016241e+03 2.111548078320494605e-03
1.921902501629977678e+03 2.077918242916206894e-03
1.925974328963939570e+03 2.051229839617527747e-03
1.930046156297901234e+03 2.028559260290926057e-03
1.934117983631863126e+03 2.006991218418740196e-03
1.938189810965825018e+03 1.984229127330902447e-03
1.942261638299786910e+03 1.959027691261056546e-03
1.946333465633748801e+03 1.931372335848169797e-03
1.950405292967710466e+03 1.902388696944611046e-03
1.954477120301672358e+03 1.874017022775315011e-03
1.958548947635633795e+03 1.848526192480273115e-03
1.962620774969596141e+03 1.827968773014901349e-03
1.966692602303558033e+03 1.813690528314663031e-03
1.970764429637519470e+03 1.806001613441179151e-03
1.974836256971481362e+03 1.804088732483351016e-03
1.978908084305443026e+03 1.806197937352517057e-03
1.982979911639404918e+03 1.810053817917993369e-03
1.987051738973366810e+03 1.813417594758729573e-03
1.991123566307328701e+03 1.814643170559002800e-03
1.995195393641290593e+03 1.813083004306738615e-03
1.999267220975252258e+03 1.809231532372171424e-03
2.003339048309214149e+03 1.804565622833002132e-03
2.007410875643175586e+03 1.801128921029200320e-03
2.011482702977137478e+03 1.800982523649590286e-03
2.015554530311099825e+03 1.805683000756871329e-03
2.019626357645061262e+03 1.815936543774598249e-03
2.023698184979023154e+03 1.831518061521651350e-03
2.027770012312984818e+03 1.851456088818216258e-03
2.031841839646946710e+03 1.874398362548603978e-03
2.035913666980908602e+03 1.899018705790386135e-03
2.039985494314870493e+03 1.924322464211224593e-03
2.044057321648832385e+03 1.949756125471977615e-03
2.048129148982794050e+03 1.975108882118565851e-03
2.052200976316755714e+03 2.000278731897757543e-03
2.056272803650717833e+03 2.025030340059898789e-03
2.060344630984679497e+03 2.048873973117261785e-03
2.064416458318641162e+03 2.071141712927433102e-03
2.068488285652603281e+03 2.091248077509770716e-03
2.072560112986564945e+03 2.109031953625330972e-03
2.076631940320526610e+03 2.125023081407122552e-03
2.080703767654488729e+03 2.140484893405148262e-03
2.084775594988450393e+03 2.157158696931798895e-03
2.088847422322412058e+03 2.176748298355383419e-03
2.092919249656374177e+03 2.200296828681936028e-03
2.096991076990335841e+03 2.227673224846303795e-03
2.101062904324297506e+03 2.257373885468719633e-03
2.105134731658259625e+03 2.286753008545189605e-03
2.109206558992221289e+03 2.312651798853905972e-03
2.113278386326182954e+03 2.332252783861330815e-03
2.117350213660145073e+03 2.343894892205403320e-03
2.121422040994106737e+03 2.347584129974461965e-03
2.125493868328068402e+03 2.345027545892901591e-03
2.129565695662030521e+03 2.339173483682106466e-03
2.133637522995992185e+03 2.333403639800087429e-03
2.137709350329953850e+03 2.330633723302331147e-03
2.141781177663915969e+03 2.332600225380527387e-03
2.145853004997877633e+03 2.339535712869028790e-03
2.149924832331839298e+03 2.350294575679050171e-03
2.153996659665801417e+03 2.362838920992648382e-03
2.158068486999763081e+03 2.374885902866250703e-03
2.162140314333724746e+03 2.384489305933708975e-03
2.166212141667686865e+03 2.390383316862597189e-03
2.170283969001648529e+03 2.392026766411622755e-03
2.174355796335610194e+03 2.389404509120719028e-03
2.178427623669572313e+03 2.382722911094765049e-03
2.182499451003533977e+03 2.372151833944089860e-03
2.186571278337495642e+03 2.357717684481874017e-03
2.190643105671457761e+03 2.339368005316282226e-03
2.194714933005419425e+03 2.317146674003266790e-03
2.198786760339381090e+03 2.291373828878803896e-03
2.202858587673343209e+03 2.262731155876035634e-03
2.206930415007304873e+03 2.232202902519379948e-03
2.211002242341266538e+03 2.200890183106698258e-03
2.215074069675228657e+03 2.169770243418378455e-03
2.219145897009190321e+03 2.139491558598160224e-03
2.223217724343151986e+03 2.110275379897259482e-03
2.227289551677114105e+03 2.081947475617545139e-03
2.231361379011075769e+03 2.054073146629941272e-03
2.235433206345037433e+03 2.026135852869307384e-03
2.239505033678999553e+03 1.997696145823884412e-03
2.243576861012961217e+03 1.968489974224831799e-03
2.247648688346922881e+03 1.938459546421312076e-03
2.251720515680885001e+03 1.907738200709353836e-03
2.255792343014846665e+03 1.876620816123132683e-03
2.259864170348808329e+03 1.845541383255790407e-03
2.263935997682770449e+03 1.815057985029949012e-03
2.268007825016732113e+03 1.785826387851862512e-03
2.272079652350694232e+03 1.758538478608679626e-03
2.276151479684655897e+03 1.733814813025440129e-03
2.280223307018617561e+03 1.712065840501017120e-03
2.284295134352579680e+03 1.693361456908568704e-03
2.288366961686541345e+03 1.677360148617109640e-03
2.292438789020503009e+03 1.663339311700096730e-03
2.296510616354465128e+03 1.650338677386598745e-03
2.300582443688426793e+03 1.637389261845523507e-03
2.304654271022388457e+03 1.623765756616655717e-03
2.308726098356350576e+03 1.609184514270118726e-03
2.312797925690312240e+03 1.593879529374336119e-03
2.316869753024273905e+03 1.578523134577832030e-03
2.320941580358236024e+03 1.564006069218846313e-03
2.325013407692197688e+03 1.551137760322774317e-03
2.329085235026159353e+03 1.540356895411475104e-03
2.333157062360121472e+03 1.531544516959810380e-03
2.337228889694083136e+03 1.524004990419725643e-03
2.341300717028044801e+03 1.516631244304889742e-03
2.345372544362006920e+03 1.508213637017336885e-03
2.349444371695968584e+03 1.497803828326190649e-03
2.353516199029930249e+03 1.485021563618296563e-03
2.357588026363892368e+03 1.470202339647685074e-03
2.361659853697854032e+03 1.454326891110158679e-03
2.365731681031815697e+03 1.438738381209890213e-03
2.369803508365777816e+03 1.424721273566538450e-03
2.373875335699739480e+03 1.413065621654149622e-03
2.377947163033701145e+03 1.403754504442523239e-03
2.382018990367663264e+03 1.395883332205432757e-03
2.386090817701624928e+03 1.387854065826176538e-03
2.390162645035586593e+03 1.377803924640025064e-03
2.394234472369548712e+03 1.364152899240753895e-03
2.398306299703510376e+03 1.346112051281390162e-03
2.402378127037472041e+03 1.324000094849113896e-03
2.406449954371434160e+03 1.299268727556645697e-03
2.410521781705395824e+03 1.274221583533536022e-03
2.414593609039357489e+03 1.251501017496410269e-03
2.418665436373319608e+03 1.233483171062868793e-03
2.422737263707281272e+03 1.221744831742108215e-03
2.426809091041242937e+03 1.216739875326396970e-03
2.430880918375205056e+03 1.217758785929106292e-03
2.434952745709166720e+03 1.223163644766864667e-03
2.439024573043128385e+03 1.230818442644511599e-03
2.443096400377090504e+03 1.238590994238953887e-03
2.447168227711052168e+03 1.244797453170727684e-03
2.451240055045013833e+03 1.248490094467633038e-03
2.455311882378975952e+03 1.249540465936651830e-03
2.459383709712937616e+03 1.248525919358585683e-03
2.463455537046899281e+03 1.246472580657662782e-03
2.467527364380861400e+03 1.244532812150192600e-03
2.471599191714823064e+03 1.243678297664240710e-03
2.475671019048784729e+03 1.244474995026562851e-03
2.479742846382746848e+03 1.246980210092529058e-03
2.483814673716708512e+03 1.250771984906146137e-03
2.487886501050670176e+03 1.255092541820744491e-03
2.491958328384632296e+03 1.259064833513403540e-03
2.496030155718593960e+03 1.261927437271805714e-03
2.500101983052555624e+03 1.263230495479460798e-03
2.504173810386517744e+03 1.262945358433699514e-03
2.508245637720479408e+03 1.261462015853521274e-03
2.512317465054441072e+03 1.259477173482800774e-03
2.516389292388403192e+03 1.257804845256386538e-03
2.520461119722364856e+03 1.257162199612951422e-03
2.524532947056326520e+03 1.257989248148172956e-03
2.528604774390288640e+03 1.260349297296275723e-03
2.532676601724250304e+03 1.263931315981361558e-03
2.536748429058211968e+03 1.268144120578155228e-03
2.540820256392174088e+03 1.272266391483983447e-03
2.544892083726135752e+03 1.275604935209555257e-03
2.548963911060097416e+03 1.277619653818810094e-03
2.553035738394059535e+03 1.277993696783440245e-03
2.557107565728021200e+03 1.276651968006416952e-03
2.561179393061982864e+03 1.273749567596643966e-03
2.565251220395944983e+03 1.269655962201360431e-03
2.569323047729906648e+03 1.264949445420329981e-03
2.573394875063868312e+03 1.260415912227646042e-03
2.577466702397830431e+03 1.257027120636840549e-03
2.581538529731792096e+03 1.255867422908469883e-03
2.585610357065753760e+03 1.257990212381316589e-03
2.589682184399715879e+03 1.264213492809100961e-03
2.593754011733677544e+03 1.274897461258173246e-03
2.597825839067639208e+03 1.289771147121564600e-03
2.601897666401601327e+03 1.307877293984364671e-03
2.605969493735562992e+03 1.327679839979999847e-03
2.610041321069524656e+03 1.347332201386176095e-03
2.614113148403486775e+03 1.365052056584127203e-03
2.618184975737448440e+03 1.379508460620818607e-03
2.622256803071410104e+03 1.390115639254395656e-03
2.626328630405372223e+03 1.397150786643422491e-03
2.630400457739333888e+03 1.401664127585486612e-03
2.634472285073295552e+03 1.405211309809585498e-03
2.638544112407257671e+03 1.409489398280699317e-03
2.642615939741219336e+03 1.415980637058055673e-03
2.646687767075181000e+03 1.425695575671123878e-03
2.650759594409143119e+03 1.439065286826177615e-03
2.654831421743104784e+03 1.455978209371252457e-03
2.658903249077066448e+03 1.475911648728501797e-03
2.662975076411028567e+03 1.498087838375018223e-03
2.667046903744990232e+03 1.521595492926274820e-03
2.671118731078951896e+03 1.545452752692341508e-03
2.675190558412914015e+03 1.568629346784981794e-03
2.679262385746875680e+03 1.590075142979466196e-03
2.683334213080837344e+03 1.608805131367190607e-03
2.687406040414799463e+03 1.624064959556316065e-03
2.691477867748761128e+03 1.635556689210206733e-03
2.695549695082722792e+03 1.643660318274880973e-03
2.699621522416684911e+03 1.649562614452708366e-03
2.703693349750646576e+03 1.655213678364919573e-03
2.707765177084608240e+03 1.663073816511346972e-03
2.711837004418570359e+03 1.675676347397601863e-03
2.715908831752532024e+03 1.695095029858623582e-03
2.719980659086493688e+03 1.722446045920267028e-03
2.724052486420455807e+03 1.757558768276718279e-03
2.728124313754417472e+03 1.798913664148507965e-03
2.732196141088379136e+03 1.843879258322484154e-03
2.736267968422341255e+03 1.889202270111466162e-03
2.740339795756302919e+03 1.931638376440096604e-03
2.744411623090264584e+03 1.968574522222431809e-03
2.748483450424226703e+03 1.998497304657111291e-03
2.752555277758188367e+03 2.021204178894930089e-03
2.756627105092150032e+03 2.037722822745992052e-03
2.760698932426112151e+03 2.049979655739663040e-03
2.764770759760073815e+03 2.060320296644909191e-03
2.768842587094035935e+03 2.071015855488865347e-03
2.772914414427997599e+03 2.083881388903993312e-03
2.776986241761959263e+03 2.100089784909209105e-03
2.781058069095921383e+03 2.120199469202727147e-03
2.785129896429883047e+03 2.144348001933859237e-03
2.789201723763844711e+03 2.172516762707046162e-03
2.793273551097806831e+03 2.204759182871670643e-03
2.797345378431768495e+03 2.241309666677492214e-03
2.801417205765730159e+03 2.282542769700824595e-03
2.805489033099692278e+03 2.328812731063944173e-03
2.809560860433653943e+03 2.380249388146310312e-03
2.813632687767615607e+03 2.436600601649456521e-03
2.817704515101577726e+03 2.497188685304877528e-03
2.821776342435539391e+03 2.560998731166884076e-03
2.825848169769501055e+03 2.626861052542792032e-03
2.829919997103463174e+03 2.693651971481054487e-03
2.833991824437424839e+03 2.760433525224033607e-03
2.838063651771386503e+03 2.826485553684131638e-03
2.842135479105348622e+03 2.891239191173397734e-03
2.846207306439310287e+03 2.954174313477784045e-03
2.850279133773271951e+03 3.014769617332022783e-03
2.854350961107234070e+03 3.072577754612683485e-03
2.858422788441195735e+03 3.127441994038662916e-03
2.862494615775157399e+03 3.179795826229314150e-03
2.866566443109119518e+03 3.230923994727173156e-03
2.870638270443081183e+03 3.283042358279404747e-03
2.874710097777042847e+03 3.339090641419765245e-03
2.878781925111004966e+03 3.402220829607684269e-03
2.882853752444966631e+03 3.475077636596207199e-03
2.886925579778928295e+03 3.559065958068682693e-03
2.890997407112890414e+03 3.653844062192512267e-03
2.895069234446852079e+03 3.757246241839115684e-03
2.899141061780813743e+03 3.865726102663721159e-03
2.903212889114775862e+03 3.975250747819387628e-03
2.907284716448737527e+03 4.082416761870290116e-03
2.911356543782699191e+03 4.185456915419929688e-03
2.915428371116661310e+03 4.284805083908523396e-03
2.919500198450622975e+03 4.382999918525490313e-03
2.923572025784584639e+03 4.483911060573057134e-03
2.927643853118546758e+03 4.591505622252109280e-03
2.931715680452508423e+03 4.708558201008398135e-03
2.935787507786470087e+03 4.835771556806233926e-03
2.939859335120432206e+03 4.971677290032014765e-03
2.943931162454393871e+03 5.113439823234124104e-03
2.948002989788355535e+03 5.258363066335755738e-03
2.952074817122317654e+03 5.405607153351281099e-03
2.956146644456279319e+03 5.557476215135471499e-03
2.960218471790240983e+03 5.719711694126332520e-03
2.964290299124203102e+03 5.900519828296557981e-03
2.968362126458164767e+03 6.108492820243105297e-03
2.972433953792126431e+03 6.350004066146876409e-03
2.976505781126088550e+03 6.626908546244321407e-03
2.980577608460050214e+03 6.935348260035471488e-03
2.984649435794011879e+03 7.266135618385616106e-03
2.988721263127973998e+03 7.606664919361185231e-03
2.992793090461935662e+03 7.943768275686134001e-03
2.996864917795897327e+03 8.266590963067336692e-03
3.000936745129859446e+03 8.568553756214269609e-03
3.005008572463821110e+03 8.847814544535766157e-03
3.009080399797782775e+03 9.106217079576794590e-03
3.013152227131744894e+03 9.347300807927453464e-03
3.017224054465706558e+03 9.574307187286062309e-03
3.021295881799668223e+03 9.789100086006603113e-03
3.025367709133630342e+03 9.992514448463813911e-03
3.029439536467592006e+03 1.018600989211795524e-02
3.033511363801553671e+03 1.037388847335474727e-02
3.037583191135515790e+03 1.056499535723127645e-02
3.041655018469477454e+03 1.077291224614097820e-02
3.045726845803439119e+03 1.101416256529109440e-02
3.049798673137401238e+03 1.130469354820871734e-02
3.053870500471362902e+03 1.165560376123112550e-02
3.057942327805324567e+03 1.206947569220448782e-02
3.062014155139286686e+03 1.253859715240941350e-02
3.066085982473248350e+03 1.304583078959638265e-02
3.070157809807210015e+03 1.356809865310674122e-02
3.074229637141172134e+03 1.408165860302981222e-02
3.078301464475133798e+03 1.456781817944105203e-02
3.082373291809095463e+03 1.501761266528876294e-02
3.086445119143057582e+03 1.543427431937146113e-02
3.090516946477019246e+03 1.583291531943354508e-02
3.094588773810980911e+03 1.623754417550389920e-02
3.098660601144943030e+03 1.667614528607700222e-02
3.102732428478904694e+03 1.717494557669433861e-02
3.106804255812866359e+03 1.775312182372267358e-02
3.110876083146828478e+03 1.841908171323998478e-02
3.114947910480790142e+03 1.916912701842545322e-02
3.119019737814751807e+03 1.998883249795779110e-02
3.123091565148713926e+03 2.085690871817437800e-02
3.127163392482675590e+03 2.175074102609700355e-02
3.131235219816637255e+03 2.265232472431650407e-02
3.135307047150599374e+03 2.355308788564214328e-02
3.139378874484561038e+03 2.445623212565940438e-02
3.143450701818522703e+03 2.537577395548891099e-02
3.147522529152484822e+03 2.633234960701167499e-02
3.151594356486446486e+03 2.734682728694649498e-02
3.155666183820408150e+03 2.843353655000104702e-02
3.159738011154370270e+03 2.959517726249434252e-02
3.163809838488331934e+03 3.082105541329147741e-02
3.167881665822293598e+03 3.208928424697867626e-02
3.171953493156255718e+03 3.337229481409696025e-02
3.176025320490217382e+03 3.464386840578023014e-02
3.180097147824179046e+03 3.588536044333322239e-02
3.184168975158141166e+03 3.708906427517352083e-02
3.188240802492102830e+03 3.825769719355644194e-02
3.192312629826064494e+03 3.940041996230651128e-02
3.196384457160026614e+03 4.052709785876988657e-02
3.200456284493988278e+03 4.164317999432450013e-02
3.204528111827949942e+03 4.274734514559618698e-02
3.208599939161912062e+03 4.383300418365441292e-02
3.212671766495873726e+03 4.489324609944839173e-02
3.216743593829835390e+03 4.592742376370931301e-02
3.220815421163797510e+03 4.694681490392360601e-02
3.224887248497759174e+03 4.797694752820898245e-02
3.228959075831720838e+03 4.905519631790041662e-02
3.233030903165682957e+03 5.022378013242011219e-02
3.237102730499644622e+03 5.151979910135996710e-02
3.241174557833606286e+03 5.296495095265749825e-02
3.245246385167568405e+03 5.455776653738133447e-02
3.249318212501530070e+03 5.627058933735025470e-02
3.253390039835491734e+03 5.805232965735640516e-02
3.257461867169453853e+03 5.983662667730370310e-02
3.261533694503415518e+03 6.155382346825659379e-02
3.265605521837377637e+03 6.314436041521767629e-02
3.269677349171339301e+03 6.457092210509962626e-02
3.273749176505300966e+03 6.582689898381109683e-02
3.277821003839263085e+03 6.693934523083611143e-02
3.281892831173224749e+03 6.796551526025207401e-02
3.285964658507186869e+03 6.898314347616632536e-02
3.290036485841148533e+03 7.007579158688292953e-02
3.294108313175110197e+03 7.131567935298721572e-02
3.298180140509072316e+03 7.274722970641663011e-02
3.302251967843033981e+03 7.437485134200380599e-02
3.306323795176996100e+03 7.615804251423727300e-02
3.310395622510956855e+03 7.801565933073090209e-02
3.314467449844919429e+03 7.983930095225859336e-02
3.318539277178881548e+03 8.151360862448110700e-02
3.322611104512842758e+03 8.293940202403703166e-02
3.326682931846805332e+03 8.405454116637972595e-02
3.330754759180766087e+03 8.484758942660060310e-02
3.334826586514728206e+03 8.536082869246433558e-02
3.338898413848690780e+03 8.568163328685796110e-02
3.342970241182651989e+03 8.592402793863584964e-02
3.347042068516613654e+03 8.620468033174183420e-02
3.351113895850575318e+03 8.661893813459504987e-02
3.355185723184537437e+03 8.722243018537120807e-02
3.359257550518499102e+03 8.802223644503873179e-02
3.363329377852461221e+03 8.897912018880767271e-02
3.367401205186422885e+03 9.001951404210772889e-02
3.371473032520384550e+03 9.105363091010085230e-02
3.375544859854346669e+03 9.199484353763309752e-02
3.379616687188308333e+03 9.277562012578299822e-02
3.383688514522270452e+03 9.335669198486115650e-02
3.387760341856232117e+03 9.372828573305340416e-02
3.391832169190193781e+03 9.390450593111829281e-02
3.395903996524154991e+03 9.391364823460265909e-02
3.399975823858117565e+03 9.378791370521930015e-02
3.404047651192079684e+03 9.355557251169357991e-02
3.408119478526040439e+03 9.323732987315587473e-02
3.412191305860003013e+03 9.284697204303986318e-02
3.416263133193964222e+03 9.239488983555850521e-02
3.420334960527926341e+03 9.189225729810432397e-02
3.424406787861888915e+03 9.135369560961578705e-02
3.428478615195849670e+03 9.079708204922004589e-02
3.432550442529811789e+03 9.024042094289827509e-02
3.436622269863773454e+03 8.969690810040684137e-02
3.440694097197735573e+03 8.917007031661894345e-02
3.444765924531697237e+03 8.865091254329612869e-02
3.448837751865658902e+03 8.811837584687071123e-02
3.452909579199621021e+03 8.754334418532982998e-02
3.456981406533582685e+03 8.689530718699405021e-02
3.461053233867544805e+03 8.614995059610236483e-02
3.465125061201506469e+03 8.529564296184513617e-02
3.469196888535468133e+03 8.433707055660069618e-02
3.473268715869430252e+03 8.329502267183282183e-02
3.477340543203391917e+03 8.220231488569573752e-02
3.481412370537354036e+03 8.109679791496587908e-02
3.485484197871315700e+03 8.001311411231967763e-02
3.489556025205277365e+03 7.897519089890861488e-02
3.493627852539239484e+03 7.799134379486279134e-02
3.497699679873201148e+03 7.705331979125044917e-02
3.501771507207163268e+03 7.613972953740415217e-02
3.505843334541124023e+03 7.522324484989642568e-02
3.509915161875086596e+03 7.427989210522850660e-02
3.513986989209048716e+03 7.329801422281037593e-02
3.518058816543009925e+03 7.228426093661918794e-02
3.522130643876972499e+03 7.126446794006875696e-02
3.526202471210933254e+03 7.027849347833950433e-02
3.530274298544895373e+03 6.936976048565640651e-02
3.534346125878857947e+03 6.857195988268630082e-02
3.538417953212819157e+03 6.789656399580250301e-02
3.542489780546780821e+03 6.732501251295855416e-02
3.546561607880742486e+03 6.680846038437146528e-02
3.550633435214704605e+03 6.627598707550604040e-02
3.554705262548666269e+03 6.564969765856565331e-02
3.558777089882628388e+03 6.486295792683929862e-02
3.562848917216590053e+03 6.387683217843118100e-02
3.566920744550551717e+03 6.269008060272099336e-02
3.570992571884513836e+03 6.133980566581553884e-02
3.575064399218475501e+03 5.989251110551248314e-02
3.579136226552437620e+03 5.842812003037527180e-02
3.583208053886399284e+03 5.702150481023757905e-02
3.587279881220360949e+03 5.572667659948301461e-02
3.591351708554322158e+03 5.456780028985190600e-02
3.595423535888284732e+03 5.353899494129923248e-02
3.599495363222246851e+03 5.261219198842539274e-02
3.603567190556207606e+03 5.175002055857379213e-02
3.607639017890170180e+03 5.091946689714843544e-02
3.611710845224131390e+03 5.010221618614067035e-02
3.615782672558093509e+03 4.929896707018802116e-02
3.619854499892056083e+03 4.852707452338469313e-02
3.623926327226016838e+03 4.781292375455617472e-02
3.627998154559978957e+03 4.718184593819750583e-02
3.632069981893940621e+03 4.664880630885447771e-02
3.636141809227902741e+03 4.621252519717208157e-02
3.640213636561864405e+03 4.585443096947690311e-02
3.644285463895826069e+03 4.554234929939027232e-02
3.648357291229788189e+03 4.523755813164320738e-02
3.652429118563749853e+03 4.490309425425921541e-02
3.656500945897711972e+03 4.451109498908632778e-02
3.660572773231673636e+03 4.404741746392210056e-02
3.664644600565635301e+03 4.351259581675044619e-02
3.668716427899597420e+03 4.291913099133245341e-02
3.672788255233559084e+03 4.228594310695688724e-02
3.676860082567521204e+03 4.163140056329221739e-02
3.680931909901482868e+03 4.096659158326632771e-02
3.685003737235444532e+03 4.029040399485166180e-02
3.689075564569406652e+03 3.958756192485492209e-02
3.693147391903368316e+03 3.883011568015298787e-02
3.697219219237330435e+03 3.798211865871596593e-02
3.701291046571291190e+03 3.700650889595674675e-02
3.705362873905253764e+03 3.587270367379706559e-02
3.709434701239215883e+03 3.456324058667432919e-02
3.713506528573177093e+03 3.307801169757053350e-02
3.717578355907139667e+03 3.143519598242301705e-02
3.721650183241100422e+03 2.966876280260560828e-02
3.725722010575062541e+03 2.782320016100027146e-02
3.729793837909025115e+03 2.594671672681263599e-02
3.733865665242986324e+03 2.408443116144457982e-02
3.737937492576947989e+03 2.227294647539772993e-02
3.742009319910909653e+03 2.053726661689674396e-02
3.746081147244871772e+03 1.889038540387101214e-02
3.750152974578833437e+03 1.733523909474959934e-02
3.754224801912795556e+03 1.586822264180563768e-02
3.758296629246757220e+03 1.448322826532410720e-02
3.762368456580718885e+03 1.317519915578239074e-02
3.766440283914681004e+03 1.194245470859728320e-02
3.770512111248642668e+03 1.078744184340567520e-02
3.774583938582604787e+03 9.715987467488005486e-03
3.778655765916566452e+03 8.735470025025971266e-03
3.782727593250528116e+03 7.852526224418969816e-03
3.786799420584490235e+03 7.070937480781876346e-03
3.790871247918451900e+03 6.390215265762172123e-03
3.794943075252414019e+03 5.805173205962855555e-03
3.799014902586375683e+03 5.306502291559305612e-03
3.803086729920337348e+03 4.882122124888366166e-03
3.807158557254298557e+03 4.518921011646355283e-03
3.811230384588261131e+03 4.204451290707929625e-03
3.815302211922223250e+03 3.928213233371441807e-03
3.819374039256184005e+03 3.682311762962257352e-03
3.823445866590146579e+03 3.461456333059451888e-03
3.827517693924107789e+03 3.262441999144517161e-03
3.831589521258069908e+03 3.083356221872990237e-03
3.835661348592032482e+03 2.922780561903949408e-03
3.839733175925993237e+03 2.779204297410768718e-03
3.843805003259955356e+03 2.650764403559873784e-03
3.847876830593917020e+03 2.535310007694925247e-03
3.851948657927879140e+03 2.430694073026718523e-03
3.856020485261840804e+03 2.335143525013639362e-03
3.860092312595802468e+03 2.247557985149749391e-03
3.864164139929764588e+03 2.167628608765696276e-03
3.868235967263726252e+03 2.095734689646387445e-03
3.872307794597688371e+03 2.032646187465761596e-03
3.876379621931650036e+03 1.979117005019711932e-03
3.880451449265611700e+03 1.935484073501117204e-03
3.884523276599573819e+03 1.901385331812873846e-03
3.888595103933535484e+03 1.875676898260980304e-03
3.892666931267497603e+03 1.856574435969351056e-03
3.896738758601459267e+03 1.841980111270525135e-03
3.900810585935420931e+03 1.829902241487316910e-03
3.904882413269383051e+03 1.818846415673289890e-03
3.908954240603344715e+03 1.808064932202408433e-03
3.913026067937306834e+03 1.797595325442818233e-03
3.917097895271267589e+03 1.788085703669658588e-03
3.921169722605230163e+03 1.780472571272787062e-03
3.925241549939192282e+03 1.775621952151024054e-03
3.929313377273153492e+03 1.774050456482001176e-03
3.933385204607116066e+03 1.775807245993774736e-03
3.937457031941076821e+03 1.780534411114157974e-03
3.941528859275038940e+03 1.787656819440106362e-03
3.945600686609001514e+03 1.796608893664750810e-03
3.949672513942962723e+03 1.807001325950953431e-03
3.953744341276924388e+03 1.818665334507315202e-03
3.957816168610886052e+03 1.831569393149822065e-03
3.961887995944848171e+03 1.845658115840617935e-03
3.965959823278809836e+03 1.860692046115257391e-03
3.970031650612771955e+03 1.876159655714388459e-03
3.974103477946733619e+03 1.891294793751215324e-03
3.978175305280695284e+03 1.905183570979222417e-03
3.982247132614657403e+03 1.916907829834340162e-03
3.986318959948619067e+03 1.925664626424506125e-03
3.990390787282581186e+03 1.930824554524080555e-03
3.994462614616542851e+03 1.931932872794120100e-03
3.998534441950504515e+03 1.928694014260233514e-03
