# IR  C(t) = <mu_dot(0).mu_dot(t)>  (dipole a.u.)
# wavenumber(cm^-1)   cosine transform of windowed C(t)
4.071827333961817175e+00 3.298847724432192336e-03
8.143654667923634349e+00 3.408876269965614453e-03
1.221548200188545152e+01 3.580332909989277813e-03
1.628730933584726870e+01 3.798175506191214801e-03
2.035913666980908587e+01 4.046101346748003438e-03
2.443096400377090305e+01 4.309482053853272432e-03
2.850279133773272022e+01 4.577298717034166027e-03
3.257461867169453740e+01 4.842696621954471932e-03
3.664644600565635812e+01 5.102282817846286872e-03
4.071827333961817175e+01 5.354687144627228931e-03
4.479010067357999247e+01 5.599062472991536699e-03
4.886192800754180610e+01 5.834087286730156932e-03
5.293375534150362682e+01 6.057737572354392717e-03
5.700558267546544045e+01 6.267761450326089084e-03
6.107741000942726117e+01 6.462556989578168917e-03
6.514923734338907479e+01 6.642091638372970078e-03
6.922106467735089552e+01 6.808591743564345634e-03
7.329289201131271625e+01 6.966886847379856647e-03
7.736471934527452277e+01 7.124415516281470961e-03
8.143654667923634349e+01 7.290927216265756169e-03
8.550837401319816422e+01 7.477857671461278152e-03
8.958020134715998495e+01 7.697282919033897330e-03
9.365202868112179146e+01 7.960357677510073587e-03
9.772385601508361219e+01 8.275269861180980721e-03
1.017956833490454329e+02 8.644977515737494247e-03
1.058675106830072536e+02 9.065247754554025400e-03
1.099393380169690602e+02 9.523663995852969452e-03
1.140111653509308809e+02 1.000020289537864940e-02
1.180829926848927016e+02 1.046967286827588627e-02
1.221548200188545223e+02 1.090581465072698597e-02
1.262266473528163289e+02 1.128633394885421824e-02
1.302984746867781496e+02 1.159774201530214960e-02
1.343703020207399561e+02 1.183876748907779393e-02
1.384421293547017910e+02 1.202133599400184889e-02
1.425139566886635976e+02 1.216865154307042972e-02
1.465857840226254325e+02 1.231062036142706317e-02
1.506576113565872390e+02 1.247754392951979339e-02
1.547294386905490455e+02 1.269348521285474686e-02
1.588012660245108805e+02 1.297084504554241874e-02
1.628730933584726870e+02 1.330742984549390835e-02
1.669449206924344935e+02 1.368670614336536806e-02
1.710167480263963284e+02 1.408117072292865146e-02
1.750885753603581350e+02 1.445801916144097074e-02
1.791604026943199699e+02 1.478577097065966219e-02
1.832322300282817764e+02 1.504034837248568665e-02
1.873040573622435829e+02 1.520934531585090184e-02
1.913758846962054179e+02 1.529377876398458659e-02
1.954477120301672244e+02 1.530730031529856962e-02
1.995195393641290309e+02 1.527343732078140573e-02
2.035913666980908658e+02 1.522174427520521858e-02
2.076631940320526724e+02 1.518370674119907775e-02
2.117350213660145073e+02 1.518892711958255010e-02
2.158068486999763138e+02 1.526172826108391015e-02
2.198786760339381203e+02 1.541806538329852996e-02
2.239505033678999553e+02 1.566269206284886389e-02
2.280223307018617618e+02 1.598687428511476327e-02
2.320941580358235683e+02 1.636740109385055597e-02
2.361659853697854032e+02 1.676790562575035393e-02
2.402378127037472098e+02 1.714331761853326447e-02
2.443096400377090447e+02 1.744752278889983785e-02
2.483814673716708512e+02 1.764317119916088139e-02
2.524532947056326577e+02 1.771145728032994665e-02
2.565251220395944642e+02 1.765908427087996280e-02
2.605969493735562992e+02 1.751990566241498279e-02
2.646687767075181341e+02 1.734998037304234450e-02
2.687406040414799122e+02 1.721667505453605002e-02
2.728124313754417472e+02 1.718437681814494883e-02
2.768842587094035821e+02 1.730063635399267316e-02
2.809560860433653602e+02 1.758663091127429801e-02
2.850279133773271951e+02 1.803461896516065505e-02
2.890997407112890301e+02 1.861293233303412675e-02
2.931715680452508650e+02 1.927674549898305417e-02
2.972433953792126431e+02 1.998117849792124118e-02
3.013152227131744780e+02 2.069279528394420836e-02
3.053870500471363130e+02 2.139636961918242597e-02
3.094588773810980911e+02 2.209554069329014783e-02
3.135307047150599260e+02 2.280799172350898157e-02
3.176025320490217609e+02 2.355734653417831254e-02
3.216743593829835390e+02 2.436462653258597566e-02
3.257461867169453740e+02 2.524177423928092301e-02
3.298180140509072089e+02 2.618872557533036272e-02
3.338898413848689870e+02 2.719428212527391642e-02
3.379616687188308219e+02 2.824002971072061413e-02
3.420334960527926569e+02 2.930598822733359449e-02
3.461053233867544918e+02 3.037653150717563311e-02
3.501771507207162699e+02 3.144521560441902036e-02
3.542489780546781049e+02 3.251735171980001116e-02
3.583208053886399398e+02 3.360944513350704738e-02
3.623926327226017179e+02 3.474511241525511662e-02
3.664644600565635528e+02 3.594790384252081333e-02
3.705362873905253878e+02 3.723254222276305148e-02
3.746081147244871659e+02 3.859712090240763338e-02
3.786799420584490008e+02 4.001926116734265404e-02
3.827517693924108357e+02 4.145862787660124088e-02
3.868235967263726138e+02 4.286639767677424828e-02
3.908954240603344488e+02 4.419967127527082984e-02
3.949672513942962837e+02 4.543634438913637247e-02
3.990390787282580618e+02 4.658473407127949883e-02
4.031109060622198967e+02 4.768314484672406955e-02
4.071827333961817317e+02 4.878764611407809121e-02
4.112545607301435666e+02 4.995075601910095586e-02
4.153263880641053447e+02 5.119787453315637060e-02
4.193982153980671796e+02 5.251040176551965977e-02
4.234700427320290146e+02 5.382332487795912779e-02
4.275418700659907927e+02 5.504065096998869006e-02
4.316136973999526276e+02 5.606573808613150856e-02
4.356855247339144626e+02 5.683760426289013318e-02
4.397573520678762407e+02 5.736104087033797039e-02
4.438291794018380756e+02 5.771931989346709702e-02
4.479010067357999105e+02 5.806342251210784566e-02
4.519728340697616886e+02 5.857936247461345558e-02
4.560446614037235236e+02 5.944262213290585350e-02
4.601164887376853585e+02 6.077323589983774782e-02
4.641883160716471366e+02 6.260497140720991394e-02
4.682601434056089715e+02 6.487741590031900762e-02
4.723319707395708065e+02 6.745231668766296651e-02
4.764037980735326414e+02 7.014799339976215964e-02
4.804756254074944195e+02 7.278069288312746798e-02
4.845474527414562544e+02 7.520093800063558376e-02
4.886192800754180894e+02 7.731611778012793812e-02
4.926911074093798675e+02 7.909616448146156165e-02
4.967629347433417024e+02 8.056480466885863889e-02
5.008347620773035374e+02 8.178246955828546993e-02
5.049065894112653154e+02 8.282752109438017152e-02
5.089784167452271504e+02 8.378041212654754877e-02
5.130502440791889285e+02 8.471223602053014334e-02
5.171220714131508203e+02 8.567659970960544991e-02
5.211938987471125984e+02 8.670306672657419889e-02
5.252657260810743765e+02 8.779164669519433362e-02
5.293375534150362682e+02 8.890995305573501373e-02
5.334093807489980463e+02 8.999617581301042057e-02
5.374812080829598244e+02 9.097066022266256380e-02
5.415530354169217162e+02 9.175633816625368422e-02
5.456248627508834943e+02 9.230439670108733785e-02
5.496966900848452724e+02 9.261809382762210829e-02
5.537685174188071642e+02 9.276632630607031804e-02
5.578403447527689423e+02 9.288043696780617919e-02
5.619121720867307204e+02 9.313253833471904497e-02
5.659839994206926121e+02 9.369975931462265484e-02
5.700558267546543902e+02 9.472401761124930875e-02
5.741276540886162820e+02 9.627910477882631324e-02
5.781994814225780601e+02 9.835502240426782783e-02
5.822713087565398382e+02 1.008641160926626590e-01
5.863431360905017300e+02 1.036664762220851493e-01
5.904149634244635081e+02 1.066058491460755431e-01
5.944867907584252862e+02 1.095441874409406324e-01
5.985586180923871780e+02 1.123840812316502791e-01
6.026304454263489561e+02 1.150732086711659385e-01
6.067022727603107342e+02 1.175917804905410591e-01
6.107741000942726259e+02 1.199301850299153427e-01
6.148459274282344040e+02 1.220673652775074586e-01
6.189177547621961821e+02 1.239596740273038594e-01
6.229895820961580739e+02 1.255453915357969130e-01
6.270614094301198520e+02 1.267634985517693269e-01
6.311332367640816301e+02 1.275791914684092920e-01
6.352050640980435219e+02 1.280053627491806179e-01
6.392768914320053000e+02 1.281101722312872893e-01
6.433487187659670781e+02 1.280056846361092016e-01
6.474205460999289699e+02 1.278196311224510939e-01
6.514923734338907479e+02 1.276590540883077995e-01
6.555642007678525260e+02 1.275783461317098744e-01
6.596360281018144178e+02 1.275634340445861714e-01
6.637078554357761959e+02 1.275386571906533262e-01
6.677796827697379740e+02 1.273949937565965196e-01
6.718515101036998658e+02 1.270305397753007104e-01
6.759233374376616439e+02 1.263894558691357195e-01
6.799951647716234220e+02 1.254858422510382876e-01
6.840669921055853138e+02 1.244042594806338692e-01
6.881388194395470919e+02 1.232770424829549294e-01
6.922106467735089836e+02 1.222470302606677578e-01
6.962824741074707617e+02 1.214295975832088426e-01
7.003543014414325398e+02 1.208878168300612510e-01
7.044261287753944316e+02 1.206291159940987567e-01
7.084979561093562097e+02 1.206229966996702208e-01
7.125697834433179878e+02 1.208307043918764034e-01
7.166416107772798796e+02 1.212327341332141983e-01
7.207134381112416577e+02 1.218408715824906008e-01
7.247852654452034358e+02 1.226879621577524060e-01
7.288570927791653276e+02 1.237982809055536704e-01
7.329289201131271057e+02 1.251503343730901163e-01
7.370007474470888837e+02 1.266483921456632022e-01
7.410725747810507755e+02 1.281169423267540519e-01
7.451444021150125536e+02 1.293241312670678766e-01
7.492162294489743317e+02 1.300291176358640000e-01
7.532880567829362235e+02 1.300385216807047328e-01
7.573598841168980016e+02 1.292527609587430237e-01
7.614317114508597797e+02 1.276859842124848654e-01
7.655035387848216715e+02 1.254526220577461548e-01
7.695753661187834496e+02 1.227257738647961338e-01
7.736471934527452277e+02 1.196830327763344082e-01
7.777190207867071194e+02 1.164598465330382998e-01
7.817908481206688975e+02 1.131273186269942388e-01
7.858626754546306756e+02 1.097016643806123515e-01
7.899345027885925674e+02 1.061800742824458577e-01
7.940063301225543455e+02 1.025872975790187575e-01
7.980781574565161236e+02 9.901283878185675180e-02
8.021499847904780154e+02 9.562192279736088374e-02
8.062218121244397935e+02 9.263306466378119775e-02
8.102936394584015716e+02 9.026752456968947791e-02
8.143654667923634634e+02 8.868653636508272431e-02
8.184372941263252415e+02 8.793716031457932125e-02
8.225091214602871332e+02 8.792528124582722759e-02
8.265809487942489113e+02 8.842565946466926508e-02
8.306527761282106894e+02 8.912719834791409113e-02
8.347246034621725812e+02 8.970077043607002643e-02
8.387964307961343593e+02 8.987051955021481409e-02
8.428682581300961374e+02 8.946929461048100385e-02
8.469400854640580292e+02 8.846439509144653213e-02
8.510119127980198073e+02 8.694895009508291084e-02
8.550837401319815854e+02 8.510395809566503877e-02
8.591555674659434771e+02 8.314341303269420780e-02
8.632273947999052552e+02 8.125820085801438442e-02
8.672992221338670333e+02 7.957315824611199684e-02
8.713710494678289251e+02 7.812674341151720769e-02
8.754428768017907032e+02 7.687592218399419419e-02
8.795147041357524813e+02 7.572210367266335451e-02
8.835865314697143731e+02 7.454895574522893420e-02
8.876583588036761512e+02 7.326073549715275690e-02
8.917301861376379293e+02 7.181065257383713318e-02
8.958020134715998211e+02 7.021227839458796249e-02
8.998738408055615992e+02 6.853208624626752621e-02
9.039456681395233772e+02 6.686649564498098330e-02
9.080174954734852690e+02 6.531091803496197334e-02
9.120893228074470471e+02 6.393018479388043462e-02
9.161611501414088252e+02 6.273890343323135221e-02
9.202329774753707170e+02 6.169701533994192966e-02
9.243048048093324951e+02 6.072112070680564522e-02
9.283766321432942732e+02 5.970744403705682130e-02
9.324484594772561650e+02 5.855908867745755059e-02
9.365202868112179431e+02 5.720944334659988639e-02
9.405921141451797212e+02 5.563541099721577149e-02
9.446639414791416129e+02 5.385780825338754019e-02
9.487357688131033910e+02 5.193049638035546894e-02
9.528075961470652828e+02 4.992309476402789770e-02
9.568794234810270609e+02 4.790344906756290044e-02
9.609512508149888390e+02 4.592510934309725068e-02
9.650230781489507308e+02 4.402248157984225974e-02
9.690949054829125089e+02 4.221317658723489075e-02
9.731667328168742870e+02 4.050461103215566294e-02
9.772385601508361788e+02 3.890094960195182583e-02
9.813103874847979569e+02 3.740717460052574161e-02
9.853822148187597350e+02 3.602892347340543033e-02
9.894540421527216267e+02 3.476884803770850796e-02
9.935258694866834048e+02 3.362173884911236199e-02
9.975976968206451829e+02 3.257101275345996444e-02
1.001669524154607075e+03 3.158840229614510997e-02
1.005741351488568853e+03 3.063728434271115880e-02
1.009813178822530631e+03 2.967870329189525175e-02
1.013885006156492523e+03 2.867832495486821037e-02
1.017956833490454301e+03 2.761251342009090476e-02
1.022028660824416079e+03 2.647230189086947558e-02
1.026100488158377857e+03 2.526484430317309585e-02
1.030172315492339749e+03 2.401258929371694745e-02
1.034244142826301641e+03 2.275069129718382960e-02
1.038315970160263305e+03 2.152309742739531850e-02
1.042387797494225197e+03 2.037754568848360731e-02
1.046459624828187088e+03 1.935963940519831727e-02
1.050531452162148753e+03 1.850636435087778253e-02
1.054603279496110645e+03 1.783982920592627405e-02
1.058675106830072536e+03 1.736241024761409069e-02
1.062746934164034201e+03 1.705459654225676552e-02
1.066818761497996093e+03 1.687649258616781209e-02
1.070890588831957984e+03 1.677316844690146524e-02
1.074962416165919649e+03 1.668307745777123513e-02
1.079034243499881541e+03 1.654791817745494831e-02
1.083106070833843432e+03 1.632189725072553943e-02
1.087177898167805097e+03 1.597849612511549611e-02
1.091249725501766989e+03 1.551349644960745705e-02
1.095321552835728880e+03 1.494394739844163641e-02
1.099393380169690545e+03 1.430366524997857790e-02
1.103465207503652437e+03 1.363648956090540362e-02
1.107537034837614328e+03 1.298875748537807982e-02
1.111608862171575993e+03 1.240232290633590424e-02
1.115680689505537885e+03 1.190907369714125363e-02
1.119752516839499776e+03 1.152745803800832997e-02
1.123824344173461441e+03 1.126115359668610622e-02
1.127896171507423333e+03 1.109976046590282518e-02
1.131967998841385224e+03 1.102125402767176535e-02
1.136039826175347116e+03 1.099583891599967625e-02
1.140111653509308780e+03 1.099074314731597959e-02
1.144183480843270672e+03 1.097536181781148985e-02
1.148255308177232564e+03 1.092603061556462335e-02
1.152327135511194228e+03 1.082964514402237274e-02
1.156398962845156120e+03 1.068541412097703119e-02
1.160470790179118012e+03 1.050428723950245710e-02
1.164542617513079676e+03 1.030602230615648707e-02
1.168614444847041568e+03 1.011437748529739333e-02
1.172686272181003460e+03 9.951406121474505248e-03
1.176758099514965124e+03 9.832145090725805808e-03
1.180829926848927016e+03 9.760998424958252512e-03
1.184901754182888908e+03 9.730772990973409614e-03
1.188973581516850572e+03 9.724673382948443440e-03
1.193045408850812464e+03 9.720766776172671750e-03
1.197117236184774356e+03 9.697714492925210705e-03
1.201189063518736020e+03 9.640167733860730698e-03
1.205260890852697912e+03 9.542294497835869527e-03
1.209332718186659804e+03 9.408454409509920888e-03
1.213404545520621468e+03 9.250916071581374162e-03
1.217476372854583360e+03 9.085441148540514614e-03
1.221548200188545252e+03 8.926229222641388766e-03
1.225620027522506916e+03 8.781892025470885293e-03
1.229691854856468808e+03 8.653735771857889308e-03
1.233763682190430700e+03 8.536806049907079419e-03
1.237835509524392364e+03 8.423179169515796622e-03
1.241907336858354256e+03 8.306210611992985438e-03
1.245979164192316148e+03 8.184148042520423411e-03
1.250050991526277812e+03 8.061784032940100958e-03
1.254122818860239704e+03 7.949554498119123375e-03
1.258194646194201596e+03 7.860409337325348703e-03
1.262266473528163260e+03 7.805557321926902097e-03
1.266338300862125152e+03 7.790547856973464511e-03
1.270410128196087044e+03 7.812989841901278945e-03
1.274481955530048708e+03 7.862609102491532193e-03
1.278553782864010600e+03 7.923549776724532132e-03
1.282625610197972492e+03 7.978125273352789162e-03
1.286697437531934156e+03 8.010856421315666609e-03
1.290769264865896048e+03 8.011691699085141810e-03
1.294841092199857940e+03 7.977714743522251045e-03
1.298912919533819604e+03 7.913211553639054596e-03
1.302984746867781496e+03 7.828461154680155937e-03
1.307056574201743388e+03 7.737855227243032631e-03
1.311128401535705052e+03 7.657895109825324682e-03
1.315200228869666944e+03 7.605344339681033294e-03
1.319272056203628836e+03 7.595505404769897079e-03
1.323343883537590500e+03 7.640420015996367623e-03
1.327415710871552392e+03 7.746864403868986872e-03
1.331487538205514284e+03 7.914299648689625960e-03
1.335559365539475948e+03 8.133297153376999739e-03
1.339631192873437840e+03 8.385188379876101078e-03
1.343703020207399732e+03 8.643616584531835928e-03
1.347774847541361396e+03 8.878243754808119725e-03
1.351846674875323288e+03 9.060190635910233409e-03
1.355918502209285180e+03 9.168093334599919375e-03
1.359990329543246844e+03 9.193223610163029844e-03
1.364062156877208736e+03 9.142153264593546810e-03
1.368133984211170628e+03 9.035998930105688595e-03
1.372205811545132292e+03 8.906220454005507950e-03
1.376277638879094184e+03 8.787968111815190955e-03
1.380349466213056076e+03 8.712734565494911071e-03
1.384421293547017967e+03 8.702297909223163236e-03
1.388493120880979632e+03 8.765552951598684639e-03
1.392564948214941523e+03 8.898944156531392660e-03
1.396636775548903415e+03 9.090128798804053556e-03
1.400708602882865080e+03 9.323566557297238017e-03
1.404780430216826971e+03 9.586239824445069377e-03
1.408852257550788863e+03 9.871784708190816521e-03
1.412924084884750528e+03 1.018189303133839978e-02
1.416995912218712419e+03 1.052471759350655928e-02
1.421067739552674311e+03 1.091089995231076838e-02
1.425139566886635976e+03 1.134849518220652602e-02
1.429211394220597867e+03 1.183833964601604255e-02
1.433283221554559759e+03 1.237125991163953373e-02
1.437355048888521424e+03 1.292801728455998667e-02
1.441426876222483315e+03 1.348215332232402183e-02
1.445498703556445207e+03 1.400511406032311709e-02
1.449570530890406872e+03 1.447236698809016911e-02
1.453642358224368763e+03 1.486886206987918582e-02
1.457714185558330655e+03 1.519226303594421734e-02
1.461786012892292320e+03 1.545293277829268633e-02
1.465857840226254211e+03 1.567059966391452439e-02
1.469929667560216103e+03 1.586870451423291750e-02
1.474001494894177767e+03 1.606826758288539339e-02
1.478073322228139659e+03 1.628337089041551056e-02
1.482145149562101551e+03 1.651984227472794858e-02
1.486216976896063215e+03 1.677756129857227788e-02
1.490288804230025107e+03 1.705539327176477590e-02
1.494360631563986999e+03 1.735667641365891065e-02
1.498432458897948663e+03 1.769294745447566597e-02
1.502504286231910555e+03 1.808437554150900406e-02
1.506576113565872447e+03 1.855690036638443091e-02
1.510647940899834111e+03 1.913765896564959337e-02
1.514719768233796003e+03 1.985114330532867025e-02
1.518791595567757895e+03 2.071813736406535184e-02
1.522863422901719559e+03 2.175790267210150897e-02
1.526935250235681451e+03 2.299202534780676530e-02
1.531007077569643343e+03 2.444689490191600395e-02
1.535078904903605007e+03 2.615191079931169713e-02
1.539150732237566899e+03 2.813249130849060711e-02
1.543222559571528791e+03 3.040011738993544238e-02
1.547294386905490455e+03 3.294451024383454607e-02
1.551366214239452347e+03 3.573394841472953692e-02
1.555438041573414239e+03 3.872764371587162496e-02
1.559509868907375903e+03 4.189927909610073609e-02
1.563581696241337795e+03 4.526497810565502378e-02
1.567653523575299687e+03 4.890474286433599271e-02
1.571725350909261351e+03 5.296619825980018043e-02
1.575797178243223243e+03 5.764435336069009819e-02
1.579869005577185135e+03 6.313991353750988966e-02
1.583940832911146799e+03 6.960827414649753409e-02
1.588012660245108691e+03 7.711755535887590551e-02
1.592084487579070583e+03 8.563349304274467388e-02
1.596156314913032247e+03 9.504066645007083758e-02
1.600228142246994139e+03 1.051956322580266390e-01
1.604299969580956031e+03 1.159930289811499649e-01
1.608371796914917695e+03 1.274166406091701287e-01
1.612443624248879587e+03 1.395484224195874257e-01
1.616515451582841479e+03 1.525207549269564367e-01
1.620587278916803143e+03 1.664174429873946370e-01
1.624659106250765035e+03 1.811503398655012476e-01
1.628730933584726927e+03 1.963528233176851101e-01
1.632802760918688818e+03 2.113323948860553192e-01
1.636874588252650483e+03 2.251105853676905466e-01
1.640946415586612375e+03 2.365528165710244490e-01
1.645018242920574266e+03 2.445620751758157407e-01
1.649090070254535931e+03 2.482880660085075020e-01
1.653161897588497823e+03 2.472958985397785969e-01
1.657233724922459714e+03 2.416484023779528478e-01
1.661305552256421379e+03 2.318808244100302451e-01
1.665377379590383271e+03 2.188777977851810164e-01
1.669449206924345162e+03 2.036897773001196676e-01
1.673521034258306827e+03 1.873408099574591090e-01
1.677592861592268719e+03 1.706773531958747370e-01
1.681664688926230610e+03 1.542905842562330987e-01
1.685736516260192275e+03 1.385190189897535784e-01
1.689808343594154167e+03 1.235134050599453470e-01
1.693880170928116058e+03 1.093298936204154803e-01
1.697951998262077723e+03 9.601474629326381405e-02
1.702023825596039615e+03 8.365361834038700928e-02
1.706095652930001506e+03 7.237580751820051062e-02
1.710167480263963171e+03 6.232173972860066691e-02
1.714239307597925063e+03 5.359403992021359586e-02
1.718311134931886954e+03 4.621537838973276136e-02
1.722382962265848619e+03 4.011025082566438416e-02
1.726454789599810510e+03 3.511647245855237243e-02
1.730526616933772402e+03 3.102040359446741474e-02
1.734598444267734067e+03 2.760212926578132012e-02
1.738670271601695958e+03 2.467520547246836865e-02
1.742742098935657850e+03 2.210973599476383569e-02
1.746813926269619515e+03 1.983497463922852255e-02
1.750885753603581406e+03 1.782509039087214198e-02
1.754957580937543298e+03 1.607650210946075936e-02
1.759029408271504963e+03 1.458609287490979581e-02
1.763101235605466854e+03 1.333712361402280069e-02
1.767173062939428746e+03 1.229540967875097403e-02
1.771244890273390411e+03 1.141422735891370333e-02
1.775316717607352302e+03 1.064389974528884633e-02
1.779388544941314194e+03 9.941558112698554994e-03
1.783460372275275859e+03 9.277776785869933096e-03
1.787532199609237750e+03 8.638723857135736581e-03
1.791604026943199642e+03 8.024240202537672589e-03
1.795675854277161307e+03 7.443301378698228415e-03
1.799747681611123198e+03 6.908550475885418159e-03
1.803819508945085090e+03 6.431276759338352272e-03
1.807891336279046754e+03 6.017714623736795249e-03
1.811963163613008646e+03 5.667098250118601799e-03
1.816034990946970538e+03 5.371588855032705286e-03
1.820106818280932202e+03 5.117923582823301690e-03
1.824178645614894094e+03 4.890343558556036613e-03
1.828250472948855986e+03 4.674061316155120500e-03
1.832322300282817650e+03 4.458342500502265188e-03
1.836394127616779542e+03 4.238342364193621419e-03
1.840465954950741434e+03 4.015206904577253710e-03
1.844537782284703098e+03 3.794524945896210390e-03
1.848609609618664990e+03 3.583780237398251616e-03
1.852681436952626882e+03 3.389760031527568659e-03
1.856753264286588546e+03 3.216791163962097466e-03
1.860825091620550438e+03 3.066239684837243889e-03
1.864896918954512330e+03 2.937133759161974795e-03
1.868968746288473994e+03 2.827323022078476709e-03
1.873040573622435886e+03 2.734470059360881791e-03
1.877112400956397778e+03 2.656410882388143564e-03
1.881184228290359442e+03 2.590871302679277708e-03
1.885256055624321334e+03 2.534936907295225715e-03
1.889327882958283226e+03 2.484828940312014140e-03
1.893399710292245118e+03 2.436361050131801223e-03
1.897471537626206782e+03 2.386043169305884434e-03
1.901543364960168674e+03 2.332380071373747407e-03
1.905615192294130566e+03 2.276709731983267860e-03
1.909687019628092230e+03 2.223056299827614723e-03
1.913758846962054122e+03 2.176882221371124332e-03
1.917830674296016014e+03 2.143121828331586484e-03
1.921902501629977678e+03 2.124228718968479944e-03
1.925974328963939570e+03 2.119006764823620770e-03
1.930046156297901462e+03 2.122702110872193119e-03
1.934117983631863126e+03 2.128343766127064555e-03
1.938189810965825018e+03 2.128847895340756080e-03
1.942261638299786910e+03 2.119140108021916758e-03
1.946333465633748574e+03 2.097589870957144477e-03
1.950405292967710466e+03 2.066345827574464934e-03
1.954477120301672358e+03 2.030564882153273500e-03
1.958548947635634022e+03 1.996872895792584004e-03
1.962620774969595914e+03 1.971565938753847870e-03
1.966692602303557805e+03 1.959037469629395546e-03
1.970764429637519470e+03 1.960761152221349342e-03
1.974836256971481362e+03 1.974968425894244907e-03
1.978908084305443253e+03 1.997009994643026906e-03
1.982979911639404918e+03 2.020302522066438986e-03
1.987051738973366810e+03 2.037708744778965117e-03
1.991123566307328701e+03 2.043140151931513090e-03
1.995195393641290366e+03 2.033092149212110348e-03
1.999267220975252258e+03 2.007753623932777547e-03
2.003339048309214149e+03 1.971338232306326949e-03
2.007410875643175814e+03 1.931416034834813455e-03
2.011482702977137706e+03 1.897281829932089860e-03
2.015554530311099597e+03 1.877711311615636730e-03
2.019626357645061262e+03 1.878708926261759985e-03
2.023698184979023154e+03 1.901924643034698338e-03
2.027770012312985045e+03 1.944253249848888060e-03
2.031841839646946710e+03 1.998766772895922954e-03
2.035913666980908602e+03 2.056693504200177332e-03
2.039985494314870493e+03 2.109810117688491055e-03
2.044057321648832158e+03 2.152490463281412324e-03
2.048129148982794050e+03 2.182801935098560055e-03
2.052200976316755714e+03 2.202396229862259129e-03
2.056272803650717833e+03 2.215363654163816573e-03
2.060344630984679497e+03 2.226547176766868665e-03
2.064416458318641162e+03 2.239930007486279177e-03
2.068488285652603281e+03 2.257595552685042525e-03
2.072560112986564945e+03 2.279481391738143528e-03
2.076631940320526610e+03 2.303835718680214469e-03
2.080703767654488729e+03 2.328060269704850319e-03
2.084775594988450393e+03 2.349560272459263154e-03
2.088847422322412058e+03 2.366315848319104978e-03
2.092919249656374177e+03 2.377073238590587338e-03
2.096991076990335841e+03 2.381234857831532672e-03
2.101062904324297506e+03 2.378628989350316334e-03
2.105134731658259625e+03 2.369335082063636459e-03
2.109206558992221289e+03 2.353653362788838289e-03
2.113278386326182954e+03 2.332194904499672317e-03
2.117350213660145073e+03 2.305989203797621616e-03
2.121422040994106737e+03 2.276494302009883682e-03
2.125493868328068402e+03 2.245446541163711833e-03
2.129565695662030521e+03 2.214570625023637787e-03
2.133637522995992185e+03 2.185242902123923740e-03
2.137709350329953850e+03 2.158229323157261157e-03
2.141781177663915969e+03 2.133595123316440675e-03
2.145853004997877633e+03 2.110820237371768306e-03
2.149924832331839298e+03 2.089080829525550784e-03
2.153996659665801417e+03 2.067601368383421498e-03
2.158068486999763081e+03 2.045961138492574834e-03
2.162140314333724746e+03 2.024257065741188761e-03
2.166212141667686865e+03 2.003072015358923607e-03
2.170283969001648529e+03 1.983258394395381267e-03
2.174355796335610194e+03 1.965603963030314576e-03
2.178427623669572313e+03 1.950485737180441756e-03
2.182499451003533977e+03 1.937628512500248886e-03
2.186571278337495642e+03 1.926062128765729502e-03
2.190643105671457761e+03 1.914318546795079623e-03
2.194714933005419425e+03 1.900837197711558553e-03
2.198786760339381090e+03 1.884474201060314146e-03
2.202858587673343209e+03 1.864961562182344997e-03
2.206930415007304873e+03 1.843156858143049333e-03
2.211002242341266538e+03 1.820970995809372776e-03
2.215074069675228657e+03 1.800952565355788638e-03
2.219145897009190321e+03 1.785616037453255627e-03
2.223217724343151986e+03 1.776691846129842788e-03
2.227289551677114105e+03 1.774516550401200165e-03
2.231361379011075769e+03 1.777753765760489496e-03
2.235433206345037433e+03 1.783547401613625513e-03
2.239505033678999553e+03 1.788085503043423995e-03
2.243576861012961217e+03 1.787434993880923162e-03
2.247648688346922881e+03 1.778431717911570275e-03
2.251720515680885001e+03 1.759398009845011216e-03
2.255792343014846665e+03 1.730511622854686779e-03
2.259864170348808329e+03 1.693745619718776702e-03
2.263935997682770449e+03 1.652408348827996611e-03
2.268007825016732113e+03 1.610405741749276884e-03
2.272079652350694232e+03 1.571404070386229817e-03
2.276151479684655897e+03 1.538082347043138879e-03
2.280223307018617561e+03 1.511633808910490314e-03
2.284295134352579680e+03 1.491616580587410042e-03
2.288366961686541345e+03 1.476178223639025133e-03
2.292438789020503009e+03 1.462600697604076166e-03
2.296510616354465128e+03 1.448043716144752427e-03
2.300582443688426793e+03 1.430317635790040801e-03
2.304654271022388457e+03 1.408502893351976006e-03
2.308726098356350576e+03 1.383258988077225565e-03
2.312797925690312240e+03 1.356731881674827674e-03
2.316869753024273905e+03 1.332063591615522281e-03
2.320941580358236024e+03 1.312610268019299541e-03
2.325013407692197688e+03 1.301057749442365800e-03
2.329085235026159353e+03 1.298661114571831188e-03
2.333157062360121472e+03 1.304812575420629360e-03
2.337228889694083136e+03 1.317062599156545912e-03
2.341300717028044801e+03 1.331602333939648809e-03
2.345372544362006920e+03 1.344093276297718843e-03
2.349444371695968584e+03 1.350637065329532167e-03
2.353516199029930249e+03 1.348640540043698037e-03
2.357588026363892368e+03 1.337358960697454611e-03
2.361659853697854032e+03 1.317985186446757589e-03
2.365731681031815697e+03 1.293270748658606906e-03
2.369803508365777816e+03 1.266784178572046872e-03
2.373875335699739480e+03 1.242001588950292137e-03
2.377947163033701145e+03 1.221462279174743634e-03
2.382018990367663264e+03 1.206199952069341146e-03
2.386090817701624928e+03 1.195585174398168960e-03
2.390162645035586593e+03 1.187607015389657242e-03
2.394234472369548712e+03 1.179509064652271844e-03
2.398306299703510376e+03 1.168605873267306635e-03
2.402378127037472041e+03 1.153062830576681488e-03
2.406449954371434160e+03 1.132436378320444970e-03
2.410521781705395824e+03 1.107838280376562991e-03
2.414593609039357489e+03 1.081689285754574344e-03
2.418665436373319608e+03 1.057136245137958730e-03
2.422737263707281272e+03 1.037292839698540289e-03
2.426809091041242937e+03 1.024504324157514065e-03
2.430880918375205056e+03 1.019821231631946878e-03
2.434952745709166720e+03 1.022802309771385365e-03
2.439024573043128385e+03 1.031673673540061710e-03
2.443096400377090504e+03 1.043777355966125572e-03
2.447168227711052168e+03 1.056174715360918073e-03
2.451240055045013833e+03 1.066245462794728274e-03
2.455311882378975952e+03 1.072144074416254977e-03
2.459383709712937616e+03 1.073030771988644008e-03
2.463455537046899281e+03 1.069063742325203348e-03
2.467527364380861400e+03 1.061200797690675657e-03
2.471599191714823064e+03 1.050895721382626852e-03
2.475671019048784729e+03 1.039780573107131761e-03
2.479742846382746848e+03 1.029404385208189388e-03
2.483814673716708512e+03 1.021062817648667187e-03
2.487886501050670176e+03 1.015716974115718485e-03
2.491958328384632296e+03 1.013974720697967402e-03
2.496030155718593960e+03 1.016100421418669741e-03
2.500101983052555624e+03 1.022027820933205100e-03
2.504173810386517744e+03 1.031368995493709556e-03
2.508245637720479408e+03 1.043430430046628221e-03
2.512317465054441072e+03 1.057256979471891956e-03
2.516389292388403192e+03 1.071721331955492046e-03
2.520461119722364856e+03 1.085661604686875142e-03
2.524532947056326520e+03 1.098048795468093211e-03
2.528604774390288640e+03 1.108147689524375396e-03
2.532676601724250304e+03 1.115627745347272728e-03
2.536748429058211968e+03 1.120589060620048871e-03
2.540820256392174088e+03 1.123491570408622145e-03
2.544892083726135752e+03 1.125006069657492891e-03
2.548963911060097416e+03 1.125832642179920573e-03
2.553035738394059535e+03 1.126544904735113373e-03
2.557107565728021200e+03 1.127510826984874648e-03
2.561179393061982864e+03 1.128913857706026480e-03
2.565251220395944983e+03 1.130860498215532223e-03
2.569323047729906648e+03 1.133526083090998643e-03
2.573394875063868312e+03 1.137272978527503753e-03
2.577466702397830431e+03 1.142682668992395234e-03
2.581538529731792096e+03 1.150473962733968014e-03
2.585610357065753760e+03 1.161323096687989775e-03
2.589682184399715879e+03 1.175641493405817778e-03
2.593754011733677544e+03 1.193387575377896984e-03
2.597825839067639208e+03 1.213981616381570178e-03
2.601897666401601327e+03 1.236359111317737389e-03
2.605969493735562992e+03 1.259150876451812714e-03
2.610041321069524656e+03 1.280934970621962210e-03
2.614113148403486775e+03 1.300483026264927580e-03
2.618184975737448440e+03 1.316930123519766474e-03
2.622256803071410104e+03 1.329829899522211312e-03
2.626328630405372223e+03 1.339101862492274309e-03
2.630400457739333888e+03 1.344917649651047528e-03
2.634472285073295552e+03 1.347591382760207623e-03
2.638544112407257671e+03 1.347529206774604471e-03
2.642615939741219336e+03 1.345258976030518777e-03
2.646687767075181000e+03 1.341517119699790414e-03
2.650759594409143119e+03 1.337334427887669659e-03
2.654831421743104784e+03 1.334051285968588380e-03
2.658903249077066448e+03 1.333212076147634491e-03
2.662975076411028567e+03 1.336332616224061333e-03
2.667046903744990232e+03 1.344588092645827501e-03
2.671118731078951896e+03 1.358511782204594245e-03
2.675190558412914015e+03 1.377809304522689855e-03
2.679262385746875680e+03 1.401370627917554196e-03
2.683334213080837344e+03 1.427506655870786761e-03
2.687406040414799463e+03 1.454365147155598902e-03
2.691477867748761128e+03 1.480415571592998310e-03
2.695549695082722792e+03 1.504857760120215538e-03
2.699621522416684911e+03 1.527820142729071230e-03
2.703693349750646576e+03 1.550270956359878303e-03
2.707765177084608240e+03 1.573654879171873609e-03
2.711837004418570359e+03 1.599360301202932795e-03
2.715908831752532024e+03 1.628186782970834868e-03
2.719980659086493688e+03 1.659992755523782533e-03
2.724052486420455807e+03 1.693651402116164379e-03
2.728124313754417472e+03 1.727341021803460372e-03
2.732196141088379136e+03 1.759077719840842265e-03
2.736267968422341255e+03 1.787305364452127215e-03
2.740339795756302919e+03 1.811327434993482586e-03
2.744411623090264584e+03 1.831414541154152264e-03
2.748483450424226703e+03 1.848537946436232043e-03
2.752555277758188367e+03 1.863823963278440432e-03
2.756627105092150032e+03 1.877942514724764613e-03
2.760698932426112151e+03 1.890686689090306880e-03
2.764770759760073815e+03 1.900945202195869661e-03
2.768842587094035935e+03 1.907129757640159840e-03
2.772914414427997599e+03 1.907942618664095142e-03
2.776986241761959263e+03 1.903222872079659341e-03
2.781058069095921383e+03 1.894552510856374649e-03
2.785129896429883047e+03 1.885363901560224188e-03
2.789201723763844711e+03 1.880452170512000257e-03
2.793273551097806831e+03 1.885002780172427518e-03
2.797345378431768495e+03 1.903419593564735068e-03
2.801417205765730159e+03 1.938315523659086062e-03
2.805489033099692278e+03 1.989976543099249671e-03
2.809560860433653943e+03 2.056449543390297292e-03
2.813632687767615607e+03 2.134196126913264283e-03
2.817704515101577726e+03 2.219075999905387696e-03
2.821776342435539391e+03 2.307339182374076609e-03
2.825848169769501055e+03 2.396340443172956941e-03
2.829919997103463174e+03 2.484819301383426986e-03
2.833991824437424839e+03 2.572755957275022192e-03
2.838063651771386503e+03 2.660949625210295988e-03
2.842135479105348622e+03 2.750522612397907594e-03
2.846207306439310287e+03 2.842521267635809978e-03
2.850279133773271951e+03 2.937692858156188032e-03
2.854350961107234070e+03 3.036416927203854175e-03
2.858422788441195735e+03 3.138708522464592025e-03
2.862494615775157399e+03 3.244210961209746322e-03
2.866566443109119518e+03 3.352145924376110329e-03
2.870638270443081183e+03 3.461252589749621265e-03
2.874710097777042847e+03 3.569785635213918156e-03
2.878781925111004966e+03 3.675632596148212250e-03
2.882853752444966631e+03 3.776561243125563412e-03
2.886925579778928295e+03 3.870547659365414922e-03
2.890997407112890414e+03 3.956100895952862836e-03
2.895069234446852079e+03 4.032509937660415551e-03
2.899141061780813743e+03 4.099985028992733996e-03
2.903212889114775862e+03 4.159716746639216534e-03
2.907284716448737527e+03 4.213896665652791529e-03
2.911356543782699191e+03 4.265715718406523291e-03
2.915428371116661310e+03 4.319295481248295460e-03
2.919500198450622975e+03 4.379456558332016358e-03
2.923572025784584639e+03 4.451234956073509517e-03
2.927643853118546758e+03 4.539144850019661594e-03
2.931715680452508423e+03 4.646331489087584740e-03
2.935787507786470087e+03 4.773894111123763717e-03
2.939859335120432206e+03 4.920702189628339829e-03
2.943931162454393871e+03 5.083922074485497031e-03
2.948002989788355535e+03 5.260222133435795561e-03
2.952074817122317654e+03 5.447315297701827048e-03
2.956146644456279319e+03 5.645261195497083308e-03
2.960218471790240983e+03 5.856913747507723304e-03
2.964290299124203102e+03 6.087124938283478004e-03
2.968362126458164767e+03 6.340754603960591269e-03
2.972433953792126431e+03 6.620038935163841294e-03
2.976505781126088550e+03 6.922234863589983578e-03
2.980577608460050214e+03 7.238511902059748503e-03
2.984649435794011879e+03 7.554743949288826414e-03
2.988721263127973998e+03 7.854244362359237910e-03
2.992793090461935662e+03 8.121796873587622950e-03
2.996864917795897327e+03 8.347820353095071130e-03
3.000936745129859446e+03 8.531372001590008247e-03
3.005008572463821110e+03 8.681008716342203044e-03
3.009080399797782775e+03 8.813188441861210393e-03
3.013152227131744894e+03 8.948668252748205945e-03
3.017224054465706558e+03 9.107967982517362407e-03
3.021295881799668223e+03 9.307207181734666879e-03
3.025367709133630342e+03 9.555423534862474144e-03
3.029439536467592006e+03 9.853940734749322417e-03
3.033511363801553671e+03 1.019768781695794616e-02
3.037583191135515790e+03 1.057782016807096159e-02
3.041655018469477454e+03 1.098472582623474803e-02
3.045726845803439119e+03 1.141056287511174432e-02
3.049798673137401238e+03 1.185078066699121919e-02
3.053870500471362902e+03 1.230447053121380349e-02
3.057942327805324567e+03 1.277371481214766881e-02
3.062014155139286686e+03 1.326226930351350961e-02
3.066085982473248350e+03 1.377392907957226617e-02
3.070157809807210015e+03 1.431086618081305051e-02
3.074229637141172134e+03 1.487217804767616489e-02
3.078301464475133798e+03 1.545289388111559768e-02
3.082373291809095463e+03 1.604372826634726731e-02
3.086445119143057582e+03 1.663186908909550579e-02
3.090516946477019246e+03 1.720295695049759918e-02
3.094588773810980911e+03 1.774412563643944923e-02
3.098660601144943030e+03 1.824758456226439896e-02
3.102732428478904694e+03 1.871386982315834460e-02
3.106804255812866359e+03 1.915373335078456724e-02
3.110876083146828478e+03 1.958779817366268841e-02
3.114947910480790142e+03 2.004359564852232004e-02
3.119019737814751807e+03 2.055030609816258652e-02
3.123091565148713926e+03 2.113224061570437989e-02
3.127163392482675590e+03 2.180259688391250616e-02
3.131235219816637255e+03 2.255912119344645819e-02
3.135307047150599374e+03 2.338295777460416489e-02
3.139378874484561038e+03 2.424124924383039975e-02
3.143450701818522703e+03 2.509316175223828133e-02
3.147522529152484822e+03 2.589818345134150407e-02
3.151594356486446486e+03 2.662499449735725512e-02
3.155666183820408150e+03 2.725905463996292077e-02
3.159738011154370270e+03 2.780731452617955096e-02
3.163809838488331934e+03 2.829904465258525903e-02
3.167881665822293598e+03 2.878254375953459565e-02
3.171953493156255718e+03 2.931826932367857103e-02
3.176025320490217382e+03 2.996957784526290552e-02
3.180097147824179046e+03 3.079266522874164747e-02
3.184168975158141166e+03 3.182740347611380527e-02
3.188240802492102830e+03 3.309057784087602455e-02
3.192312629826064494e+03 3.457258546545244338e-02
3.196384457160026614e+03 3.623804930092780485e-02
3.200456284493988278e+03 3.803014391930582827e-02
3.204528111827949942e+03 3.987784504834347710e-02
3.208599939161912062e+03 4.170490874924977914e-02
3.212671766495873726e+03 4.343922506532982286e-02
3.216743593829835390e+03 4.502128267405793027e-02
3.220815421163797510e+03 4.641077266270472734e-02
3.224887248497759174e+03 4.759075235442571106e-02
3.228959075831720838e+03 4.856917028200382486e-02
3.233030903165682957e+03 4.937782912267091318e-02
3.237102730499644622e+03 5.006899649802266927e-02
3.241174557833606286e+03 5.070989368484420112e-02
3.245246385167568405e+03 5.137528665843724140e-02
3.249318212501530070e+03 5.213848273953448909e-02
3.253390039835491734e+03 5.306128310303652451e-02
3.257461867169453853e+03 5.418386472738744714e-02
3.261533694503415518e+03 5.551606866373223759e-02
3.265605521837377637e+03 5.703196103463493288e-02
3.269677349171339301e+03 5.866956833064479460e-02
3.273749176505300966e+03 6.033716824711887750e-02
3.277821003839263085e+03 6.192637797512830222e-02
3.281892831173224749e+03 6.333067134048264712e-02
3.285964658507186414e+03 6.446624577172395398e-02
3.290036485841148533e+03 6.529087210420647658e-02
3.294108313175110197e+03 6.581601624576147169e-02
3.298180140509071862e+03 6.610845086101482804e-02
3.302251967843033981e+03 6.627974907232292434e-02
3.306323795176995645e+03 6.646501812792446340e-02
3.310395622510957310e+03 6.679519198383164491e-02
3.314467449844919429e+03 6.736924051253592727e-02
3.318539277178881093e+03 6.823303945885239585e-02
3.322611104512842758e+03 6.937012002221490392e-02
3.326682931846804877e+03 7.070643665404877098e-02
3.330754759180766541e+03 7.212755922865524139e-02
3.334826586514728206e+03 7.350347747279144250e-02
3.338898413848690325e+03 7.471452382963830741e-02
3.342970241182651989e+03 7.567227316250546565e-02
3.347042068516613654e+03 7.633143660561070298e-02
3.351113895850575773e+03 7.669185697233130150e-02
3.355185723184537437e+03 7.679255003272404678e-02
3.359257550518499102e+03 7.670130274925204827e-02
3.363329377852461221e+03 7.650320636611170066e-02
3.367401205186422885e+03 7.629000558690771094e-02
3.371473032520384550e+03 7.615023521314126520e-02
3.375544859854346669e+03 7.615892066657051207e-02
3.379616687188308333e+03 7.636590408623213089e-02
3.383688514522269998e+03 7.678361984028934939e-02
3.387760341856232117e+03 7.737753754263740347e-02
3.391832169190193781e+03 7.806415508582939533e-02
3.395903996524155446e+03 7.872109040739523611e-02
3.399975823858117565e+03 7.921095942198680406e-02
3.404047651192079229e+03 7.941593658468099060e-02
3.408119478526040893e+03 7.927482232727332823e-02
3.412191305860003013e+03 7.881122472960672143e-02
3.416263133193964677e+03 7.814186788478821866e-02
3.420334960527926341e+03 7.745864770906857322e-02
3.424406787861888461e+03 7.698584400436254971e-02
3.428478615195850125e+03 7.692243324389683168e-02
3.432550442529811789e+03 7.738568097521984768e-02
3.436622269863773909e+03 7.837358144279049643e-02
3.440694097197735573e+03 7.975924266869718893e-02
3.444765924531697237e+03 8.132102724282502804e-02
3.448837751865659357e+03 8.280101648821366900e-02
3.452909579199621021e+03 8.397492504232881294e-02
3.456981406533582685e+03 8.471228569157110422e-02
3.461053233867544805e+03 8.500823532848214570e-02
3.465125061201506469e+03 8.497693645548344554e-02
3.469196888535468133e+03 8.480878483139088486e-02
3.473268715869430252e+03 8.470508421865299842e-02
3.477340543203391917e+03 8.481097945249846393e-02
3.481412370537353581e+03 8.516778907438932178e-02
3.485484197871315700e+03 8.569942066629832045e-02
3.489556025205277365e+03 8.623651600988013755e-02
3.493627852539239029e+03 8.657006042382846267e-02
3.497699679873201148e+03 8.651727816090815093e-02
3.501771507207162813e+03 8.597946492778966998e-02
3.505843334541124477e+03 8.497471678163753817e-02
3.509915161875086596e+03 8.363689263135962171e-02
3.513986989209048261e+03 8.218263409525564112e-02
3.518058816543009925e+03 8.085743087163045628e-02
3.522130643876972044e+03 7.987682731010817272e-02
3.526202471210933709e+03 7.937871909691981975e-02
3.530274298544895373e+03 7.939788168346115227e-02
3.534346125878857492e+03 7.986641800967439475e-02
3.538417953212819157e+03 8.063633279432924628e-02
3.542489780546780821e+03 8.151522814171785480e-02
3.546561607880742940e+03 8.230441733356132217e-02
3.550633435214704605e+03 8.283048979257130739e-02
3.554705262548666269e+03 8.296533175078513178e-02
3.558777089882628388e+03 8.263406964528519083e-02
3.562848917216590053e+03 8.181375774200383422e-02
3.566920744550551717e+03 8.052697477667189463e-02
3.570992571884513836e+03 7.883384475270716063e-02
3.575064399218475501e+03 7.682414785547167502e-02
3.579136226552437165e+03 7.460928272376540771e-02
3.583208053886399284e+03 7.231286126206698528e-02
3.587279881220360949e+03 7.005908054249763983e-02
3.591351708554322613e+03 6.795944634108708193e-02
3.595423535888284732e+03 6.610011257493224324e-02
3.599495363222246397e+03 6.453309615049959702e-02
3.603567190556208061e+03 6.327426233369257136e-02
3.607639017890170180e+03 6.230918552914391229e-02
3.611710845224131845e+03 6.160536431014891623e-02
3.615782672558093509e+03 6.112683358830732494e-02
3.619854499892055628e+03 6.084602093975777226e-02
3.623926327226017293e+03 6.074837212628503291e-02
3.627998154559978957e+03 6.082774916466011927e-02
3.632069981893941076e+03 6.107408204404384672e-02
3.636141809227902741e+03 6.145797414001472753e-02
3.640213636561864405e+03 6.191867027683041480e-02
3.644285463895826524e+03 6.236123522494244065e-02
3.648357291229788189e+03 6.266600680795286760e-02
3.652429118563749853e+03 6.270925753279180115e-02
3.656500945897711972e+03 6.238993333090925297e-02
3.660572773231673636e+03 6.165478267309294075e-02
3.664644600565635301e+03 6.051409592522380421e-02
3.668716427899597420e+03 5.904274886777908377e-02
3.672788255233559084e+03 5.736549869193575957e-02
3.676860082567520749e+03 5.563011444029571095e-02
3.680931909901482868e+03 5.397542046738866561e-02
3.685003737235444532e+03 5.250259144569782710e-02
3.689075564569406197e+03 5.125674679436020842e-02
3.693147391903368316e+03 5.022259841751410686e-02
3.697219219237329980e+03 4.933378244781501387e-02
3.701291046571291645e+03 4.849191039079495114e-02
3.705362873905253764e+03 4.758936818507510103e-02
3.709434701239215428e+03 4.652989986735109329e-02
3.713506528573177093e+03 4.524274650711962442e-02
3.717578355907139212e+03 4.368874794924007543e-02
3.721650183241100876e+03 4.185935283919415412e-02
3.725722010575062541e+03 3.977111850001813220e-02
3.729793837909024660e+03 3.745866932943635319e-02
3.733865665242986324e+03 3.496838191596222944e-02
3.737937492576947989e+03 3.235380102681855580e-02
3.742009319910910108e+03 2.967258721617237541e-02
3.746081147244871772e+03 2.698411849983669078e-02
3.750152974578833437e+03 2.434686541322611877e-02
3.754224801912795556e+03 2.181516428782265607e-02
3.758296629246757220e+03 1.943567319430274803e-02
3.762368456580718885e+03 1.724425239579536334e-02
3.766440283914681004e+03 1.526406482148332140e-02
3.770512111248642668e+03 1.350535938667591501e-02
3.774583938582604787e+03 1.196687462576338790e-02
3.778655765916566452e+03 1.063833716012482430e-02
3.782727593250528116e+03 9.503320041945956254e-03
3.786799420584490235e+03 8.541819123971436389e-03
3.790871247918451900e+03 7.732207134470335530e-03
3.794943075252413564e+03 7.052562910649798691e-03
3.799014902586375683e+03 6.481589666047328675e-03
3.803086729920337348e+03 5.999360914100431222e-03
3.807158557254299012e+03 5.588003423192382420e-03
3.811230384588261131e+03 5.232254224696409467e-03
3.815302211922222796e+03 4.919730474697125121e-03
3.819374039256184460e+03 4.640788034059064454e-03
3.823445866590146579e+03 4.387994599998881404e-03
3.827517693924108244e+03 4.155418226011203808e-03
3.831589521258069908e+03 3.938029427678009335e-03
3.835661348592032027e+03 3.731472715832706913e-03
3.839733175925993692e+03 3.532291890438298519e-03
3.843805003259955356e+03 3.338470014152967492e-03
3.847876830593917475e+03 3.149974617051954501e-03
3.851948657927879140e+03 2.968962754019734140e-03
3.856020485261840804e+03 2.799418649744826217e-03
3.860092312595802923e+03 2.646218952850047657e-03
3.864164139929764588e+03 2.513852440944003112e-03
3.868235967263726252e+03 2.405166611743150308e-03
3.872307794597688371e+03 2.320517431355085571e-03
3.876379621931650036e+03 2.257565902557063381e-03
3.880451449265611700e+03 2.211754781880797757e-03
3.884523276599573819e+03 2.177293476059515009e-03
3.888595103933535484e+03 2.148349754445580146e-03
3.892666931267497148e+03 2.120126348323423445e-03
3.896738758601459267e+03 2.089577416809606375e-03
3.900810585935420931e+03 2.055651511772543100e-03
3.904882413269382596e+03 2.019082971578905605e-03
3.908954240603344715e+03 1.981854099535365968e-03
3.913026067937306379e+03 1.946500127342994102e-03
3.917097895271268044e+03 1.915431831158052531e-03
3.921169722605230163e+03 1.890420247378286553e-03
3.925241549939191827e+03 1.872336959705082817e-03
3.929313377273153492e+03 1.861179826515362359e-03
3.933385204607115611e+03 1.856343943710339790e-03
3.937457031941077275e+03 1.857031440243113105e-03
3.941528859275038940e+03 1.862648712939619401e-03
3.945600686609001059e+03 1.873035933880287662e-03
3.949672513942962723e+03 1.888423389883531027e-03
3.953744341276924388e+03 1.909106172939157610e-03
3.957816168610886507e+03 1.934944119263352739e-03
3.961887995944848171e+03 1.964883647150872555e-03
3.965959823278809836e+03 1.996720285523785176e-03
3.970031650612771955e+03 2.027255365850261053e-03
3.974103477946733619e+03 2.052862841057628406e-03
3.978175305280695284e+03 2.070321192818900136e-03
3.982247132614657403e+03 2.077645484514955860e-03
3.986318959948619067e+03 2.074629437183504385e-03
3.990390787282580732e+03 2.062895044808603362e-03
3.994462614616542851e+03 2.045419510914450213e-03
3.998534441950504515e+03 2.025700673296683234e-03
