# wavenumber(cm^-1)  intensity (aniso, normalized to max 1)
1.138694200000000052e+02 3.871574310397926655e-02
1.179550274193838675e+02 4.024127217517575045e-02
1.220406348387677440e+02 4.095438040592542378e-02
1.261262422581516063e+02 4.149355546187393634e-02
1.302118496775354686e+02 4.235701402210035466e-02
1.342974570969193451e+02 4.509802051807298290e-02
1.383830645163032216e+02 4.658748715635439158e-02
1.424686719356870697e+02 4.760898173715580328e-02
1.465542793550709462e+02 4.883134323899495505e-02
1.506398867744548227e+02 5.008469881921729511e-02
1.547254941938386992e+02 5.104148594122782240e-02
1.588111016132225473e+02 5.167930555700194634e-02
1.628967090326064238e+02 5.222973745993501199e-02
1.669823164519903003e+02 5.258213806919792566e-02
1.710679238713741483e+02 5.264526857839784552e-02
1.751535312907580249e+02 5.257275588156712365e-02
1.792391387101419014e+02 5.242455028590645855e-02
1.833247461295257494e+02 5.220832407857051161e-02
1.874103535489096259e+02 5.148027018089620932e-02
1.914959609682935024e+02 5.029904575823371943e-02
1.955815683876773505e+02 4.943374233911723009e-02
1.996671758070612270e+02 4.863012108943898237e-02
2.037527832264451035e+02 4.770168806576599585e-02
2.078383906458289516e+02 4.660417071854456444e-02
2.119239980652128281e+02 4.516265000512705713e-02
2.160096054845967046e+02 4.279981325321438601e-02
2.200952129039805527e+02 4.128122446879705504e-02
2.241808203233644292e+02 4.015545157618141681e-02
2.282664277427483057e+02 3.909241565234097132e-02
2.323520351621321538e+02 3.781098660147796942e-02
2.364376425815160303e+02 3.630236164139366561e-02
2.405232500008999068e+02 3.485218631187859961e-02
2.446088574202837549e+02 3.365083130853114418e-02
2.486944648396676598e+02 3.255880408576335150e-02
2.527800722590515079e+02 3.155430678103064018e-02
2.568656796784353560e+02 3.062642340574173866e-02
2.609512870978192609e+02 2.976103141848041034e-02
2.650368945172031090e+02 2.894613043126007326e-02
2.691225019365869571e+02 2.819037323912735454e-02
2.732081093559708620e+02 2.750366054105603947e-02
2.772937167753547101e+02 2.688838276428683755e-02
2.813793241947385582e+02 2.631490619920903370e-02
2.854649316141224631e+02 2.577965883667445585e-02
2.895505390335063112e+02 2.528343712428356149e-02
2.936361464528901593e+02 2.482703750963677694e-02
2.977217538722740642e+02 2.441110692761008436e-02
3.018073612916579123e+02 2.398945649692488594e-02
3.058929687110417603e+02 2.355165538973223033e-02
3.099785761304256653e+02 2.313663611114918570e-02
3.140641835498095134e+02 2.278333116629282715e-02
3.181497909691933614e+02 2.253067306028022979e-02
3.222353983885772664e+02 2.241759429822845831e-02
3.263210058079611144e+02 2.242896643328112782e-02
3.304066132273449625e+02 2.247834237803579202e-02
3.344922206467288675e+02 2.255651241510851779e-02
3.385778280661127155e+02 2.265621833738854993e-02
3.426634354854965636e+02 2.277020193776514018e-02
3.467490429048804685e+02 2.289120500912750558e-02
3.508346503242643166e+02 2.301196934436490482e-02
3.549202577436482215e+02 2.313768792526217991e-02
3.590058651630320696e+02 2.328513521573689557e-02
3.630914725824159177e+02 2.345084752394221983e-02
3.671770800017998226e+02 2.363094652014889260e-02
3.712626874211836707e+02 2.382155387462765034e-02
3.753482948405675188e+02 2.401879125764923642e-02
3.794339022599513669e+02 2.422486338321095181e-02
3.835195096793352718e+02 2.446328239290595716e-02
3.876051170987191199e+02 2.472488623517546044e-02
3.916907245181029680e+02 2.499569495238090217e-02
3.957763319374868729e+02 2.526172858688368814e-02
3.998619393568707210e+02 2.550900718104524498e-02
4.039475467762545691e+02 2.572355077722699931e-02
4.080331541956384740e+02 2.589740951509041100e-02
4.121187616150223221e+02 2.605563311204385502e-02
4.162043690344061702e+02 2.620337050241729193e-02
4.202899764537900751e+02 2.634119350812734114e-02
4.243755838731739232e+02 2.646967395109062898e-02
4.284611912925577712e+02 2.658938365322376443e-02
4.325467987119416762e+02 2.670089443644336688e-02
4.366324061313255243e+02 2.680477812266605225e-02
4.407180135507094292e+02 2.690170064491074348e-02
4.448036209700932773e+02 2.699904066843764744e-02
4.488892283894771253e+02 2.709913888844108637e-02
4.529748358088610303e+02 2.719913988467502139e-02
4.570604432282448784e+02 2.729618823689343443e-02
4.611460506476287264e+02 2.738742852485029008e-02
4.652316580670126314e+02 2.747000532829957029e-02
4.693172654863964794e+02 2.754106322699523962e-02
4.734028729057803275e+02 2.759774680069127309e-02
4.774884803251642325e+02 2.763720062914165262e-02
4.815740877445480805e+02 2.765656929210033588e-02
4.856596951639319286e+02 2.765726751826061425e-02
4.897453025833158335e+02 2.765301897017116012e-02
4.938309100026996816e+02 2.764555746888146953e-02
4.979165174220835297e+02 2.763537036622779053e-02
5.020021248414674346e+02 2.762294501404635727e-02
5.060877322608512827e+02 2.760876876417341433e-02
5.101733396802351308e+02 2.759332896844520627e-02
5.142589470996190357e+02 2.757711297869797074e-02
5.183445545190029407e+02 2.756060814676794882e-02
5.224301619383867319e+02 2.754430182449138509e-02
5.265157693577706368e+02 2.752868136370451718e-02
5.306013767771545417e+02 2.751423411624359314e-02
5.346869841965383330e+02 2.750144743394485405e-02
5.387725916159222379e+02 2.749068972269839636e-02
5.428581990353061428e+02 2.748113456528369566e-02
5.469438064546899341e+02 2.747241087361556450e-02
5.510294138740738390e+02 2.746438188233046168e-02
5.551150212934577439e+02 2.745691082606481481e-02
5.592006287128415352e+02 2.744986093945506883e-02
5.632862361322254401e+02 2.744309545713765827e-02
5.673718435516093450e+02 2.743647761374902808e-02
5.714574509709931363e+02 2.742987064392561625e-02
5.755430583903770412e+02 2.742313778230386079e-02
5.796286658097609461e+02 2.741614226352020664e-02
5.837142732291448510e+02 2.740874732221108487e-02
5.877998806485286423e+02 2.740081619301294735e-02
5.918854880679125472e+02 2.739221211056222516e-02
5.959710954872964521e+02 2.738279830949536323e-02
6.000567029066802434e+02 2.737243802444879956e-02
6.041423103260641483e+02 2.736099449005897216e-02
6.082279177454480532e+02 2.734833094096232251e-02
6.123135251648318444e+02 2.733431061179529553e-02
6.163991325842157494e+02 2.731778507113931734e-02
6.204847400035996543e+02 2.729432686625610921e-02
6.245703474229834455e+02 2.726387852281150076e-02
6.286559548423673505e+02 2.722695635230925129e-02
6.327415622617511417e+02 2.718407666625312705e-02
6.368271696811350466e+02 2.713575577614690468e-02
6.409127771005189516e+02 2.708250999349435043e-02
6.449983845199027428e+02 2.702485562979922359e-02
6.490839919392866477e+02 2.696330899656530430e-02
6.531695993586705526e+02 2.689838640529635880e-02
6.572552067780543439e+02 2.683060416749615332e-02
6.613408141974382488e+02 2.676047859466845757e-02
6.654264216168221537e+02 2.668852599831703434e-02
6.695120290362059450e+02 2.661526268994566027e-02
6.735976364555898499e+02 2.654120498105810855e-02
6.776832438749737548e+02 2.646686918315813500e-02
6.817688512943575461e+02 2.639277160774951975e-02
6.858544587137414510e+02 2.631942856633602557e-02
6.899400661331253559e+02 2.624735637042141523e-02
6.940256735525091472e+02 2.617490728467068012e-02
6.981112809718930521e+02 2.609782552492705479e-02
7.021968883912769570e+02 2.601657637201378742e-02
7.062824958106607482e+02 2.593180618494153947e-02
7.103681032300446532e+02 2.584416132272096198e-02
7.144537106494285581e+02 2.575428814436273028e-02
7.185393180688123493e+02 2.566283300887749891e-02
7.226249254881962543e+02 2.557044227527592931e-02
7.267105329075801592e+02 2.547776230256868640e-02
7.307961403269639504e+02 2.538543944976643166e-02
7.348817477463478554e+02 2.529412007587982653e-02
7.389673551657317603e+02 2.520445053991952900e-02
7.430529625851155515e+02 2.511719579670778843e-02
7.471385700044994564e+02 2.503480340558094860e-02
7.512241774238833614e+02 2.495637293634997075e-02
7.553097848432671526e+02 2.487971133818613415e-02
7.593953922626510575e+02 2.480262556026070764e-02
7.634809996820349625e+02 2.472292255174496009e-02
7.675666071014188674e+02 2.463840926181017424e-02
7.716522145208026586e+02 2.454689263962762935e-02
7.757378219401865636e+02 2.444617963436858041e-02
7.798234293595704685e+02 2.433384111192946411e-02
7.839090367789542597e+02 2.420181367453652643e-02
7.879946441983381646e+02 2.404936970557564752e-02
7.920802516177220696e+02 2.387972476674665029e-02
7.961658590371058608e+02 2.369609441974937503e-02
8.002514664564897657e+02 2.350169422628362731e-02
8.043370738758736707e+02 2.329973974804923700e-02
8.084226812952574619e+02 2.309344654674602704e-02
8.125082887146413668e+02 2.288603018407382381e-02
8.165938961340252717e+02 2.268070622173245024e-02
8.206795035534090630e+02 2.248069022142173273e-02
8.247651109727929679e+02 2.228919774484148728e-02
8.288507183921768728e+02 2.210941152629448611e-02
8.329363258115606641e+02 2.194109530049348847e-02
8.370219332309445690e+02 2.177842748499402015e-02
8.411075406503284739e+02 2.161510574481196462e-02
8.451931480697122652e+02 2.144482774496320882e-02
8.492787554890961701e+02 2.126129115046360499e-02
8.533643629084800750e+02 2.105778944960592231e-02
8.574499703278638663e+02 2.081446531199811212e-02
8.615355777472477712e+02 2.053515264892361372e-02
8.656211851666316761e+02 2.023659305260589597e-02
8.697067925860154674e+02 1.993552811526841384e-02
8.737924000053993723e+02 1.964869942913462925e-02
8.778780074247832772e+02 1.939284858642799023e-02
8.819636148441670684e+02 1.918349626691353768e-02
8.860492222635509734e+02 1.900373873639454869e-02
8.901348296829348783e+02 1.884005586156019610e-02
8.942204371023186695e+02 1.868892954477663002e-02
8.983060445217025745e+02 1.854684168841000402e-02
9.023916519410864794e+02 1.841027419482647171e-02
9.064772593604702706e+02 1.827570896639218664e-02
9.105628667798541755e+02 1.813962790547331283e-02
9.146484741992380805e+02 1.799851291443598997e-02
9.187340816186218717e+02 1.784780031587333490e-02
9.228196890380057766e+02 1.768656337083069838e-02
9.269052964573896816e+02 1.751797993505714232e-02
9.309909038767734728e+02 1.734524824999621531e-02
9.350765112961573777e+02 1.717156655709145899e-02
9.391621187155412827e+02 1.700013309778640805e-02
9.432477261349250739e+02 1.683414611352461107e-02
9.473333335543089788e+02 1.667680384574959929e-02
9.514189409736928837e+02 1.653130453590492127e-02
9.555045483930766750e+02 1.640084642543411866e-02
9.595901558124605799e+02 1.628862775578072616e-02
9.636757632318444848e+02 1.619784676838829235e-02
9.677613706512282761e+02 1.613170170470035192e-02
9.718469780706121810e+02 1.608642554128537558e-02
9.759325854899960859e+02 1.604420195855447637e-02
9.800181929093798772e+02 1.600422316165608580e-02
9.841038003287637821e+02 1.596682211307286214e-02
9.881894077481476870e+02 1.593233177528746020e-02
9.922750151675314783e+02 1.590108511078253822e-02
9.963606225869153832e+02 1.587341508204075449e-02
1.000446230006299288e+03 1.584965465154476033e-02
1.004531837425683079e+03 1.583013678177722094e-02
1.008617444845066984e+03 1.581519443522078419e-02
1.012703052264450889e+03 1.580516057435811528e-02
1.016788659683834680e+03 1.580036816167186553e-02
1.020874267103218585e+03 1.579905837878516073e-02
1.024959874522602604e+03 1.579788908928259419e-02
1.029045481941986282e+03 1.579680733072174117e-02
1.033131089361370186e+03 1.579581250445236812e-02
1.037216696780754091e+03 1.579490401182425882e-02
1.041302304200137996e+03 1.579408125418718667e-02
1.045387911619521901e+03 1.579334363289092505e-02
1.049473519038905806e+03 1.579269054928525776e-02
1.053559126458289711e+03 1.579212140471995124e-02
1.057644733877673389e+03 1.579163560054479276e-02
1.061730341297057294e+03 1.579123253810955571e-02
1.065815948716441198e+03 1.579091161876401000e-02
1.069901556135825103e+03 1.579067224385793944e-02
1.073987163555209008e+03 1.579051381474111393e-02
1.078072770974592913e+03 1.579043573276331727e-02
1.082158378393976591e+03 1.579364992810027013e-02
1.086243985813360496e+03 1.581611218837887523e-02
1.090329593232744401e+03 1.585612772322537306e-02
1.094415200652128306e+03 1.590911768665860190e-02
1.098500808071512211e+03 1.597050323269741390e-02
1.102586415490896115e+03 1.603570551536064384e-02
1.106672022910279793e+03 1.610014568866712653e-02
1.110757630329663698e+03 1.615924490663572452e-02
1.114843237749047603e+03 1.620842432328526914e-02
1.118928845168431508e+03 1.624310509263459865e-02
1.123014452587815413e+03 1.626366775448302021e-02
1.127100060007199318e+03 1.628045296705204342e-02
1.131185667426582995e+03 1.629461129847189702e-02
1.135271274845966900e+03 1.630677703571598372e-02
1.139356882265350805e+03 1.631758446575769933e-02
1.143442489684734710e+03 1.632766787557044311e-02
1.147528097104118388e+03 1.633766155212761084e-02
1.151613704523502292e+03 1.634819978240260180e-02
1.155699311942886197e+03 1.635991685336881871e-02
1.159784919362270102e+03 1.637344705199965736e-02
1.163870526781654007e+03 1.638942466526851702e-02
1.167956134201037912e+03 1.640880462974341272e-02
1.172041741620421817e+03 1.643296074673982962e-02
1.176127349039805495e+03 1.646117902461030277e-02
1.180212956459189400e+03 1.649253997825796472e-02
1.184298563878573304e+03 1.652612412258593413e-02
1.188384171297957209e+03 1.656101197249733661e-02
1.192469778717341114e+03 1.659628404289529430e-02
1.196555386136725019e+03 1.663102084868292932e-02
1.200640993556108697e+03 1.666430290476336729e-02
1.204726600975492602e+03 1.669521072603973033e-02
1.208812208394876507e+03 1.672644284149815003e-02
1.212897815814260412e+03 1.676199402830982899e-02
1.216983423233644316e+03 1.679717447412465772e-02
1.221069030653028221e+03 1.682708419783866469e-02
1.225154638072411899e+03 1.684682321834786445e-02
1.229240245491795804e+03 1.685200324213271747e-02
1.233325852911179709e+03 1.685186452529016318e-02
1.237411460330563614e+03 1.685153968374232189e-02
1.241497067749947519e+03 1.685103291109734530e-02
1.245582675169331424e+03 1.685034840096338166e-02
1.249668282588715101e+03 1.684949034694857919e-02
1.253753890008099006e+03 1.684846294266108269e-02
1.257839497427482911e+03 1.684682895285811999e-02
1.261925104846866816e+03 1.683631522356184365e-02
1.266010712266250721e+03 1.681619904350867972e-02
1.270096319685634626e+03 1.678966972939013869e-02
1.274181927105018303e+03 1.675991659789773797e-02
1.278267534524402208e+03 1.673012896572296723e-02
1.282353141943786113e+03 1.670349614955734738e-02
1.286438749363170018e+03 1.668288826935785188e-02
1.290524356782553923e+03 1.666518767463439840e-02
1.294609964201937828e+03 1.664855675796738516e-02
1.298695571621321506e+03 1.663278977370595199e-02
1.302781179040705410e+03 1.661768097619924223e-02
1.306866786460089315e+03 1.660302461979639918e-02
1.310952393879473220e+03 1.658861495884656617e-02
1.315038001298857125e+03 1.657424624769888305e-02
1.319123608718241030e+03 1.655971274070249660e-02
1.323209216137624708e+03 1.654480869220654321e-02
1.327294823557008613e+03 1.652932835656017313e-02
1.331380430976392518e+03 1.651230268033483661e-02
1.335466038395776422e+03 1.649279824353872340e-02
1.339551645815160327e+03 1.647177319850167895e-02
1.343637253234544232e+03 1.645022134412207557e-02
1.347722860653927910e+03 1.642913647929829940e-02
1.351808468073311815e+03 1.640951240292872274e-02
1.355894075492695720e+03 1.639234291391171786e-02
1.359979682912079625e+03 1.637862181114566745e-02
1.364065290331463530e+03 1.636934289352894728e-02
1.368150897750847435e+03 1.636548184781215845e-02
1.372236505170231112e+03 1.636425993345157898e-02
1.376322112589615017e+03 1.636313706361806550e-02
1.380407720008998922e+03 1.636211278810223088e-02
1.384493327428382827e+03 1.636118665669468106e-02
1.388578934847766732e+03 1.636035821918603236e-02
1.392664542267150637e+03 1.635962702536689767e-02
1.396750149686534314e+03 1.635899262502787596e-02
1.400835757105918219e+03 1.635845456795959399e-02
1.404921364525302124e+03 1.635801240395265421e-02
1.409006971944686029e+03 1.635766568279767297e-02
1.413092579364069934e+03 1.635741395428525619e-02
1.417178186783453839e+03 1.635725676820601326e-02
1.421263794202837744e+03 1.635719367435056748e-02
1.425349401622221421e+03 1.636137910173393259e-02
1.429435009041605326e+03 1.637698802482513705e-02
1.433520616460989231e+03 1.640305864418287185e-02
1.437606223880373136e+03 1.643844148474599490e-02
1.441691831299757041e+03 1.648198707145336755e-02
1.445777438719140946e+03 1.653254592924384772e-02
1.449863046138524624e+03 1.658896858305629676e-02
1.453948653557908528e+03 1.665010555782957258e-02
1.458034260977292433e+03 1.671480737850254000e-02
1.462119868396676338e+03 1.678192457001405347e-02
1.466205475816060243e+03 1.685030765730297780e-02
1.470291083235444148e+03 1.691880716530816745e-02
1.474376690654827826e+03 1.698649082509352121e-02
1.478462298074211731e+03 1.705727954715786573e-02
1.482547905493595636e+03 1.713380611277947468e-02
1.486633512912979540e+03 1.721712204825339917e-02
1.490719120332363445e+03 1.730827887987469380e-02
1.494804727751747350e+03 1.740832813393842354e-02
1.498890335171131028e+03 1.751832133673962913e-02
1.502975942590514933e+03 1.763931001457338596e-02
1.507061550009898838e+03 1.777234569373474168e-02
1.511147157429282743e+03 1.791865764512434039e-02
1.515232764848666648e+03 1.808729440366357508e-02
1.519318372268050553e+03 1.828365728734595436e-02
1.523403979687434230e+03 1.850884477252091181e-02
1.527489587106818135e+03 1.876395533553790879e-02
1.531575194526202040e+03 1.905008745274638232e-02
1.535660801945585945e+03 1.936833960049576253e-02
1.539746409364969850e+03 1.971981025513549340e-02
1.543832016784353755e+03 2.010559789301501199e-02
1.547917624203737432e+03 2.052680099048373452e-02
1.552003231623121337e+03 2.099774180656930472e-02
1.556088839042505242e+03 2.167119278021857262e-02
1.560174446461889147e+03 2.252312902333860820e-02
1.564260053881273052e+03 2.346732494258377266e-02
1.568345661300656957e+03 2.441755494460842030e-02
1.572431268720040634e+03 2.529259655063046189e-02
1.576516876139424539e+03 2.610857706208637857e-02
1.580602483558808444e+03 2.691708512932717429e-02
1.584688090978192349e+03 2.775936755097506425e-02
1.588773698397576254e+03 2.867667112565226717e-02
1.592859305816960159e+03 2.971350980180654730e-02
1.596944913236343837e+03 3.092455140892964166e-02
1.601030520655727742e+03 3.227650633909161237e-02
1.605116128075111646e+03 3.376451037011684447e-02
1.609201735494495551e+03 3.549249952685320370e-02
1.613287342913879456e+03 3.695838505869403212e-02
1.617372950333263361e+03 3.806756293473092384e-02
1.621458557752647039e+03 3.905465771419303761e-02
1.625544165172030944e+03 4.010552381613306794e-02
1.629629772591414849e+03 4.151423375274328892e-02
1.633715380010798754e+03 4.266467387297089020e-02
1.637800987430182658e+03 4.328217179771425005e-02
1.641886594849566563e+03 4.367363582488530821e-02
1.645972202268950241e+03 4.374577216004199576e-02
1.650057809688334146e+03 4.373567723177863159e-02
1.654143417107718051e+03 4.370748155530623097e-02
1.658229024527101956e+03 4.365355612103680172e-02
1.662314631946485861e+03 4.317481231421303051e-02
1.666400239365869766e+03 4.071972203520581729e-02
1.670485846785253443e+03 3.941715193275269896e-02
1.674571454204637348e+03 3.839765712679150261e-02
1.678657061624021253e+03 3.758153890586351381e-02
1.682742669043405158e+03 3.683895164165425923e-02
1.686828276462789063e+03 3.602403942536995529e-02
1.690913883882172968e+03 3.525588731214695376e-02
1.694999491301556873e+03 3.449744819032141835e-02
1.699085098720940550e+03 3.353835891087533772e-02
1.703170706140324455e+03 3.215967931491332116e-02
1.707256313559708360e+03 2.896974354519078754e-02
1.711341920979092265e+03 2.575303786765242853e-02
1.715427528398476170e+03 2.383228664598623439e-02
1.719513135817860075e+03 2.271881070313240200e-02
1.723598743237243752e+03 2.188284773306335348e-02
1.727684350656627657e+03 2.113376941064301628e-02
1.731769958076011562e+03 2.030188576649343685e-02
1.735855565495395467e+03 1.945630350273601025e-02
1.739941172914779372e+03 1.864574568785370284e-02
1.744026780334163277e+03 1.788449677196803783e-02
1.748112387753546955e+03 1.718372702452058629e-02
1.752197995172930860e+03 1.650992338541105303e-02
1.756283602592314764e+03 1.586149470859512384e-02
1.760369210011698669e+03 1.525319784061594797e-02
1.764454817431082574e+03 1.469978962801668683e-02
1.768540424850466479e+03 1.421602691734048796e-02
1.772626032269850157e+03 1.379461707713591431e-02
1.776711639689234062e+03 1.339921064788676328e-02
1.780797247108617967e+03 1.302972085266069537e-02
1.784882854528001872e+03 1.268715466607413071e-02
1.788968461947385777e+03 1.237251906274348945e-02
1.793054069366769681e+03 1.208682101728519170e-02
1.797139676786153359e+03 1.183106750431567322e-02
1.801225284205537264e+03 1.160548638797275628e-02
1.805310891624921169e+03 1.138771052059718049e-02
1.809396499044305074e+03 1.116938806331531538e-02
1.813482106463688979e+03 1.095365254922863775e-02
1.817567713883072884e+03 1.074363751143862268e-02
1.821653321302456561e+03 1.054247648304676606e-02
1.825738928721840466e+03 1.035330299715451520e-02
1.829824536141224371e+03 1.017925058686335905e-02
1.833910143560608276e+03 1.002345278527478484e-02
1.837995750979992181e+03 9.889043125490257213e-03
1.842081358399376086e+03 9.779155140611263397e-03
1.846166965818759763e+03 9.696922363739276726e-03
1.850252573238143668e+03 9.645478327975770538e-03
1.854338180657527573e+03 9.627956047848364174e-03
1.858423788076911478e+03 9.643139906650173565e-03
1.862509395496295383e+03 9.685166188175008822e-03
1.866595002915679288e+03 9.749959853348985975e-03
1.870680610335062966e+03 9.833445863098217582e-03
1.874766217754446870e+03 9.931549178348838755e-03
1.878851825173830775e+03 1.004019476002696552e-02
1.882937432593214680e+03 1.015530756905871392e-02
1.887023040012598585e+03 1.027281256637020863e-02
1.891108647431982490e+03 1.038863471288756744e-02
1.895194254851366168e+03 1.051067718321487161e-02
1.899279862270750073e+03 1.065145668076709212e-02
1.903365469690133978e+03 1.080823350840312037e-02
1.907451077109517882e+03 1.097819538919604654e-02
1.911536684528901787e+03 1.115853004621896079e-02
1.915622291948285692e+03 1.134642520254496023e-02
1.919707899367669370e+03 1.153906858124712290e-02
1.923793506787053275e+03 1.173364790539856324e-02
1.927879114206437180e+03 1.192735089807235582e-02
1.931964721625821085e+03 1.211744825478103423e-02
1.936050329045204990e+03 1.230864742327935149e-02
1.940135936464588895e+03 1.250461526169932905e-02
1.944221543883972572e+03 1.270479245766877735e-02
1.948307151303356477e+03 1.290861969881553113e-02
1.952392758722740382e+03 1.311553767276739391e-02
1.956478366142124287e+03 1.332498706715218133e-02
1.960563973561508192e+03 1.353640856959770558e-02
1.964649580980892097e+03 1.374924286773178579e-02
1.968735188400276002e+03 1.396293064918223588e-02
1.972820795819659679e+03 1.417691260157685762e-02
1.976906403239043584e+03 1.439062941254348922e-02
1.980992010658427489e+03 1.460185157189995003e-02
1.985077618077811394e+03 1.480925747185972766e-02
1.989163225497195299e+03 1.501503559333884630e-02
1.993248832916579204e+03 1.522139952876051978e-02
1.997334440335962881e+03 1.543056287054794459e-02
2.001420047755346786e+03 1.564473921112436230e-02
2.005505655174730691e+03 1.586614214291297634e-02
2.009591262594114596e+03 1.609698525833699878e-02
2.013676870013498501e+03 1.633948214981964173e-02
2.017762477432882406e+03 1.659587392696479022e-02
2.021848084852266084e+03 1.687214013228044082e-02
2.025933692271649988e+03 1.716893069802776645e-02
2.030019299691033893e+03 1.748238837105771035e-02
2.034104907110417798e+03 1.780865589822123313e-02
2.038190514529801703e+03 1.814387602636928498e-02
2.042276121949185608e+03 1.848419150235282651e-02
2.046361729368569286e+03 1.882574507302279404e-02
2.050447336787953191e+03 1.916798904817303140e-02
2.054532944207337096e+03 1.954148747821821477e-02
2.058618551626721001e+03 1.993493135647128600e-02
2.062704159046104905e+03 2.032337597304700177e-02
2.066789766465488810e+03 2.068187661806010144e-02
2.070875373884872715e+03 2.098548858162534517e-02
2.074960981304256620e+03 2.123554859318668372e-02
2.079046588723640525e+03 2.148690862239970370e-02
2.083132196143024430e+03 2.173193316595120952e-02
2.087217803562408335e+03 2.195882267044487260e-02
2.091303410981792240e+03 2.215577758248436779e-02
2.095389018401175690e+03 2.231099834867335610e-02
2.099474625820559595e+03 2.241268541561554709e-02
2.103560233239943500e+03 2.244903957610057399e-02
2.107645840659327405e+03 2.244465670222749870e-02
2.111731448078711310e+03 2.243228612864580848e-02
2.115817055498095215e+03 2.241300812939920131e-02
2.119902662917479120e+03 2.238790297853137864e-02
2.123988270336863025e+03 2.235805095008603846e-02
2.128073877756246929e+03 2.232453231810688568e-02
2.132159485175630834e+03 2.228841240677678984e-02
2.136245092595014739e+03 2.223764035884034235e-02
2.140330700014398644e+03 2.216382136765119790e-02
2.144416307433782094e+03 2.207096330416816882e-02
2.148501914853165999e+03 2.196307403935004315e-02
2.152587522272549904e+03 2.184416144415564365e-02
2.156673129691933809e+03 2.171823338954378263e-02
2.160758737111317714e+03 2.158929774647326202e-02
2.164844344530701619e+03 2.145993351520574660e-02
2.168929951950085524e+03 2.131917860830999378e-02
2.173015559369469429e+03 2.116525308987266679e-02
2.177101166788853334e+03 2.099989815612279820e-02
2.181186774208236784e+03 2.082485500328943792e-02
2.185272381627620689e+03 2.064186482760158384e-02
2.189357989047004594e+03 2.045266882528828933e-02
2.193443596466388499e+03 2.025900819257857657e-02
2.197529203885772404e+03 2.006262412570149548e-02
2.201614811305156309e+03 1.986525782088606820e-02
2.205700418724540214e+03 1.966783483582270828e-02
2.209786026143924119e+03 1.946817484933656417e-02
2.213871633563308023e+03 1.926510880274310417e-02
2.217957240982691928e+03 1.905761916180667356e-02
2.222042848402075833e+03 1.884468839229160378e-02
2.226128455821459738e+03 1.862529895996224358e-02
2.230214063240843643e+03 1.839843333058292091e-02
2.234299670660227093e+03 1.816307396991800188e-02
2.238385278079610998e+03 1.791820334373177281e-02
2.242470885498994903e+03 1.766280391778859982e-02
2.246556492918378808e+03 1.739364172912823830e-02
2.250642100337762713e+03 1.707674784218051953e-02
2.254727707757146618e+03 1.672699985725965496e-02
2.258813315176530523e+03 1.637863037809133074e-02
2.262898922595914428e+03 1.606587200840123644e-02
2.266984530015298333e+03 1.581641407315595091e-02
2.271070137434682238e+03 1.559885054661403272e-02
2.275155744854066143e+03 1.540007939388424174e-02
2.279241352273450048e+03 1.521643963130317641e-02
2.283326959692833498e+03 1.504427027520746120e-02
2.287412567112217403e+03 1.487991034193365987e-02
2.291498174531601308e+03 1.471969884781839516e-02
2.295583781950985212e+03 1.455997480919827246e-02
2.299669389370369117e+03 1.439707724240989022e-02
2.303754996789753022e+03 1.422734516378985729e-02
2.307840604209136927e+03 1.404712935950970694e-02
2.311926211628520832e+03 1.388173757426676078e-02
2.316011819047904737e+03 1.374766403810842759e-02
2.320097426467288642e+03 1.363150820929833265e-02
2.324183033886672547e+03 1.351986954610009777e-02
2.328268641306056452e+03 1.339934750677734300e-02
2.332354248725439902e+03 1.325654154959370577e-02
2.336439856144823807e+03 1.307805113281277840e-02
2.340525463564207712e+03 1.285047571469819655e-02
2.344611070983591617e+03 1.256041475351358030e-02
2.348696678402975522e+03 1.219446770752255320e-02
2.352782285822359427e+03 1.070578058811527851e-02
2.356867893241743332e+03 6.222295423265012532e-03
2.360953500661127237e+03 3.221264454299382126e-03
2.365039108080511141e+03 3.195076759082498934e-03
2.369124715499895046e+03 3.195076759082499367e-03
2.373210322919278951e+03 3.195076759082501536e-03
2.377295930338662856e+03 3.195076759082503270e-03
2.381381537758046306e+03 3.195076759082506306e-03
2.385467145177430211e+03 3.195076759082508908e-03
2.389552752596814116e+03 3.195076759082512811e-03
2.393638360016198021e+03 3.195076759082517148e-03
2.397723967435581926e+03 3.195076759082522352e-03
2.401809574854965831e+03 3.195076759082527123e-03
2.405895182274349736e+03 3.195076759082533194e-03
2.409980789693733641e+03 3.195076759082539700e-03
2.414066397113117546e+03 3.198035235343099723e-03
2.418152004532501451e+03 3.225299068712825842e-03
2.422237611951885356e+03 3.278391213234511502e-03
2.426323219371269261e+03 3.353992019564533238e-03
2.430408826790652711e+03 3.448781838359255437e-03
2.434494434210036616e+03 3.559441020275076317e-03
2.438580041629420521e+03 3.682649915968363302e-03
2.442665649048804426e+03 3.815088876095493360e-03
2.446751256468188330e+03 3.953438251312841288e-03
2.450836863887572235e+03 4.094378392276784920e-03
2.454922471306956140e+03 4.234589649643700354e-03
2.459008078726340045e+03 4.370752374069963690e-03
2.463093686145723950e+03 4.499546916211951894e-03
2.467179293565107855e+03 4.617653626726043667e-03
2.471264900984491760e+03 4.721752856268611638e-03
2.475350508403875665e+03 4.808982105245803232e-03
2.479436115823259570e+03 4.891627751573437120e-03
2.483521723242643020e+03 4.976133200092358252e-03
2.487607330662026925e+03 5.062044878770994259e-03
2.491692938081410830e+03 5.148909215577744149e-03
2.495778545500794735e+03 5.236272638481020807e-03
2.499864152920178640e+03 5.323681575449230180e-03
2.503949760339562545e+03 5.410682454450784287e-03
2.508035367758946450e+03 5.496821703454094279e-03
2.512120975178330355e+03 5.581645750427569573e-03
2.516206582597714259e+03 5.664701023339616982e-03
2.520292190017098164e+03 5.745533950158651128e-03
2.524377797436482069e+03 5.823690958853079691e-03
2.528463404855865974e+03 5.898718477391312956e-03
2.532549012275249424e+03 5.970162933741751665e-03
2.536634619694633329e+03 6.037570755872824317e-03
2.540720227114017234e+03 6.100488371752931654e-03
2.544805834533401139e+03 6.158462209350482226e-03
2.548891441952785044e+03 6.211038696633888051e-03
2.552977049372168949e+03 6.257764261571558545e-03
2.557062656791552854e+03 6.298185332131902257e-03
2.561148264210936759e+03 6.331848336283330339e-03
2.565233871630320664e+03 6.358299701994253074e-03
2.569319479049704569e+03 6.377085857233079878e-03
2.573405086469088474e+03 6.387753229968220169e-03
2.577490693888472379e+03 6.390153518164863426e-03
2.581576301307855829e+03 6.390153518164862559e-03
2.585661908727239734e+03 6.390153518164861692e-03
2.589747516146623639e+03 6.390153518164860824e-03
2.593833123566007544e+03 6.390153518164857355e-03
2.597918730985391448e+03 6.390153518164855620e-03
2.602004338404775353e+03 6.390153518164853885e-03
2.606089945824159258e+03 6.390153518164851283e-03
2.610175553243543163e+03 6.390153518164849548e-03
2.614261160662927068e+03 6.390153518164846079e-03
2.618346768082310973e+03 6.390153518164845212e-03
2.622432375501694878e+03 6.390153518164844344e-03
2.626517982921078783e+03 6.390153518164843477e-03
2.630603590340462233e+03 6.390318096998924384e-03
2.634689197759846138e+03 6.409734542255161177e-03
2.638774805179230043e+03 6.459692433040020026e-03
2.642860412598613948e+03 6.537664754402542494e-03
2.646946020017997853e+03 6.641124491391769274e-03
2.651031627437381758e+03 6.767544629056742797e-03
2.655117234856765663e+03 6.914398152446506358e-03
2.659202842276149568e+03 7.079158046610100653e-03
2.663288449695533473e+03 7.259297296596567244e-03
2.667374057114917377e+03 7.452288887454948559e-03
2.671459664534301282e+03 7.655605804234287028e-03
2.675545271953685187e+03 7.866721031983622478e-03
2.679630879373068638e+03 8.083107555751976522e-03
2.683716486792452542e+03 8.302238360588435825e-03
2.687802094211836447e+03 8.521586431542020265e-03
2.691887701631220352e+03 8.738624753661770536e-03
2.695973309050604257e+03 8.950826311996730802e-03
2.700058916469988162e+03 9.155664091595940024e-03
2.704144523889372067e+03 9.350611077508442365e-03
2.708230131308755972e+03 9.533140254783280254e-03
2.712315738728139877e+03 9.705956857142568686e-03
2.716401346147523782e+03 9.882586577621940357e-03
2.720486953566907687e+03 1.006321048975637907e-02
2.724572560986291592e+03 1.024706826520071536e-02
2.728658168405675497e+03 1.043339957560976590e-02
2.732743775825058947e+03 1.062144409263832828e-02
2.736829383244442852e+03 1.081044148794126428e-02
2.740914990663826757e+03 1.099963143317338014e-02
2.745000598083210662e+03 1.118825359998949255e-02
2.749086205502594566e+03 1.137554766004442164e-02
2.753171812921978471e+03 1.156075328499298754e-02
2.757257420341362376e+03 1.174311014649001388e-02
2.761343027760746281e+03 1.192185791619032077e-02
2.765428635180130186e+03 1.209623626574872837e-02
2.769514242599514091e+03 1.226548486682005508e-02
2.773599850018897996e+03 1.242884339105912450e-02
2.777685457438281901e+03 1.258555151012075678e-02
2.781771064857665351e+03 1.273484889565975990e-02
2.785856672277049256e+03 1.287441903234489045e-02
2.789942279696433161e+03 1.300046578321754562e-02
2.794027887115817066e+03 1.311547856453335915e-02
2.798113494535200971e+03 1.322233815634545756e-02
2.802199101954584876e+03 1.332392533870696734e-02
2.806284709373968781e+03 1.342312089167101152e-02
2.810370316793352686e+03 1.352280559529071835e-02
2.814455924212736591e+03 1.362586022961920912e-02
2.818541531632120495e+03 1.373516557470961380e-02
2.822627139051504400e+03 1.385360241061505543e-02
2.826712746470888305e+03 1.398405151738865877e-02
2.830798353890271756e+03 1.412939367508353646e-02
2.834883961309655660e+03 1.429250966375284100e-02
2.838969568729039565e+03 1.447757486530856959e-02
2.843055176148423470e+03 1.469316127120306147e-02
2.847140783567807375e+03 1.493958285659953769e-02
2.851226390987191280e+03 1.521591032331484628e-02
2.855311998406575185e+03 1.552121437316583176e-02
2.859397605825959090e+03 1.585456570796934042e-02
2.863483213245342995e+03 1.621503502954222201e-02
2.867568820664726900e+03 1.660169303970132279e-02
2.871654428084110805e+03 1.701361044026348732e-02
2.875740035503494710e+03 1.744985793304557053e-02
2.879825642922878160e+03 1.790950621986435107e-02
2.883911250342262065e+03 1.839162600253679836e-02
2.887996857761645970e+03 1.889528798287969796e-02
2.892082465181029875e+03 1.941956286270989790e-02
2.896168072600413780e+03 1.996352134384424964e-02
2.900253680019797685e+03 2.052623412809959774e-02
2.904339287439181589e+03 2.111776386716584727e-02
2.908424894858565494e+03 2.178420724750699047e-02
2.912510502277949399e+03 2.252670331548885935e-02
2.916596109697333304e+03 2.334051045800674545e-02
2.920681717116717209e+03 2.422088706195594729e-02
2.924767324536101114e+03 2.516309151423177376e-02
2.928852931955484564e+03 2.616238220172939499e-02
2.932938539374868469e+03 2.721401751134433500e-02
2.937024146794252374e+03 2.831325582997178819e-02
2.941109754213636279e+03 2.945535554450705307e-02
2.945195361633020184e+03 3.063557504184542118e-02
2.949280969052404089e+03 3.184917270888219798e-02
2.953366576471787994e+03 3.309140693251268195e-02
2.957452183891171899e+03 3.435753609963216465e-02
2.961537791310555804e+03 3.564281859713595152e-02
2.965623398729939709e+03 3.694251281191932718e-02
2.969709006149323613e+03 3.825187713087760399e-02
2.973794613568707518e+03 3.959044894788158603e-02
2.977880220988090969e+03 4.098776001415165710e-02
2.981965828407474874e+03 4.244369269522904609e-02
2.986051435826858778e+03 4.395800425904382303e-02
2.990137043246242683e+03 4.553045197352622447e-02
2.994222650665626588e+03 4.716079310660648005e-02
2.998308258085010493e+03 4.884878492621482632e-02
3.002393865504394398e+03 5.059418470028150677e-02
3.006479472923778303e+03 5.239674969673673716e-02
3.010565080343162208e+03 5.425623718351074709e-02
3.014650687762546113e+03 5.617240442853378007e-02
3.018736295181930018e+03 5.814500869973606573e-02
3.022821902601313923e+03 6.017380726504784061e-02
3.026907510020697828e+03 6.227825899696134287e-02
3.030993117440081278e+03 6.450382000695378815e-02
3.035078724859465183e+03 6.684520624048617687e-02
3.039164332278849088e+03 6.929466677333155633e-02
3.043249939698232993e+03 7.184445068126328604e-02
3.047335547117616898e+03 7.448680704005465614e-02
3.051421154537000803e+03 7.721398492547904002e-02
3.055506761956384707e+03 8.001823341330974171e-02
3.059592369375768612e+03 8.289180157932006521e-02
3.063677976795152517e+03 8.582693849928338392e-02
3.067763584214536422e+03 8.881511051181281702e-02
3.071849191633920327e+03 9.184271674908567329e-02
3.075934799053304232e+03 9.491542252554910353e-02
3.080020406472687682e+03 9.804398564375529923e-02
3.084106013892071587e+03 1.012391639062573956e-01
3.088191621311455492e+03 1.045117151156075286e-01
3.092277228730839397e+03 1.078723970743581395e-01
3.096362836150223302e+03 1.113319675850617807e-01
3.100448443569607207e+03 1.149011844502708657e-01
3.104534050988991112e+03 1.185908054725378913e-01
3.108619658408375017e+03 1.224115884544153265e-01
3.112705265827758922e+03 1.263742911984556405e-01
3.116790873247142827e+03 1.304896715072113300e-01
3.120876480666526732e+03 1.347684871832348641e-01
3.124962088085910636e+03 1.392214960290787118e-01
3.129047695505294087e+03 1.438489106163469977e-01
3.133133302924677992e+03 1.486395372234362855e-01
3.137218910344061896e+03 1.536193556724744225e-01
3.141304517763445801e+03 1.588165015318775408e-01
3.145390125182829706e+03 1.642591103700618560e-01
3.149475732602213611e+03 1.699753177554436390e-01
3.153561340021597516e+03 1.759932592564391607e-01
3.157646947440981421e+03 1.823410704414646089e-01
3.161732554860365326e+03 1.890468868789361434e-01
3.165818162279749231e+03 1.961388441372700631e-01
3.169903769699133136e+03 2.036450777848825833e-01
3.173989377118517041e+03 2.115937233901898917e-01
3.178074984537900491e+03 2.200390255804617612e-01
3.182160591957284396e+03 2.305376811326302899e-01
3.186246199376668301e+03 2.430728918552395590e-01
3.190331806796052206e+03 2.563589155317583246e-01
3.194417414215436111e+03 2.691100099456551487e-01
3.198503021634820016e+03 2.800860061223374720e-01
3.202588629054203921e+03 2.897515315593156560e-01
3.206674236473587825e+03 2.987989787946123688e-01
3.210759843892971730e+03 3.074208070731150322e-01
3.214845451312355635e+03 3.158094756397107350e-01
3.218931058731739540e+03 3.241574437392870101e-01
3.223016666151123445e+03 3.325509110363109033e-01
3.227102273570506895e+03 3.407151727679499364e-01
3.231187880989890800e+03 3.487142975418854873e-01
3.235273488409274705e+03 3.566558498516562148e-01
3.239359095828658610e+03 3.646473941908017768e-01
3.243444703248042515e+03 3.727964950528619426e-01
3.247530310667426420e+03 3.812210998444459653e-01
3.251615918086810325e+03 3.900941111950495532e-01
3.255701525506194230e+03 3.992714226187235593e-01
3.259787132925578135e+03 4.085277505316357582e-01
3.263872740344962040e+03 4.176378113499541467e-01
3.267958347764345945e+03 4.263763214898464438e-01
3.272043955183729850e+03 4.345179973674805352e-01
3.276129562603113754e+03 4.418669056810312079e-01
3.280215170022497205e+03 4.485569979547221475e-01
3.284300777441881110e+03 4.548583281711255921e-01
3.288386384861265014e+03 4.610409504490807775e-01
3.292471992280648919e+03 4.673749189074278276e-01
3.296557599700032824e+03 4.741302876650068110e-01
3.300643207119416729e+03 4.815771108406579626e-01
3.304728814538800634e+03 4.899921785822572984e-01
3.308814421958184539e+03 4.996069624628227124e-01
3.312900029377568444e+03 5.102811895737052739e-01
3.316985636796952349e+03 5.218035330182474452e-01
3.321071244216336254e+03 5.339626658997911335e-01
3.325156851635720159e+03 5.466132100809851790e-01
3.329242459055103609e+03 5.602216856856178095e-01
3.333328066474487514e+03 5.748701646823056732e-01
3.337413673893871419e+03 5.904921612722311419e-01
3.341499281313255324e+03 6.079843800128766906e-01
3.345584888732639229e+03 6.265026271158217197e-01
3.349670496152023134e+03 6.429465111579759640e-01
3.353756103571407039e+03 6.582358313864385968e-01
3.357841710990790943e+03 6.731886206338651979e-01
3.361927318410174848e+03 6.885089670738090417e-01
3.366012925829558753e+03 7.037016292883767621e-01
3.370098533248942658e+03 7.190448604261289178e-01
3.374184140668326563e+03 7.354453683052802893e-01
3.378269748087710013e+03 7.546069997111580774e-01
3.382355355507093918e+03 7.758916832689980447e-01
3.386440962926477823e+03 7.926798925997601275e-01
3.390526570345861728e+03 8.058928297401785068e-01
3.394612177765245633e+03 8.176223909887551100e-01
3.398697785184629538e+03 8.295778628278007716e-01
3.402783392604013443e+03 8.434685317396263260e-01
3.406869000023397348e+03 8.622466329076192704e-01
3.410954607442781253e+03 8.859653322077964965e-01
3.415040214862165158e+03 9.031630844894558141e-01
3.419125822281549063e+03 9.158939364409829365e-01
3.423211429700932968e+03 9.268100910516398061e-01
3.427297037120316418e+03 9.372937280052181519e-01
3.431382644539700323e+03 9.488107695023979549e-01
3.435468251959084228e+03 9.628210031719994788e-01
3.439553859378468132e+03 9.751634720118577127e-01
3.443639466797852037e+03 9.812513846057875355e-01
3.447725074217235942e+03 9.854604394281274438e-01
3.451810681636619847e+03 9.892008524210267328e-01
3.455896289056003752e+03 9.924414477460434814e-01
3.459981896475387657e+03 9.951510495647346577e-01
3.464067503894771562e+03 9.972984820386580074e-01
3.468153111314155467e+03 9.988525693293704988e-01
3.472238718733539372e+03 9.997821355984298775e-01
3.476324326152922822e+03 1.000000000000000000e+00
3.480409933572306727e+03 9.940617216866797223e-01
3.484495540991690632e+03 9.854495256960696947e-01
3.488581148411074537e+03 9.794949570259747773e-01
3.492666755830458442e+03 9.743245695214276525e-01
3.496752363249842347e+03 9.686953813471589347e-01
3.500837970669226252e+03 9.613644106678991275e-01
3.504923578088610157e+03 9.505511262105489356e-01
3.509009185507994061e+03 9.264123462563980116e-01
3.513094792927377966e+03 9.011998697676876224e-01
3.517180400346761871e+03 8.789606904729523329e-01
3.521266007766145776e+03 8.591832403255662554e-01
3.525351615185529681e+03 8.452322755460660586e-01
3.529437222604913131e+03 8.357633001718247634e-01
3.533522830024297036e+03 8.269609357869007749e-01
3.537608437443680941e+03 8.150273222008415086e-01
3.541694044863064846e+03 7.939571471799746760e-01
3.545779652282448751e+03 7.738839500638092783e-01
3.549865259701832656e+03 7.614181335638905423e-01
3.553950867121216561e+03 7.514832026877374949e-01
3.558036474540600466e+03 7.419143906193444993e-01
3.562122081959984371e+03 7.305469305427072513e-01
3.566207689379368276e+03 7.157390980513088641e-01
3.570293296798752181e+03 6.993118486253002697e-01
3.574378904218136086e+03 6.839328813931564444e-01
3.578464511637519536e+03 6.687255118787467367e-01
3.582550119056903441e+03 6.512856191005534923e-01
3.586635726476287346e+03 6.267046300400423986e-01
3.590721333895671251e+03 5.937462916768827537e-01
3.594806941315055155e+03 5.754358698202894917e-01
3.598892548734439060e+03 5.645299997312164253e-01
3.602978156153822965e+03 5.562608949885744503e-01
3.607063763573206870e+03 5.483048577328365480e-01
3.611149370992590775e+03 5.383381901044763662e-01
3.615234978411974680e+03 5.247070461143298337e-01
3.619320585831358585e+03 5.079565096009510672e-01
3.623406193250742490e+03 4.881696461666418241e-01
3.627491800670125940e+03 4.622924051712271054e-01
3.631577408089509845e+03 4.342914537454166113e-01
3.635663015508893750e+03 4.037112308700778196e-01
3.639748622928277655e+03 3.734093763958812318e-01
3.643834230347661560e+03 3.588789491992742109e-01
3.647919837767045465e+03 3.497796919008432925e-01
3.652005445186429370e+03 3.416570726265703017e-01
3.656091052605813275e+03 3.300565595024370080e-01
3.660176660025197179e+03 3.077490198300317781e-01
3.664262267444581084e+03 2.572183135706860857e-01
3.668347874863964989e+03 2.435262996029968485e-01
3.672433482283348894e+03 2.367618052417589380e-01
3.676519089702732344e+03 2.150740567686026672e-01
3.680604697122116249e+03 1.745862034747893421e-01
3.684690304541500154e+03 1.608641610158689228e-01
3.688775911960884059e+03 1.504793517607551645e-01
3.692861519380267964e+03 1.385948103650684604e-01
3.696947126799651869e+03 1.276157126568583933e-01
3.701032734219035774e+03 1.170717547936708097e-01
3.705118341638419679e+03 1.058782208143683179e-01
3.709203949057803584e+03 9.566547412341129542e-02
3.713289556477187489e+03 8.898500689100274919e-02
3.717375163896571394e+03 8.390707123919519117e-02
3.721460771315955299e+03 7.947803591345231622e-02
3.725546378735338749e+03 7.559452824571057106e-02
3.729631986154722654e+03 7.215317556790518116e-02
3.733717593574106559e+03 6.905060521197270429e-02
3.737803200993490464e+03 6.618344450984919858e-02
3.741888808412874369e+03 6.344832079347076381e-02
3.745974415832258273e+03 6.074186139477344426e-02
3.750060023251642178e+03 5.798124658731672321e-02
3.754145630671026083e+03 5.528477084464797353e-02
3.758231238090409988e+03 5.270071632401066714e-02
3.762316845509793893e+03 5.024054349025076915e-02
3.766402452929177798e+03 4.791571280821417533e-02
3.770488060348561703e+03 4.573768474274682305e-02
3.774573667767945153e+03 4.371791975869487867e-02
3.778659275187329058e+03 4.186787832090380773e-02
3.782744882606712963e+03 4.008265324346509811e-02
3.786830490026096868e+03 3.820687850175942535e-02
3.790916097445480773e+03 3.636460789864570664e-02
3.795001704864864678e+03 3.468704510391727724e-02
3.799087312284248583e+03 3.330539378736736139e-02
3.803172919703632488e+03 3.235085761878923882e-02
3.807258527123016393e+03 3.195464026797619622e-02
3.811344134542400298e+03 3.195076759082496332e-02
3.815429741961784202e+03 3.195076759082496332e-02
3.819515349381168107e+03 3.195076759082497025e-02
3.823600956800552012e+03 3.195076759082497025e-02
3.827686564219935462e+03 3.195076759082497719e-02
3.831772171639319367e+03 3.195076759082499107e-02
3.835857779058703272e+03 3.195076759082500495e-02
3.839943386478087177e+03 3.195076759082501189e-02
3.844028993897471082e+03 3.195076759082503270e-02
3.848114601316854987e+03 3.195253723064024609e-02
3.852200208736238892e+03 3.201365735932633350e-02
3.856285816155622797e+03 3.215372821006756698e-02
3.860371423575006702e+03 3.236160399959601974e-02
3.864457030994390607e+03 3.262613894464375802e-02
3.868542638413774512e+03 3.293618726194283419e-02
3.872628245833158417e+03 3.328060316822530756e-02
3.876713853252541867e+03 3.366667835224165795e-02
3.880799460671925772e+03 3.439161214497867686e-02
3.884885068091309677e+03 3.541046517320870640e-02
3.888970675510693582e+03 3.652292380534783584e-02
3.893056282930077487e+03 3.752867440981216829e-02
3.897141890349461391e+03 3.822740335501776526e-02
3.901227497768845296e+03 3.855473424529647780e-02
3.905313105188229201e+03 3.878810995312763354e-02
3.909398712607613106e+03 3.896646730225882677e-02
3.913484320026997011e+03 3.911098204755774493e-02
3.917569927446380916e+03 3.924282994389203388e-02
3.921655534865764821e+03 3.938318674612936721e-02
3.925741142285148271e+03 3.955322820913736298e-02
3.929826749704532176e+03 3.977413008778375031e-02
3.933912357123916081e+03 4.008674132550135716e-02
3.937997964543299986e+03 4.065605177523749086e-02
3.942083571962683891e+03 4.144816991369187215e-02
3.946169179382067796e+03 4.238053803278536008e-02
3.950254786801451701e+03 4.337059842443883456e-02
3.954340394220835606e+03 4.433579338057310609e-02
3.958426001640219511e+03 4.519356519310905457e-02
3.962511609059603416e+03 4.586135615396753212e-02
3.966597216478987320e+03 4.625660855506939090e-02
3.970682823898371225e+03 4.632861300669652294e-02
3.974768431317754676e+03 4.632861300669654375e-02
3.978854038737138580e+03 4.632861300669656457e-02
3.982939646156522485e+03 4.632861300669658539e-02
3.987025253575906390e+03 4.632861300669661314e-02
3.991110860995290295e+03 4.632861300669662702e-02
3.995196468414674200e+03 4.632861300669664090e-02
3.999282075834058105e+03 4.632861300669665477e-02
4.003367683253442010e+03 4.632861300669666171e-02
4.007453290672825915e+03 4.632861300669666865e-02
4.011538898092209820e+03 4.632861300669667559e-02
4.015624505511593725e+03 4.632861300669666865e-02
4.019710112930977630e+03 4.632861300669667559e-02
4.023795720350361080e+03 4.606915305426370622e-02
4.027881327769744985e+03 4.530715645507705364e-02
4.031966935189128890e+03 4.421226554920107410e-02
4.036052542608512795e+03 4.295613937932557524e-02
4.040138150027896700e+03 4.171043698814039247e-02
4.044223757447280605e+03 4.064681741833533341e-02
4.048309364866664509e+03 3.993693747211726763e-02
4.052394972286048414e+03 3.949940060392088947e-02
4.056480579705432319e+03 3.913123502699896589e-02
4.060566187124816224e+03 3.881753016225029940e-02
4.064651794544200129e+03 3.854337543057372029e-02
4.068737401963584034e+03 3.829386025286800332e-02
4.072823009382967939e+03 3.805407405003202043e-02
4.076908616802351389e+03 3.780910624296456718e-02
4.080994224221735294e+03 3.754404625256443917e-02
4.085079831641119199e+03 3.724398349973045280e-02
4.089165439060503104e+03 3.689400740536143836e-02
4.093251046479887009e+03 3.646525981344261175e-02
4.097336653899271369e+03 3.591323895813911676e-02
4.101422261318654819e+03 3.527244801475107328e-02
4.105507868738039178e+03 3.458416789530580071e-02
4.109593476157422629e+03 3.388967951183122912e-02
4.113679083576806988e+03 3.323026377635466405e-02
4.117764690996190438e+03 3.264720160090401474e-02
4.121850298415574798e+03 3.218177389750661449e-02
4.125935905834958248e+03 3.186905708134381982e-02
4.130021513254341698e+03 3.164222434194909755e-02
4.134107120673726058e+03 3.146071096263806932e-02
4.138192728093109508e+03 3.131031817288880414e-02
4.142278335512493868e+03 3.117684720217923575e-02
4.146363942931877318e+03 3.104609927998741928e-02
4.150449550351261678e+03 3.090387563579128846e-02
4.154535157770645128e+03 3.073597749906890192e-02
4.158620765190029488e+03 3.052820609929818643e-02
4.162706372609412938e+03 3.026478015120178874e-02
4.166791980028797298e+03 2.991430876629238428e-02
4.170877587448180748e+03 2.947650603938813813e-02
4.174963194867564198e+03 2.896110201649954030e-02
4.179048802286948558e+03 2.837782674363701144e-02
4.183134409706332008e+03 2.773641026681135380e-02
4.187220017125716367e+03 2.704658263203285617e-02
4.191305624545099818e+03 2.631807388531237635e-02
4.195391231964484177e+03 2.556061407266014759e-02
