# wavenumber(cm^-1)  intensity (iso, normalized to max 1)
3.806506125897726633e+00 0.000000000000000000e+00
8.003291091644598509e+00 0.000000000000000000e+00
1.220007605739146861e+01 0.000000000000000000e+00
1.639686102313833871e+01 0.000000000000000000e+00
2.059364598888521058e+01 0.000000000000000000e+00
2.479043095463208246e+01 0.000000000000000000e+00
2.898721592037895078e+01 0.000000000000000000e+00
3.318400088612582266e+01 0.000000000000000000e+00
3.738078585187269454e+01 0.000000000000000000e+00
4.157757081761956641e+01 0.000000000000000000e+00
4.577435578336643829e+01 0.000000000000000000e+00
4.997114074911331016e+01 0.000000000000000000e+00
5.416792571486017493e+01 0.000000000000000000e+00
5.836471068060704681e+01 0.000000000000000000e+00
6.256149564635391869e+01 0.000000000000000000e+00
6.675828061210079056e+01 0.000000000000000000e+00
7.095506557784766244e+01 0.000000000000000000e+00
7.515185054359453432e+01 0.000000000000000000e+00
7.934863550934140619e+01 0.000000000000000000e+00
8.354542047508827807e+01 0.000000000000000000e+00
8.774220544083514994e+01 0.000000000000000000e+00
9.193899040658202182e+01 0.000000000000000000e+00
9.613577537232889370e+01 0.000000000000000000e+00
1.003325603380757656e+02 0.000000000000000000e+00
1.045293453038226232e+02 0.000000000000000000e+00
1.087261302695694951e+02 0.000000000000000000e+00
1.129229152353163670e+02 0.000000000000000000e+00
1.171197002010632389e+02 0.000000000000000000e+00
1.213164851668101107e+02 0.000000000000000000e+00
1.255132701325569826e+02 0.000000000000000000e+00
1.297100550983038545e+02 0.000000000000000000e+00
1.339068400640507264e+02 0.000000000000000000e+00
1.381036250297975982e+02 0.000000000000000000e+00
1.423004099955444701e+02 0.000000000000000000e+00
1.464971949612913420e+02 0.000000000000000000e+00
1.506939799270382139e+02 0.000000000000000000e+00
1.548907648927850857e+02 0.000000000000000000e+00
1.590875498585319576e+02 0.000000000000000000e+00
1.632843348242788295e+02 0.000000000000000000e+00
1.674811197900257014e+02 0.000000000000000000e+00
1.716779047557725733e+02 0.000000000000000000e+00
1.758746897215194451e+02 2.246967923945637199e-05
1.800714746872663170e+02 5.513676415748794673e-05
1.842682596530131889e+02 9.059066306409914915e-05
1.884650446187600608e+02 1.278515564240387411e-04
1.926618295845069326e+02 1.659396247020553962e-04
1.968586145502538045e+02 2.038750483628979239e-04
2.010553995160006764e+02 2.406780078713150655e-04
2.052521844817475198e+02 2.753686836920552915e-04
2.094489694474943917e+02 3.069672562898680210e-04
2.136457544132412636e+02 3.348655245317869286e-04
2.178425393789881355e+02 3.617459176959208415e-04
2.220393243447350073e+02 3.883629290584265513e-04
2.262361093104818792e+02 4.147386067249214962e-04
2.304328942762287511e+02 4.408949988010234396e-04
2.346296792419756230e+02 4.668541533923497655e-04
2.388264642077224948e+02 4.926381186045180206e-04
2.430232491734693667e+02 5.182689425431457513e-04
2.472200341392162386e+02 5.437686733138505585e-04
2.514168191049631105e+02 5.691593590222500431e-04
2.556136040707099824e+02 5.944630477739615889e-04
2.598103890364568542e+02 6.197017876746029053e-04
2.640071740022037261e+02 6.448976268297913761e-04
2.682039589679505980e+02 6.700726133451447106e-04
2.724007439336974699e+02 6.952487953262802929e-04
2.765975288994443417e+02 7.204482208788158320e-04
2.807943138651912136e+02 7.456929381083687121e-04
2.849910988309380855e+02 7.710049951205564253e-04
2.891878837966849574e+02 7.964059733493651129e-04
2.933846687624318292e+02 8.218876643027598142e-04
2.975814537281787011e+02 8.474158135366117919e-04
3.017782386939255730e+02 8.729556421458347900e-04
3.059750236596724449e+02 8.984723712253426609e-04
3.101718086254193167e+02 9.239312218700489318e-04
3.143685935911661886e+02 9.492974151748676719e-04
3.185653785569130605e+02 9.745361722347126252e-04
3.227621635226599324e+02 9.996127141444972105e-04
3.269589484884068042e+02 1.024492261999135822e-03
3.311557334541536761e+02 1.049140036893541879e-03
3.353525184199005480e+02 1.073521259922628800e-03
3.395493033856474199e+02 1.097601152181311088e-03
3.437460883513942917e+02 1.121050724606734378e-03
3.479428733171411636e+02 1.143477685924032582e-03
3.521396582828880355e+02 1.165095521497160449e-03
3.563364432486349074e+02 1.186127330102318238e-03
3.605332282143817793e+02 1.206796210515705342e-03
3.647300131801286511e+02 1.227325261513522022e-03
3.689267981458755230e+02 1.247937581871968755e-03
3.731235831116223949e+02 1.268856270367245149e-03
3.773203680773692668e+02 1.290304425775551031e-03
3.815171530431161386e+02 1.312505146873086878e-03
3.857139380088630105e+02 1.335681532436052300e-03
3.899107229746098824e+02 1.360056681240647339e-03
3.941075079403567543e+02 1.385853692063072256e-03
3.983042929061036261e+02 1.413295663679527310e-03
4.025010778718504980e+02 1.442943959010186067e-03
4.066978628375973130e+02 1.476110696767114587e-03
4.108946478033441849e+02 1.512413635191065973e-03
4.150914327690910568e+02 1.551290848980067978e-03
4.192882177348379287e+02 1.592180412832148355e-03
4.234850027005848006e+02 1.634520401445335291e-03
4.276817876663316724e+02 1.677748889517657405e-03
4.318785726320785443e+02 1.721303951747142234e-03
4.360753575978254162e+02 1.764623662831818398e-03
4.402721425635722881e+02 1.807146097469713650e-03
4.444689275293191599e+02 1.848309330358856393e-03
4.486657124950660318e+02 1.887551436197274380e-03
4.528624974608129037e+02 1.924392886779077716e-03
4.570592824265597756e+02 1.959405378856320448e-03
4.612560673923066474e+02 1.993095398259356766e-03
4.654528523580535193e+02 2.025804691497096969e-03
4.696496373238003912e+02 2.057875005078452658e-03
4.738464222895472631e+02 2.089648085512334566e-03
4.780432072552941349e+02 2.121465679307654294e-03
4.822399922210410068e+02 2.153669532973322143e-03
4.864367771867878787e+02 2.186601393018248844e-03
4.906335621525347506e+02 2.220603005951346867e-03
4.948303471182816224e+02 2.256016118281526078e-03
4.990271320840284943e+02 2.293182476517698076e-03
5.032239170497753662e+02 2.332920324044269328e-03
5.074207020155222381e+02 2.375880860147457085e-03
5.116174869812691099e+02 2.421449141856587672e-03
5.158142719470159818e+02 2.468988343948208108e-03
5.200110569127629105e+02 2.517861641198868017e-03
5.242078418785097256e+02 2.567432208385111384e-03
5.284046268442566543e+02 2.617063220283490435e-03
5.326014118100034693e+02 2.666117851670548721e-03
5.367981967757503980e+02 2.713959277322837600e-03
5.409949817414972131e+02 2.759950672016901925e-03
5.451917667072440281e+02 2.803455210529290885e-03
5.493885516729909568e+02 2.843836067636552369e-03
5.535853366387377719e+02 2.880456418115232963e-03
5.577821216044847006e+02 2.913997065994416730e-03
5.619789065702315156e+02 2.945947990641515843e-03
5.661756915359784443e+02 2.976477383988528416e-03
5.703724765017252594e+02 3.005749578929489685e-03
5.745692614674721881e+02 3.033928908358437919e-03
5.787660464332190031e+02 3.061179705169408353e-03
5.829628313989659318e+02 3.087666302256437956e-03
5.871596163647127469e+02 3.113553032513562829e-03
5.913564013304596756e+02 3.139004228834820810e-03
5.955531862962064906e+02 3.164184224114247566e-03
5.997499712619534193e+02 3.189257351245880501e-03
6.039467562277002344e+02 3.214387943123754848e-03
6.081435411934471631e+02 3.239737492018171343e-03
6.123403261591939781e+02 3.264140173996230194e-03
6.165371111249409068e+02 3.286946488101901136e-03
6.207338960906877219e+02 3.308744991203002670e-03
6.249306810564346506e+02 3.330124240167355466e-03
6.291274660221814656e+02 3.351672791862778892e-03
6.333242509879283944e+02 3.373979203157091451e-03
6.375210359536752094e+02 3.397632030918112944e-03
6.417178209194221381e+02 3.423219832013664476e-03
6.459146058851689531e+02 3.451331163311562381e-03
6.501113908509158819e+02 3.483076077252897969e-03
6.543081758166626969e+02 3.520888644165165882e-03
6.585049607824096256e+02 3.563729576970528067e-03
6.627017457481564406e+02 3.610111118667791354e-03
6.668985307139033694e+02 3.658545512255763441e-03
6.710953156796501844e+02 3.707545000733249423e-03
6.752921006453971131e+02 3.755621827099059166e-03
6.794888856111439281e+02 3.801288234351995164e-03
6.836856705768908569e+02 3.843056465490868583e-03
6.878824555426376719e+02 3.880834664854534814e-03
6.920792405083846006e+02 3.917597291600368077e-03
6.962760254741314156e+02 3.953426220979557038e-03
7.004728104398783444e+02 3.988209290726826665e-03
7.046695954056251594e+02 4.021834338576895859e-03
7.088663803713720881e+02 4.054189202264486987e-03
7.130631653371189032e+02 4.085161719524320681e-03
7.172599503028658319e+02 4.114639728091117575e-03
7.214567352686126469e+02 4.142511065699600037e-03
7.256535202343595756e+02 4.168724515860072061e-03
7.298503052001063907e+02 4.193441936275358467e-03
7.340470901658533194e+02 4.216858286912879283e-03
7.382438751316001344e+02 4.239168253554763746e-03
7.424406600973470631e+02 4.260566521983144561e-03
7.466374450630938782e+02 4.281247777980152699e-03
7.508342300288408069e+02 4.301406707327920867e-03
7.550310149945876219e+02 4.321237995808580902e-03
7.592277999603345506e+02 4.340936329204262908e-03
7.634245849260813657e+02 4.360696393297097857e-03
7.676213698918282944e+02 4.380712873869220189e-03
7.718181548575751094e+02 4.401180456702759140e-03
7.760149398233220381e+02 4.422293827579846549e-03
7.802117247890688532e+02 4.444247672282614255e-03
7.844085097548157819e+02 4.467236676593194095e-03
7.886052947205625969e+02 4.491455526293717040e-03
7.928020796863095256e+02 4.517554373866529763e-03
7.969988646520563407e+02 4.547120217712146036e-03
8.011956496178032694e+02 4.579427987957854912e-03
8.053924345835500844e+02 4.613516038688751653e-03
8.095892195492968995e+02 4.648422723989944529e-03
8.137860045150438282e+02 4.683186397946533137e-03
8.179827894807906432e+02 4.716845414643621413e-03
8.221795744465375719e+02 4.748438128166311556e-03
8.263763594122843870e+02 4.777002892599704897e-03
8.305731443780313157e+02 4.801578062028905372e-03
8.347699293437781307e+02 4.821201990539015179e-03
8.389667143095250594e+02 4.836365043591113813e-03
8.431634992752718745e+02 4.850336930886918127e-03
8.473602842410188032e+02 4.863351311574553616e-03
8.515570692067656182e+02 4.875467426399600172e-03
8.557538541725125469e+02 4.886744516107640289e-03
8.599506391382593620e+02 4.897241821444251256e-03
8.641474241040062907e+02 4.907018583155016433e-03
8.683442090697531057e+02 4.916134041985513112e-03
8.725409940355000344e+02 4.924647438681321182e-03
8.767377790012468495e+02 4.932618013988022271e-03
8.809345639669937782e+02 4.940105008651197137e-03
8.851313489327405932e+02 4.947167663416423070e-03
8.893281338984875219e+02 4.953865219029281695e-03
8.935249188642343370e+02 4.960411243437713204e-03
8.977217038299812657e+02 4.967063999532774984e-03
9.019184887957280807e+02 4.973731624465624508e-03
9.061152737614750095e+02 4.980315002607196492e-03
9.103120587272218245e+02 4.986715018328428256e-03
9.145088436929687532e+02 4.992832556000251047e-03
9.187056286587155682e+02 4.998568499993601318e-03
9.229024136244624970e+02 5.003823734679414652e-03
9.270991985902093120e+02 5.008499144428626634e-03
9.312959835559562407e+02 5.012495613612170248e-03
9.354927685217030557e+02 5.015714026600984546e-03
9.396895534874499845e+02 5.018055267765999909e-03
9.438863384531967995e+02 5.019420221478153657e-03
9.480831234189437282e+02 5.019743661827206875e-03
9.522799083846905432e+02 5.019743661827206875e-03
9.564766933504374720e+02 5.019743661827206875e-03
9.606734783161842870e+02 5.019743661827206875e-03
9.648702632819312157e+02 5.019743661827206875e-03
9.690670482476780307e+02 5.019743661827206875e-03
9.732638332134249595e+02 5.019743661827206875e-03
9.774606181791717745e+02 5.019743661827206875e-03
9.816574031449187032e+02 5.019743661827206875e-03
9.858541881106655183e+02 5.019743661827206875e-03
9.900509730764124470e+02 5.019743661827206875e-03
9.942477580421592620e+02 5.019743661827206875e-03
9.984445430079061907e+02 5.019743661827206875e-03
1.002641327973653006e+03 5.019665241277193081e-03
1.006838112939399934e+03 5.018552376848516711e-03
1.011034897905146750e+03 5.016319142837464932e-03
1.015231682870893678e+03 5.013217599513020324e-03
1.019428467836640493e+03 5.009499807144163729e-03
1.023625252802387422e+03 5.005417825999875989e-03
1.027822037768134123e+03 5.001223716349136213e-03
1.032018822733881279e+03 4.997169538460929580e-03
1.036215607699627981e+03 4.993507352604232598e-03
1.040412392665374682e+03 4.990489219048028710e-03
1.044609177631121838e+03 4.988367198061299627e-03
1.048805962596868540e+03 4.987393349913025326e-03
1.053002747562615696e+03 4.987358218847675120e-03
1.057199532528362397e+03 4.987358218847675120e-03
1.061396317494109098e+03 4.987358218847675120e-03
1.065593102459856254e+03 4.987358218847674253e-03
1.069789887425602956e+03 4.987358218847674253e-03
1.073986672391349657e+03 4.987358218847675120e-03
1.078183457357096813e+03 4.987358218847675120e-03
1.082380242322843515e+03 4.987358218847675120e-03
1.086577027288590216e+03 4.987358218847675120e-03
1.090773812254337372e+03 4.987358218847674253e-03
1.094970597220084073e+03 4.987358218847674253e-03
1.099167382185831229e+03 4.987358218847674253e-03
1.103364167151577931e+03 4.987358218847674253e-03
1.107560952117324632e+03 4.985422327726802931e-03
1.111757737083071788e+03 4.979082984050085467e-03
1.115954522048818490e+03 4.969471323877533778e-03
1.120151307014565191e+03 4.957766322032276449e-03
1.124348091980312347e+03 4.945146953337447270e-03
1.128544876946059048e+03 4.932792192616180030e-03
1.132741661911806204e+03 4.921873226740613484e-03
1.136938446877552906e+03 4.911632630672733632e-03
1.141135231843299607e+03 4.901005354960105524e-03
1.145332016809046763e+03 4.890086992949020835e-03
1.149528801774793465e+03 4.878973137985779043e-03
1.153725586740540166e+03 4.867759383416677028e-03
1.157922371706287322e+03 4.856541322588009066e-03
1.162119156672034023e+03 4.845414548846072034e-03
1.166315941637781179e+03 4.834474655537161943e-03
1.170512726603527881e+03 4.823817236007575671e-03
1.174709511569274582e+03 4.813537883603610096e-03
1.178906296535021738e+03 4.803732191671559494e-03
1.183103081500768440e+03 4.794495753557722478e-03
1.187299866466515141e+03 4.785735439711555524e-03
1.191496651432262297e+03 4.777153944520169671e-03
1.195693436398008998e+03 4.768752290545854103e-03
1.199890221363756154e+03 4.760538327731674187e-03
1.204087006329502856e+03 4.752519906020704829e-03
1.208283791295249557e+03 4.744704875356013131e-03
1.212480576260996713e+03 4.737101085680667061e-03
1.216677361226743415e+03 4.729716386937740658e-03
1.220874146192490116e+03 4.722558629070301023e-03
1.225070931158237272e+03 4.715635662021419594e-03
1.229267716123983973e+03 4.708955335734166074e-03
1.233464501089731129e+03 4.702525500151609299e-03
1.237661286055477831e+03 4.696354005216819838e-03
1.241858071021224532e+03 4.690154407748703923e-03
1.246054855986971688e+03 4.683624052288621296e-03
1.250251640952718390e+03 4.676905165756327365e-03
1.254448425918465091e+03 4.670142163290902024e-03
1.258645210884212247e+03 4.663479460031424301e-03
1.262841995849958948e+03 4.657061471116974959e-03
1.267038780815706104e+03 4.651032611686631291e-03
1.271235565781452806e+03 4.645537296879475794e-03
1.275432350747199507e+03 4.640719941834584028e-03
1.279629135712946663e+03 4.636724961691038489e-03
1.283825920678693365e+03 4.633696771587917339e-03
1.288022705644440066e+03 4.631779786664300472e-03
1.292219490610187222e+03 4.631118419381339592e-03
1.296416275575933923e+03 4.631790602420498247e-03
1.300613060541681079e+03 4.633713403313791460e-03
1.304809845507427781e+03 4.636788396705332840e-03
1.309006630473174482e+03 4.640917157239236868e-03
1.313203415438921638e+03 4.646001259559620622e-03
1.317400200404668340e+03 4.651942278310595112e-03
1.321596985370415041e+03 4.658641788136277419e-03
1.325793770336162197e+03 4.666001363680781153e-03
1.329990555301908898e+03 4.673922579588222527e-03
1.334187340267656054e+03 4.682307010502716020e-03
1.338384125233402756e+03 4.691056231068373508e-03
1.342580910199149457e+03 4.700556333641225590e-03
1.346777695164896613e+03 4.713945672326588267e-03
1.350974480130643315e+03 4.731315626692437354e-03
1.355171265096390016e+03 4.752070919458558501e-03
1.359368050062137172e+03 4.775616273344739961e-03
1.363564835027883873e+03 4.801356411070764781e-03
1.367761619993630575e+03 4.828696055356421213e-03
1.371958404959377731e+03 4.857039928921496642e-03
1.376155189925124432e+03 4.885792754485772382e-03
1.380351974890871588e+03 4.914359254769040154e-03
1.384548759856618290e+03 4.942144152491079537e-03
1.388745544822364991e+03 4.968552170371680517e-03
1.392942329788112147e+03 4.993005456193481441e-03
1.397139114753858848e+03 5.015657741854892375e-03
1.401335899719605550e+03 5.037266518450032350e-03
1.405532684685352706e+03 5.058538315493358445e-03
1.409729469651099407e+03 5.080179662499319931e-03
1.413926254616846563e+03 5.102897088982374756e-03
1.418123039582593265e+03 5.127397124456971322e-03
1.422319824548339966e+03 5.154386298437566710e-03
1.426516609514087122e+03 5.184570955789173825e-03
1.430713394479833823e+03 5.218479778984571119e-03
1.434910179445580525e+03 5.256140716381150872e-03
1.439106964411327681e+03 5.297494687955517888e-03
1.443303749377074382e+03 5.342482613684263089e-03
1.447500534342821538e+03 5.391045413543998216e-03
1.451697319308568240e+03 5.443124007511314193e-03
1.455894104274314941e+03 5.498659315562818423e-03
1.460090889240062097e+03 5.557592257675117442e-03
1.464287674205808798e+03 5.620336243646338430e-03
1.468484459171555500e+03 5.694902196376658808e-03
1.472681244137302656e+03 5.781529537058452926e-03
1.476878029103049357e+03 5.876723061145268032e-03
1.481074814068796513e+03 5.976987564090694739e-03
1.485271599034543215e+03 6.078827841348275092e-03
1.489468384000289916e+03 6.178748688371590164e-03
1.493665168966037072e+03 6.273254900614214959e-03
1.497861953931783773e+03 6.358886777986977150e-03
1.502058738897530475e+03 6.435651703873219824e-03
1.506255523863277631e+03 6.506460375332401812e-03
1.510452308829024332e+03 6.573592508451203513e-03
1.514649093794771488e+03 6.639327819316337420e-03
1.518845878760518190e+03 6.705946024014489137e-03
1.523042663726264891e+03 6.775726838632360749e-03
1.527239448692012047e+03 6.850949979256656074e-03
1.531436233657758748e+03 6.933895161974061583e-03
1.535633018623505450e+03 7.026600700984268928e-03
1.539829803589252606e+03 7.127952442340692620e-03
1.544026588554999307e+03 7.238782439996659795e-03
1.548223373520746463e+03 7.360915574562336069e-03
1.552420158486493165e+03 7.496176726647838483e-03
1.556616943452239866e+03 7.646390776863323108e-03
1.560813728417987022e+03 7.814773999626633758e-03
1.565010513383733723e+03 8.030074260488632293e-03
1.569207298349480425e+03 8.282970384906133618e-03
1.573404083315227581e+03 8.546629782902680217e-03
1.577600868280974282e+03 8.833472397835750653e-03
1.581797653246721438e+03 9.136721623839876016e-03
1.585994438212468140e+03 9.355251212388390053e-03
1.590191223178214841e+03 9.520749353208832200e-03
1.594388008143961997e+03 9.675337557819282952e-03
1.598584793109708698e+03 9.810133927902614515e-03
1.602781578075455400e+03 9.916256565141756338e-03
1.606978363041202556e+03 9.984823571219622260e-03
1.611175148006949257e+03 1.000702320617194441e-02
1.615371932972695959e+03 9.990916860734331759e-03
1.619568717938443115e+03 9.948726520912856003e-03
1.623765502904189816e+03 9.883243048396274724e-03
1.627962287869936972e+03 9.797257304873319486e-03
1.632159072835683673e+03 9.693560152032746138e-03
1.636355857801430375e+03 9.513116959648321158e-03
1.640552642767177531e+03 9.139605281860181327e-03
1.644749427732924232e+03 8.802065698765319454e-03
1.648946212698670934e+03 8.628588415372593495e-03
1.653142997664418090e+03 8.505260974351024073e-03
1.657339782630164791e+03 8.398594174623817687e-03
1.661536567595911947e+03 8.276754100051481738e-03
1.665733352561658648e+03 8.107088149134347374e-03
1.669930137527405350e+03 7.809008615149589348e-03
1.674126922493152506e+03 7.460469150432525766e-03
1.678323707458899207e+03 7.212598592760075152e-03
1.682520492424645909e+03 7.032098375160649589e-03
1.686717277390393065e+03 6.879250583033703730e-03
1.690914062356139766e+03 6.742387865733729356e-03
1.695110847321886922e+03 6.609842872615157537e-03
1.699307632287633623e+03 6.469948253032476587e-03
1.703504417253380325e+03 6.310915720347790372e-03
1.707701202219127481e+03 6.127989726550031428e-03
1.711897987184874182e+03 5.945731079363833320e-03
1.716094772150620884e+03 5.789828610902551971e-03
1.720291557116368040e+03 5.648499274087230744e-03
1.724488342082114741e+03 5.516787483480896370e-03
1.728685127047861897e+03 5.393829978966917238e-03
1.732881912013608598e+03 5.278763500428708573e-03
1.737078696979355300e+03 5.170718990456455062e-03
1.741275481945102456e+03 5.069044951920101752e-03
1.745472266910849157e+03 4.973340104873697973e-03
1.749669051876595859e+03 4.883210873732612110e-03
1.753865836842343015e+03 4.798263682912224694e-03
1.758062621808089716e+03 4.715045308309407691e-03
1.762259406773836872e+03 4.631269408325085039e-03
1.766456191739583574e+03 4.549740219824740910e-03
1.770652976705330275e+03 4.473278139654599320e-03
1.774849761671077431e+03 4.404703564660884287e-03
1.779046546636824132e+03 4.346836891689846716e-03
1.783243331602570834e+03 4.302409745479096083e-03
1.787440116568317990e+03 4.266723628013687104e-03
1.791636901534064691e+03 4.235278601180742647e-03
1.795833686499811847e+03 4.207354642468632069e-03
1.800030471465558549e+03 4.182231729365736873e-03
1.804227256431305250e+03 4.159189839360431622e-03
1.808424041397052406e+03 4.137508949941088275e-03
1.812620826362799107e+03 4.116469038596089203e-03
1.816817611328545809e+03 4.095350082813806365e-03
1.821014396294292965e+03 4.073432060082615193e-03
1.825211181260039666e+03 4.049994947890896320e-03
1.829407966225786822e+03 4.025293216151896829e-03
1.833604751191533524e+03 4.000405049250520609e-03
1.837801536157280225e+03 3.975434307510835284e-03
1.841998321123027381e+03 3.950479374355820444e-03
1.846195106088774082e+03 3.925638633208457413e-03
1.850391891054520784e+03 3.901010467491724479e-03
1.854588676020267940e+03 3.876693260628599064e-03
1.858785460986014641e+03 3.852785396042062924e-03
1.862982245951761797e+03 3.829385257155091746e-03
1.867179030917508499e+03 3.806591227390669456e-03
1.871375815883255200e+03 3.784501690171773042e-03
1.875572600849002356e+03 3.763215028921379057e-03
1.879769385814749057e+03 3.742589438108804602e-03
1.883966170780495759e+03 3.722046375216699413e-03
1.888162955746242915e+03 3.701744873068355327e-03
1.892359740711989616e+03 3.681896162999813774e-03
1.896556525677736317e+03 3.662711476347107076e-03
1.900753310643483474e+03 3.644402044446266257e-03
1.904950095609230175e+03 3.627179098633331444e-03
1.909146880574977331e+03 3.611253870244334526e-03
1.913343665540724032e+03 3.596837590615312164e-03
1.917540450506470734e+03 3.583689230060422681e-03
1.921737235472217890e+03 3.571089113135358234e-03
1.925934020437964591e+03 3.558991621446930872e-03
1.930130805403711292e+03 3.547364851677592065e-03
1.934327590369458449e+03 3.536176900509795020e-03
1.938524375335205150e+03 3.525395864625996845e-03
1.942721160300952306e+03 3.514989840708648578e-03
1.946917945266699007e+03 3.504926925440207328e-03
1.951114730232445709e+03 3.495175215503125432e-03
1.955311515198192865e+03 3.485702807579856097e-03
1.959508300163939566e+03 3.476477798352855132e-03
1.963705085129686267e+03 3.467468284504576607e-03
1.967901870095433424e+03 3.458642362717471996e-03
1.972098655061180125e+03 3.449968129673998841e-03
1.976295440026927281e+03 3.441413682056608612e-03
1.980492224992673982e+03 3.432947116547757551e-03
1.984689009958420684e+03 3.424536529829898864e-03
1.988885794924167840e+03 3.416150018585485757e-03
1.993082579889914541e+03 3.407755679496973604e-03
1.997279364855661242e+03 3.399323626326705879e-03
2.001476149821408399e+03 3.390963366548775584e-03
2.005672934787155100e+03 3.382751345287857148e-03
2.009869719752902256e+03 3.374686309497800223e-03
2.014066504718648957e+03 3.366767006132460535e-03
2.018263289684395659e+03 3.358992182145690338e-03
2.022460074650142815e+03 3.351360584491341020e-03
2.026656859615889516e+03 3.343870960123267871e-03
2.030853644581636217e+03 3.336522055995323581e-03
2.035050429547383374e+03 3.329312619061358669e-03
2.039247214513130075e+03 3.322241396275228860e-03
2.043443999478877231e+03 3.315307134590785541e-03
2.047640784444623932e+03 3.308508580961883137e-03
2.051837569410370634e+03 3.301820675362331179e-03
2.056034354376117335e+03 3.294661615562728772e-03
2.060231139341864491e+03 3.286981522324193029e-03
2.064427924307611192e+03 3.279048623086464921e-03
2.068624709273358349e+03 3.271131145289282813e-03
2.072821494239105050e+03 3.263497316372388109e-03
2.077018279204851751e+03 3.256415363775519607e-03
2.081215064170598907e+03 3.250153514938414808e-03
2.085411849136345609e+03 3.244979997300815981e-03
2.089608634102092310e+03 3.241163038302461493e-03
2.093805419067839466e+03 3.238970865383090578e-03
2.098002204033586167e+03 3.238650670037142992e-03
2.102198988999333324e+03 3.240074036181137419e-03
2.106395773965080025e+03 3.242991944748304951e-03
2.110592558930826726e+03 3.247195155009567277e-03
2.114789343896573882e+03 3.252474426235846088e-03
2.118986128862320584e+03 3.258620517698060902e-03
2.123182913828067285e+03 3.265424188667135144e-03
2.127379698793814441e+03 3.272676198413990503e-03
2.131576483759561143e+03 3.280167306209547367e-03
2.135773268725308299e+03 3.287688271324729159e-03
2.139970053691055000e+03 3.295029853030454533e-03
2.144166838656801701e+03 3.301982810597647346e-03
2.148363623622548857e+03 3.308885751420076460e-03
2.152560408588295559e+03 3.316663693517203377e-03
2.156757193554042260e+03 3.325142650673212474e-03
2.160953978519789416e+03 3.334113952688099510e-03
2.165150763485536118e+03 3.343368929361857211e-03
2.169347548451282819e+03 3.352698910494480468e-03
2.173544333417029975e+03 3.361895225885966777e-03
2.177741118382776676e+03 3.370749205336308427e-03
2.181937903348523832e+03 3.379052178645501614e-03
2.186134688314270534e+03 3.386595475613540362e-03
2.190331473280017235e+03 3.393170426040418696e-03
2.194528258245764391e+03 3.398568359726133244e-03
2.198725043211511093e+03 3.402829990887481885e-03
2.202921828177257794e+03 3.406944703870436186e-03
2.207118613143004950e+03 3.410982289598974912e-03
2.211315398108751651e+03 3.414876123617152388e-03
2.215512183074498807e+03 3.418559581469023806e-03
2.219708968040245509e+03 3.421966038698644793e-03
2.223905753005992210e+03 3.425028870850070975e-03
2.228102537971739366e+03 3.427681453467358412e-03
2.232299322937486068e+03 3.429857162094560995e-03
2.236496107903232769e+03 3.431489372275734785e-03
2.240692892868979925e+03 3.432511459554936275e-03
2.244889677834726626e+03 3.432856955830218548e-03
2.249086462800473782e+03 3.432856955830218548e-03
2.253283247766220484e+03 3.432856955830218548e-03
2.257480032731967185e+03 3.432856955830218548e-03
2.261676817697714341e+03 3.432856955830218548e-03
2.265873602663461043e+03 3.432856955830218548e-03
2.270070387629207744e+03 3.432856955830218548e-03
2.274267172594954900e+03 3.432856955830218548e-03
2.278463957560701601e+03 3.432856955830218548e-03
2.282660742526448757e+03 3.432856955830218548e-03
2.286857527492195459e+03 3.432856955830218548e-03
2.291054312457942160e+03 3.432856955830218548e-03
2.295251097423689316e+03 3.432856955830218548e-03
2.299447882389436018e+03 3.432856955830218548e-03
2.303644667355182719e+03 3.432856955830218548e-03
2.307841452320929875e+03 3.432856955830218548e-03
2.312038237286676576e+03 3.432856955830218548e-03
2.316235022252423732e+03 3.432856955830218548e-03
2.320431807218170434e+03 3.432856955830218548e-03
2.324628592183917135e+03 3.432856955830218548e-03
2.328825377149664291e+03 3.432856955830218115e-03
2.333022162115410993e+03 3.432856955830218115e-03
2.337218947081157694e+03 3.432856955830218115e-03
2.341415732046904850e+03 3.432856955830217681e-03
2.345612517012651551e+03 3.431179545513222181e-03
2.349809301978398707e+03 3.394291346556932258e-03
2.354006086944145409e+03 3.329061044088234712e-03
2.358202871909892110e+03 3.262117453981437220e-03
2.362399656875639266e+03 3.220089392110843558e-03
2.366596441841385968e+03 3.211677069409472115e-03
2.370793226807132669e+03 3.207345774074643260e-03
2.374990011772879825e+03 3.203901403282583861e-03
2.379186796738626526e+03 3.199632128126480776e-03
2.383383581704373682e+03 3.194316714565821873e-03
2.387580366670120384e+03 3.188454255273581207e-03
2.391777151635867085e+03 3.182453936766132131e-03
2.395973936601614241e+03 3.176724945559848863e-03
2.400170721567360943e+03 3.171676468171106492e-03
2.404367506533107644e+03 3.167717691116280539e-03
2.408564291498854800e+03 3.165257800911743056e-03
2.412761076464601501e+03 3.165749997412109756e-03
2.416957861430348657e+03 3.193484352162015601e-03
2.421154646396095359e+03 3.254869856159120240e-03
2.425351431361842060e+03 3.345031862025484026e-03
2.429548216327589216e+03 3.459095722383179021e-03
2.433745001293335918e+03 3.592186789854240423e-03
2.437941786259082619e+03 3.739430417060739427e-03
2.442138571224829775e+03 3.895951956624752865e-03
2.446335356190576476e+03 4.056876761168304660e-03
2.450532141156323178e+03 4.217330183313472945e-03
2.454728926122070334e+03 4.372437575682332385e-03
2.458925711087817035e+03 4.517324290896910371e-03
2.463122496053564191e+03 4.647115681579293278e-03
2.467319281019310893e+03 4.758923894652520442e-03
2.471516065985057594e+03 4.872208259815370875e-03
2.475712850950804750e+03 4.991652308627628730e-03
2.479909635916551451e+03 5.115383167485688769e-03
2.484106420882298153e+03 5.241527962785988252e-03
2.488303205848045309e+03 5.368213820924967912e-03
2.492499990813792010e+03 5.493567868299016436e-03
2.496696775779539166e+03 5.615717231304591037e-03
2.500893560745285868e+03 5.732789036338083871e-03
2.505090345711032569e+03 5.842910409795934804e-03
2.509287130676779725e+03 5.944208478074577626e-03
2.513483915642526426e+03 6.034810367570411435e-03
2.517680700608273128e+03 6.112843204679873493e-03
2.521877485574020284e+03 6.176434115799393255e-03
2.526074270539766985e+03 6.223710227325378493e-03
2.530271055505514141e+03 6.252798665654265599e-03
2.534467840471260843e+03 6.261882412839146414e-03
2.538664625437007544e+03 6.260973547615710996e-03
2.542861410402754700e+03 6.258646889053599491e-03
2.547058195368501401e+03 6.255132604568275703e-03
2.551254980334248103e+03 6.250660861575195633e-03
2.555451765299995259e+03 6.245461827489823085e-03
2.559648550265741960e+03 6.239765669727615795e-03
2.563845335231489116e+03 6.233802555704037567e-03
2.568042120197235818e+03 6.227802652834547870e-03
2.572238905162982519e+03 6.221996128534606173e-03
2.576435690128729675e+03 6.216613150219673679e-03
2.580632475094476376e+03 6.211845612434809157e-03
2.584829260060223078e+03 6.206871051786465830e-03
2.589026045025970234e+03 6.201395029804557431e-03
2.593222829991716935e+03 6.195580767703369636e-03
2.597419614957464091e+03 6.189591486697194195e-03
2.601616399923210793e+03 6.183590408000316785e-03
2.605813184888957494e+03 6.177740752827025686e-03
2.610009969854704650e+03 6.172205742391606575e-03
2.614206754820451351e+03 6.167148597908350335e-03
2.618403539786198053e+03 6.162732540591543511e-03
2.622600324751945209e+03 6.159120791655474381e-03
2.626797109717691910e+03 6.156476572314429491e-03
2.630993894683439066e+03 6.154963103782696253e-03
2.635190679649185768e+03 6.160328260078806219e-03
2.639387464614932469e+03 6.237841020928095240e-03
2.643584249580679625e+03 6.390552191357892937e-03
2.647781034546426326e+03 6.598430517835397573e-03
2.651977819512173028e+03 6.841444746827852509e-03
2.656174604477920184e+03 7.099563624802521060e-03
2.660371389443666885e+03 7.352755898226575465e-03
2.664568174409414041e+03 7.580990313567299854e-03
2.668764959375160743e+03 7.765320193251696798e-03
2.672961744340907444e+03 7.926995767115802352e-03
2.677158529306654600e+03 8.082356546819676954e-03
2.681355314272401301e+03 8.232312318016500596e-03
2.685552099238148003e+03 8.377772866359496640e-03
2.689748884203895159e+03 8.519647977501895383e-03
2.693945669169641860e+03 8.658847437096878555e-03
2.698142454135388562e+03 8.796281030797669515e-03
2.702339239101135718e+03 8.932858544257503766e-03
2.706536024066882419e+03 9.069489763129556098e-03
2.710732809032629575e+03 9.207084473067070687e-03
2.714929593998376276e+03 9.345344403917410156e-03
2.719126378964122978e+03 9.471697220491881106e-03
2.723323163929870134e+03 9.586105772322260979e-03
2.727519948895616835e+03 9.693057761055905511e-03
2.731716733861363537e+03 9.797040888340212070e-03
2.735913518827110693e+03 9.902542855822581494e-03
2.740110303792857394e+03 1.001405136515037125e-02
2.744307088758604550e+03 1.013605411797099433e-02
2.748503873724351251e+03 1.027303881593180472e-02
2.752700658690097953e+03 1.042949316068020153e-02
2.756897443655845109e+03 1.060990485386359081e-02
2.761094228621591810e+03 1.081876159712931787e-02
2.765291013587338512e+03 1.110581192167992177e-02
2.769487798553085668e+03 1.154835183205596416e-02
2.773684583518832369e+03 1.212587769405867356e-02
2.777881368484579525e+03 1.281548239809010212e-02
2.782078153450326226e+03 1.359425883455203828e-02
2.786274938416072928e+03 1.443929989384649254e-02
2.790471723381820084e+03 1.532769846637550316e-02
2.794668508347566785e+03 1.623654744254081350e-02
2.798865293313313487e+03 1.714293971274445660e-02
2.803062078279060643e+03 1.802396816738847246e-02
2.807258863244807344e+03 1.885672569687459749e-02
2.811455648210554500e+03 1.965441112187508998e-02
2.815652433176301201e+03 2.045225174986374170e-02
2.819849218142047903e+03 2.125367555927907409e-02
2.824046003107795059e+03 2.206207154234243045e-02
2.828242788073541760e+03 2.288082869127486610e-02
2.832439573039288462e+03 2.371333599829773472e-02
2.836636358005035618e+03 2.456298245563235880e-02
2.840833142970782319e+03 2.543315705549981445e-02
2.845029927936529475e+03 2.632724879012153518e-02
2.849226712902276176e+03 2.724864665171856937e-02
2.853423497868022878e+03 2.820073963251226376e-02
2.857620282833770034e+03 2.918691672472397552e-02
2.861817067799516735e+03 3.021071574833516724e-02
2.866013852765263437e+03 3.129889268894259918e-02
2.870210637731010593e+03 3.246056154554324141e-02
2.874407422696757294e+03 3.368304752666346352e-02
2.878604207662504450e+03 3.495367584083015899e-02
2.882800992628251151e+03 3.625977169656967314e-02
2.886997777593997853e+03 3.758866030240876760e-02
2.891194562559745009e+03 3.892766686687423178e-02
2.895391347525491710e+03 4.026411659849236935e-02
2.899588132491238412e+03 4.158533470578997665e-02
2.903784917456985568e+03 4.287864639729382227e-02
2.907981702422732269e+03 4.408403273481326101e-02
2.912178487388479425e+03 4.516653060471497588e-02
2.916375272354226126e+03 4.618698652880167538e-02
2.920572057319972828e+03 4.720684946944223026e-02
2.924768842285719984e+03 4.828756838900544190e-02
2.928965627251466685e+03 4.949059224985982025e-02
2.933162412217213387e+03 5.087737001437419443e-02
2.937359197182960543e+03 5.250935064491745602e-02
2.941555982148707244e+03 5.445297214851968493e-02
2.945752767114454400e+03 5.741031605020573136e-02
2.949949552080201101e+03 6.164379334106858538e-02
2.954146337045947803e+03 6.686248039267261856e-02
2.958343122011694959e+03 7.277545357658266045e-02
2.962539906977441660e+03 7.909178926436158386e-02
2.966736691943188362e+03 8.552056382757412811e-02
2.970933476908935518e+03 9.177085363778511584e-02
2.975130261874682219e+03 9.755173506655731575e-02
2.979327046840428920e+03 1.028616944608796574e-01
2.983523831806176076e+03 1.080232448859794886e-01
2.987720616771922778e+03 1.131630675928151364e-01
2.991917401737669934e+03 1.184072660378132219e-01
2.996114186703416635e+03 1.238819436773981042e-01
3.000310971669163337e+03 1.297132039679957938e-01
3.004507756634910493e+03 1.360313493310247035e-01
3.008704541600657194e+03 1.430724587388197688e-01
3.012901326566403895e+03 1.507653925572934317e-01
3.017098111532151052e+03 1.589000405630274226e-01
3.021294896497897753e+03 1.672662925326008077e-01
3.025491681463644909e+03 1.756540382425962055e-01
3.029688466429391610e+03 1.838540239469629023e-01
3.033885251395138312e+03 1.919209371318242319e-01
3.038082036360885468e+03 2.000128917583478827e-01
3.042278821326632169e+03 2.081495045606534811e-01
3.046475606292378870e+03 2.163503922728632900e-01
3.050672391258126027e+03 2.246351716290996836e-01
3.054869176223872728e+03 2.330234593634822049e-01
3.059065961189619884e+03 2.413278786547122801e-01
3.063262746155366585e+03 2.494676543171796546e-01
3.067459531121113287e+03 2.576795911828145824e-01
3.071656316086860443e+03 2.662008684930185498e-01
3.075853101052607144e+03 2.752686654891900453e-01
3.080049886018353845e+03 2.851201614127306661e-01
3.084246670984101002e+03 2.959004759488087499e-01
3.088443455949847703e+03 3.076729931433031529e-01
3.092640240915594859e+03 3.206405854737925387e-01
3.096837025881341560e+03 3.350085334419987126e-01
3.101033810847088262e+03 3.499109019882583604e-01
3.105230595812835418e+03 3.656821927543955630e-01
3.109427380778582119e+03 3.869614377369500202e-01
3.113624165744328820e+03 4.273815474802528103e-01
3.117820950710075977e+03 4.637920402740847714e-01
3.122017735675822678e+03 4.879296056002757065e-01
3.126214520641569834e+03 5.143918290232589730e-01
3.130411305607316535e+03 5.504474363381580693e-01
3.134608090573063237e+03 5.747284084960657680e-01
3.138804875538810393e+03 5.919579808001094179e-01
3.143001660504557094e+03 6.158934221571807921e-01
3.147198445470303795e+03 6.405905404445293438e-01
3.151395230436050952e+03 6.585351794762717148e-01
3.155592015401797653e+03 6.745866854791079392e-01
3.159788800367544809e+03 6.904196706495092650e-01
3.163985585333291510e+03 7.042522233213256433e-01
3.168182370299038212e+03 7.230730047400152349e-01
3.172379155264785368e+03 7.612077421118079723e-01
3.176575940230532069e+03 7.862357901726316767e-01
3.180772725196278770e+03 8.026753896533752597e-01
3.184969510162025927e+03 8.166782680096623670e-01
3.189166295127772628e+03 8.377097234372075096e-01
3.193363080093519784e+03 8.731676856692138777e-01
3.197559865059266485e+03 8.991058227068331465e-01
3.201756650025013187e+03 9.140762481827682251e-01
3.205953434990760343e+03 9.347205980595000296e-01
3.210150219956507044e+03 9.503322121437497438e-01
3.214347004922253745e+03 9.582083045285453293e-01
3.218543789888000902e+03 9.641315661764190414e-01
3.222740574853747603e+03 9.705855621669990940e-01
3.226937359819494304e+03 9.799337815649844519e-01
3.231134144785241460e+03 9.894986582321212421e-01
3.235330929750988162e+03 9.940971428199376625e-01
3.239527714716735318e+03 9.960917746735312717e-01
3.243724499682482019e+03 9.977011192098257375e-01
3.247921284648228720e+03 9.989034335373296880e-01
3.252118069613975877e+03 9.996769747645518622e-01
3.256314854579722578e+03 1.000000000000000000e+00
3.260511639545469279e+03 9.997880173898848755e-01
3.264708424511216435e+03 9.990063750219669858e-01
3.268905209476963137e+03 9.978348627112113567e-01
3.273101994442710293e+03 9.964580124980726428e-01
3.277298779408456994e+03 9.950585300987527804e-01
3.281495564374203695e+03 9.933317804307064680e-01
3.285692349339950852e+03 9.912495578023213794e-01
3.289889134305697553e+03 9.892421169199662190e-01
3.294085919271444254e+03 9.875910596975790989e-01
3.298282704237191410e+03 9.860697276413560308e-01
3.302479489202938112e+03 9.846917252637982232e-01
3.306676274168685268e+03 9.834790744426593623e-01
3.310873059134431969e+03 9.822052540302503854e-01
3.315069844100178670e+03 9.811035208501091009e-01
3.319266629065925827e+03 9.805736079297686647e-01
3.323463414031672528e+03 9.806325254925690738e-01
3.327660198997419229e+03 9.808507119112704897e-01
3.331856983963166385e+03 9.812046366360389626e-01
3.336053768928913087e+03 9.816759243346850905e-01
3.340250553894660243e+03 9.822746164499592814e-01
3.344447338860406944e+03 9.842362733169705002e-01
3.348644123826153645e+03 9.864955716643650785e-01
3.352840908791900802e+03 9.869913516071501247e-01
3.357037693757647503e+03 9.869886953886137793e-01
3.361234478723394204e+03 9.869840239442139174e-01
3.365431263689141360e+03 9.869782579436126024e-01
3.369628048654888062e+03 9.869723180564717868e-01
3.373824833620635218e+03 9.869671249539605506e-01
3.378021618586381919e+03 9.869634494654243584e-01
3.382218403552128621e+03 9.869605519528246163e-01
3.386415188517875777e+03 9.869570908877052240e-01
3.390611973483622478e+03 9.869517247416089711e-01
3.394808758449369179e+03 9.867891366819185883e-01
3.399005543415116335e+03 9.836176888115543138e-01
3.403202328380863037e+03 9.775573999232574085e-01
3.407399113346610193e+03 9.701872583135575656e-01
3.411595898312356894e+03 9.608019759753928524e-01
3.415792683278103596e+03 9.476551141668528855e-01
3.419989468243850752e+03 9.330488478453606849e-01
3.424186253209597453e+03 9.188169772907028854e-01
3.428383038175344154e+03 9.035279279180704615e-01
3.432579823141091310e+03 8.882005229570294480e-01
3.436776608106838012e+03 8.744668596712477093e-01
3.440973393072585168e+03 8.622851041043045894e-01
3.445170178038331869e+03 8.508604629180097634e-01
3.449366963004078571e+03 8.401545389665401320e-01
3.453563747969825727e+03 8.301289351040722631e-01
3.457760532935572428e+03 8.208109767427111958e-01
3.461957317901319129e+03 8.127900622283079635e-01
3.466154102867066285e+03 8.055979198511935557e-01
3.470350887832812987e+03 7.984511199651586066e-01
3.474547672798560143e+03 7.905662329239903086e-01
3.478744457764306844e+03 7.811598290814796286e-01
3.482941242730053546e+03 7.713719099913829425e-01
3.487138027695800702e+03 7.611736637619687107e-01
3.491334812661547403e+03 7.465777334786981578e-01
3.495531597627294104e+03 7.235729271789768102e-01
3.499728382593041260e+03 6.566279439774159732e-01
3.503925167558787962e+03 6.317162492036174637e-01
3.508121952524534663e+03 6.162098468175005728e-01
3.512318737490281819e+03 5.995873876229601551e-01
3.516515522456028521e+03 5.830965006277347706e-01
3.520712307421775677e+03 5.677478434884040137e-01
3.524909092387522378e+03 5.533148774820116911e-01
3.529105877353269079e+03 5.400471722496241744e-01
3.533302662319016235e+03 5.277016428442440343e-01
3.537499447284762937e+03 5.154837537340188902e-01
3.541696232250509638e+03 5.025989693870914765e-01
3.545893017216256794e+03 4.882550998888167681e-01
3.550089802182003496e+03 4.734984120699096688e-01
3.554286587147750652e+03 4.602868186879985890e-01
3.558483372113497353e+03 4.489617400736548025e-01
3.562680157079244054e+03 4.380371860987422594e-01
3.566876942044991210e+03 4.262573505727878520e-01
3.571073727010737912e+03 4.139507545778388642e-01
3.575270511976484613e+03 4.010716803015209608e-01
3.579467296942231769e+03 3.865142193162041107e-01
3.583664081907978471e+03 3.710631752719772969e-01
3.587860866873725627e+03 3.589845173118484944e-01
3.592057651839472328e+03 3.504571954910024600e-01
3.596254436805219029e+03 3.434764006074943476e-01
3.600451221770966185e+03 3.372473958650010761e-01
3.604648006736712887e+03 3.309754444672018403e-01
3.608844791702459588e+03 3.238658096177737256e-01
3.613041576668206744e+03 3.151519695900580342e-01
3.617238361633953446e+03 3.052613342184372081e-01
3.621435146599700602e+03 2.957142678274674585e-01
3.625631931565447303e+03 2.877655053175619537e-01
3.629828716531194004e+03 2.808225014472637282e-01
3.634025501496941160e+03 2.736609491898092661e-01
3.638222286462687862e+03 2.650565410550953516e-01
3.642419071428434563e+03 2.533930924674999141e-01
3.646615856394181719e+03 2.332710901790562008e-01
3.650812641359928421e+03 2.150019505371243145e-01
3.655009426325675577e+03 2.026090630768847822e-01
3.659206211291422278e+03 1.909858653348832647e-01
3.663402996257168979e+03 1.762196753921145276e-01
3.667599781222916135e+03 1.581716605908124740e-01
3.671796566188662837e+03 1.408588876909592780e-01
3.675993351154409538e+03 1.243844239706888150e-01
3.680190136120156694e+03 1.063741375815877299e-01
3.684386921085903396e+03 8.987728170933263760e-02
3.688583706051650552e+03 8.249020354540145816e-02
3.692780491017397253e+03 7.733122519422029606e-02
3.696977275983143954e+03 7.276864617780484656e-02
3.701174060948891110e+03 6.762758063379520346e-02
3.705370845914637812e+03 6.252071233155888363e-02
3.709567630880384513e+03 5.769287675247981861e-02
3.713764415846131669e+03 5.332343404434785467e-02
3.717961200811878371e+03 4.951855559160836528e-02
3.722157985777625527e+03 4.606577977478403668e-02
3.726354770743372228e+03 4.287218083246598088e-02
3.730551555709118929e+03 3.986682850793116933e-02
3.734748340674866085e+03 3.697879254445667063e-02
3.738945125640612787e+03 3.413714268532049012e-02
3.743141910606359488e+03 3.127094867379964782e-02
3.747338695572106644e+03 2.829764492485674354e-02
3.751535480537853346e+03 2.528338784992339647e-02
3.755732265503600502e+03 2.243758021828888560e-02
3.759929050469347203e+03 1.997135180671545662e-02
3.764125835435093904e+03 1.798179699764194950e-02
3.768322620400841060e+03 1.626215989061806713e-02
3.772519405366587762e+03 1.471953155234718633e-02
3.776716190332334463e+03 1.326893612934764224e-02
3.780912975298081619e+03 1.182539776813780995e-02
3.785109760263828321e+03 1.030394061523651553e-02
3.789306545229575022e+03 8.521359713063331523e-03
3.793503330195322178e+03 6.322182212939956442e-03
3.797700115161068879e+03 4.136444237134257948e-03
3.801896900126816035e+03 2.430228754874036532e-03
3.806093685092562737e+03 1.669618735387869190e-03
3.810290470058309438e+03 1.654577744935986769e-03
3.814487255024056594e+03 1.646019876006269995e-03
3.818684039989803296e+03 1.638652197627254829e-03
3.822880824955549997e+03 1.632407476708324723e-03
3.827077609921297153e+03 1.627218480158862477e-03
3.831274394887043854e+03 1.623017974888252626e-03
3.835471179852791010e+03 1.619738727805877972e-03
3.839667964818537712e+03 1.617313505821122615e-03
3.843864749784284413e+03 1.615675075843370006e-03
3.848061534750031569e+03 1.614756204782003598e-03
3.852258319715778271e+03 1.614670254171207643e-03
3.856455104681524972e+03 1.662318056426544729e-03
3.860651889647272128e+03 1.781891353055182602e-03
3.864848674613018829e+03 1.955512512365686299e-03
3.869045459578765985e+03 2.165303902666682219e-03
3.873242244544512687e+03 2.393387892266716967e-03
3.877439029510259388e+03 2.621886849474403935e-03
3.881635814476006544e+03 2.832923142598357379e-03
3.885832599441753246e+03 3.008619139947123471e-03
3.890029384407499947e+03 3.131097209829318637e-03
3.894226169373247103e+03 3.182479720553538487e-03
3.898422954338993804e+03 3.136597928903617737e-03
3.902619739304740961e+03 2.990526618386891034e-03
3.906816524270487662e+03 2.772282214611260232e-03
3.911013309236234363e+03 2.510099865844802984e-03
3.915210094201981519e+03 2.232214720355580467e-03
3.919406879167728221e+03 1.966861926411744930e-03
3.923603664133474922e+03 1.742276632281355596e-03
3.927800449099222078e+03 1.586693986232491855e-03
3.931997234064968779e+03 1.528017954452580559e-03
3.936194019030715936e+03 1.519361318491547694e-03
3.940390803996462637e+03 1.511989072242846295e-03
3.944587588962209338e+03 1.505740048567457117e-03
3.948784373927956494e+03 1.500453080326361998e-03
3.952981158893703196e+03 1.495967000380544077e-03
3.957177943859449897e+03 1.492120641590985626e-03
3.961374728825197053e+03 1.488752836818668266e-03
3.965571513790943754e+03 1.485702418924575137e-03
3.969768298756690911e+03 1.482808220769688077e-03
3.973965083722437612e+03 1.479909075214989357e-03
3.978161868688184313e+03 1.476843815121461250e-03
3.982358653653931469e+03 1.473451273350085810e-03
3.986555438619678171e+03 1.469570282761845960e-03
3.990752223585424872e+03 1.465002774698463553e-03
3.994949008551172028e+03 1.459590752759086811e-03
3.999145793516918729e+03 1.453686259174860216e-03
4.003342578482665886e+03 1.447698480462154954e-03
4.007539363448412587e+03 1.442036603137345028e-03
4.011736148414159288e+03 1.437109813716801838e-03
4.015932933379906444e+03 1.433327298716898304e-03
4.020129718345653146e+03 1.431098244654007128e-03
4.024326503311399847e+03 1.433806140663732975e-03
4.028523288277147003e+03 1.471605888676572179e-03
4.032720073242893704e+03 1.547557334703401248e-03
4.036916858208640406e+03 1.655737248189516038e-03
4.041113643174387562e+03 1.790222398580226934e-03
4.045310428140134263e+03 1.945089555320798783e-03
4.049507213105881419e+03 2.114415487856558234e-03
4.053703998071628121e+03 2.292276965632762328e-03
4.057900783037374822e+03 2.472750758094722535e-03
4.062097568003121978e+03 2.649913634687753143e-03
4.066294352968868679e+03 2.817842364857109025e-03
4.070491137934615381e+03 2.970613718048104035e-03
4.074687922900362537e+03 3.119922739195737840e-03
4.078884707866109238e+03 3.290458360973658528e-03
4.083081492831856394e+03 3.475276526456344463e-03
4.087278277797603096e+03 3.666798564915448380e-03
4.091475062763349797e+03 3.857445805622682859e-03
4.095671847729096953e+03 4.039639577849760479e-03
4.099868632694843654e+03 4.205801210868334410e-03
4.104065417660590356e+03 4.348352033950120266e-03
4.108262202626337057e+03 4.459713376366810679e-03
4.112458987592084668e+03 4.532306567390108690e-03
4.116655772557831369e+03 4.558552936291677439e-03
4.120852557523578071e+03 4.557447868019598100e-03
4.125049342489324772e+03 4.554400243669392070e-03
4.129246127455071473e+03 4.549899674897363300e-03
4.133442912420819084e+03 4.544433127475062256e-03
4.137639697386565786e+03 4.538487567174035071e-03
4.141836482352312487e+03 4.532549959765833948e-03
4.146033267318059188e+03 4.527107271022006753e-03
4.150230052283805890e+03 4.522464613018836559e-03
4.154426837249552591e+03 4.517947505700348372e-03
4.158623622215300202e+03 4.513430398381857583e-03
4.162820407181046903e+03 4.508913291063365060e-03
4.167017192146793604e+03 4.504396183744870802e-03
4.171213977112540306e+03 4.499879076426373074e-03
4.175410762078287007e+03 4.495361969107872745e-03
4.179607547044034618e+03 4.490844861789369813e-03
4.183804332009781319e+03 4.486327754470864279e-03
4.188001116975528021e+03 4.481810647152357878e-03
4.192197901941274722e+03 4.477293539833846273e-03
4.196394686907021423e+03 4.472776432515332933e-03
