4.071827333961817175e+00 1.128031847372180929e-03
8.143654667923634349e+00 1.307686075568643969e-03
1.221548200188545152e+01 1.598005298815141683e-03
1.628730933584726870e+01 1.987788972592796546e-03
2.035913666980908587e+01 2.465316471293979485e-03
2.443096400377090305e+01 3.020456469708965221e-03
2.850279133773272022e+01 3.645550566800949497e-03
3.257461867169453740e+01 4.334793962945900081e-03
3.664644600565635812e+01 5.082450059067896049e-03
4.071827333961817175e+01 5.880733396198207889e-03
4.479010067357999247e+01 6.718374490094857106e-03
4.886192800754180610e+01 7.580655298190927191e-03
5.293375534150362682e+01 8.451146094323940677e-03
5.700558267546544045e+01 9.314690868240060179e-03
6.107741000942726117e+01 1.016064694795197620e-02
6.514923734338907479e+01 1.098520813127062262e-02
6.922106467735089552e+01 1.179191351254688450e-02
7.329289201131271625e+01 1.259007158065481025e-02
7.736471934527452277e+01 1.339156982482781963e-02
8.143654667923634349e+01 1.420710267607545006e-02
8.550837401319816422e+01 1.504301486991702075e-02
8.958020134715998495e+01 1.589966804625776720e-02
9.365202868112179146e+01 1.677162957221386974e-02
9.772385601508361219e+01 1.764931853003118972e-02
1.017956833490454329e+02 1.852130204909296918e-02
1.058675106830072536e+02 1.937638292778881902e-02
1.099393380169690602e+02 2.020494097846764828e-02
1.140111653509308809e+02 2.099949911118439982e-02
1.180829926848927016e+02 2.175491566831591617e-02
1.221548200188545223e+02 2.246874213047172358e-02
1.262266473528163289e+02 2.314206945504069385e-02
1.302984746867781496e+02 2.378073883126717233e-02
1.343703020207399561e+02 2.439635610811323463e-02
1.384421293547017910e+02 2.500636508027812704e-02
1.425139566886635976e+02 2.563262187539882067e-02
1.465857840226254325e+02 2.629840582695079296e-02
1.506576113565872390e+02 2.702438379598619614e-02
1.547294386905490455e+02 2.782445274725648884e-02
1.588012660245108805e+02 2.870244337364718373e-02
1.628730933584726870e+02 2.965037190083693458e-02
1.669449206924344935e+02 3.064844338701230853e-02
1.710167480263963284e+02 3.166658112121813889e-02
1.750885753603581350e+02 3.266707160293845502e-02
1.791604026943199699e+02 3.360800387134603440e-02
1.832322300282817764e+02 3.444740276711807242e-02
1.873040573622435829e+02 3.514807490441709120e-02
1.913758846962054179e+02 3.568302205809432970e-02
1.954477120301672244e+02 3.604082346126639969e-02
1.995195393641290309e+02 3.622985083904346759e-02
2.035913666980908658e+02 3.627988926196988595e-02
2.076631940320526724e+02 3.623998156358380213e-02
2.117350213660145073e+02 3.617216681748382234e-02
2.158068486999763138e+02 3.614201783598228190e-02
2.198786760339381203e+02 3.620803511006247255e-02
2.239505033678999553e+02 3.641251635657802299e-02
2.280223307018617618e+02 3.677617832180474222e-02
2.320941580358235683e+02 3.729761497206789123e-02
2.361659853697854032e+02 3.795706885377417988e-02
2.402378127037472098e+02 3.872261883704356672e-02
2.443096400377090447e+02 3.955632762528830948e-02
2.483814673716708512e+02 4.041838760250508061e-02
2.524532947056326577e+02 4.126862801592406926e-02
2.565251220395944642e+02 4.206629007263155973e-02
2.605969493735562992e+02 4.277001125964778605e-02
2.646687767075181341e+02 4.333997354045029948e-02
2.687406040414799122e+02 4.374311145727770300e-02
2.728124313754417472e+02 4.396059735405281887e-02
2.768842587094035821e+02 4.399528424876401195e-02
2.809560860433653602e+02 4.387612389242417921e-02
2.850279133773271951e+02 4.365715383424891710e-02
2.890997407112890301e+02 4.341028953413411662e-02
2.931715680452508650e+02 4.321322532986807824e-02
2.972433953792126431e+02 4.313541855289447502e-02
3.013152227131744780e+02 4.322576354759912615e-02
3.053870500471363130e+02 4.350497146905762946e-02
3.094588773810980911e+02 4.396418290852714683e-02
3.135307047150599260e+02 4.456960618145984487e-02
3.176025320490217609e+02 4.527164789278979862e-02
3.216743593829835390e+02 4.601643503257722700e-02
3.257461867169453740e+02 4.675773999524687752e-02
3.298180140509072089e+02 4.746771150754370422e-02
3.338898413848689870e+02 4.814504843135264389e-02
3.379616687188308219e+02 4.881915533486363284e-02
3.420334960527926569e+02 4.954861917599180654e-02
3.461053233867544918e+02 5.041257013543356397e-02
3.501771507207162699e+02 5.149462963436647611e-02
3.542489780546781049e+02 5.286128897646544950e-02
3.583208053886399398e+02 5.453916194722062405e-02
3.623926327226017179e+02 5.649754698476264908e-02
3.664644600565635528e+02 5.864294606343367633e-02
3.705362873905253878e+02 6.082991809931222182e-02
3.746081147244871659e+02 6.288813632617562543e-02
3.786799420584490008e+02 6.466006040465033244e-02
3.827517693924108357e+02 6.603919048555510762e-02
3.868235967263726138e+02 6.699734149286047658e-02
3.908954240603344488e+02 6.759177029631176226e-02
3.949672513942962837e+02 6.794888020634512471e-02
3.990390787282580618e+02 6.822876501340595368e-02
4.031109060622198967e+02 6.858137580669232403e-02
4.071827333961817317e+02 6.910812969657631477e-02
4.112545607301435666e+02 6.984105469335574745e-02
4.153263880641053447e+02 7.074556480913245238e-02
4.193982153980671796e+02 7.174480851636104439e-02
4.234700427320290146e+02 7.275620598807627792e-02
4.275418700659907927e+02 7.372695890508111638e-02
4.316136973999526276e+02 7.465630904940426249e-02
4.356855247339144626e+02 7.559761557518167308e-02
4.397573520678762407e+02 7.664078242264524277e-02
4.438291794018380756e+02 7.788233480130432596e-02
4.479010067357999105e+02 7.939407582144983322e-02
4.519728340697616886e+02 8.120066713773006761e-02
4.560446614037235236e+02 8.327228688002810686e-02
4.601164887376853585e+02 8.553267210216626559e-02
4.641883160716471366e+02 8.787774132289057072e-02
4.682601434056089715e+02 9.019744005160398870e-02
4.723319707395708065e+02 9.239402922531550488e-02
4.764037980735326414e+02 9.439296414619616216e-02
4.804756254074944195e+02 9.614615520924810199e-02
4.845474527414562544e+02 9.763009126154012507e-02
4.886192800754180894e+02 9.884208679959929911e-02
4.926911074093798675e+02 9.979688921449011985e-02
4.967629347433417024e+02 1.005240238007682613e-01
5.008347620773035374e+02 1.010648091454402903e-01
5.049065894112653154e+02 1.014677879653790582e-01
5.089784167452271504e+02 1.017824096578196225e-01
5.130502440791889285e+02 1.020524060133524841e-01
5.171220714131508203e+02 1.023113277258063114e-01
5.211938987471125984e+02 1.025823646412312995e-01
5.252657260810743765e+02 1.028828339337246184e-01
5.293375534150362682e+02 1.032313899294866333e-01
5.334093807489980463e+02 1.036543227125216460e-01
5.374812080829598244e+02 1.041872907895552147e-01
5.415530354169217162e+02 1.048707091307358452e-01
5.456248627508834943e+02 1.057400385840216173e-01
5.496966900848452724e+02 1.068149692892292890e-01
5.537685174188071642e+02 1.080925322905176011e-01
5.578403447527689423e+02 1.095478102700795375e-01
5.619121720867307204e+02 1.111425921845032860e-01
5.659839994206926121e+02 1.128384864009531058e-01
5.700558267546543902e+02 1.146085116228828527e-01
5.741276540886162820e+02 1.164413746911778375e-01
5.781994814225780601e+02 1.183356872483662114e-01
5.822713087565398382e+02 1.202860811331614571e-01
5.863431360905017300e+02 1.222674706737516132e-01
5.904149634244635081e+02 1.242255107850599727e-01
5.944867907584252862e+02 1.260795259056969597e-01
5.985586180923871780e+02 1.277393014993503384e-01
6.026304454263489561e+02 1.291310499700197012e-01
6.067022727603107342e+02 1.302231815963889316e-01
6.107741000942726259e+02 1.310413948596483580e-01
6.148459274282344040e+02 1.316658115769120951e-01
6.189177547621961821e+02 1.322093752551504464e-01
6.229895820961580739e+02 1.327840169268920678e-01
6.270614094301198520e+02 1.334662332962064935e-01
6.311332367640816301e+02 1.342745435783564700e-01
6.352050640980435219e+02 1.351673044844661220e-01
6.392768914320053000e+02 1.360619973697268503e-01
6.433487187659670781e+02 1.368691549796970663e-01
6.474205460999289699e+02 1.375286208894415663e-01
6.514923734338907479e+02 1.380349306767005291e-01
6.555642007678525260e+02 1.384425954473020026e-01
6.596360281018144178e+02 1.388494076274545408e-01
6.637078554357761959e+02 1.393637935081299406e-01
6.677796827697379740e+02 1.400677907451516602e-01
6.718515101036998658e+02 1.409884929913244045e-01
6.759233374376616439e+02 1.420875016653225242e-01
6.799951647716234220e+02 1.432714578469467814e-01
6.840669921055853138e+02 1.444195536457651419e-01
6.881388194395470919e+02 1.454185817272843906e-01
6.922106467735089836e+02 1.461942641313044855e-01
6.962824741074707617e+02 1.467296119510633490e-01
7.003543014414325398e+02 1.470658520211759190e-01
7.044261287753944316e+02 1.472871264316196194e-01
7.084979561093562097e+02 1.474947713300409080e-01
7.125697834433179878e+02 1.477791924629636711e-01
7.166416107772798796e+02 1.481968617952877376e-01
7.207134381112416577e+02 1.487574034407927459e-01
7.247852654452034358e+02 1.494223198709176137e-01
7.288570927791653276e+02 1.501138575746727710e-01
7.329289201131271057e+02 1.507306298491219165e-01
7.370007474470888837e+02 1.511660906697892270e-01
7.410725747810507755e+02 1.513264489472536667e-01
7.451444021150125536e+02 1.511455510920475531e-01
7.492162294489743317e+02 1.505951543520638314e-01
7.532880567829362235e+02 1.496896718644509794e-01
7.573598841168980016e+02 1.484850024438919003e-01
7.614317114508597797e+02 1.470717036277253698e-01
7.655035387848216715e+02 1.455636558027419980e-01
7.695753661187834496e+02 1.440843526065802571e-01
7.736471934527452277e+02 1.427536255424115552e-01
7.777190207867071194e+02 1.416774873378387478e-01
7.817908481206688975e+02 1.409426071306578154e-01
7.858626754546306756e+02 1.406149335128771549e-01
7.899345027885925674e+02 1.407398967980073579e-01
7.940063301225543455e+02 1.413404714663070716e-01
7.980781574565161236e+02 1.424100225748386461e-01
8.021499847904780154e+02 1.438995083500687611e-01
8.062218121244397935e+02 1.457025435450099715e-01
8.102936394584015716e+02 1.476454841545151164e-01
8.143654667923634634e+02 1.494911948670512858e-01
8.184372941263252415e+02 1.509631032597567035e-01
8.225091214602871332e+02 1.517903625662195277e-01
8.265809487942490250e+02 1.517668790146351476e-01
8.306527761282106894e+02 1.508093951386265397e-01
8.347246034621726949e+02 1.489959785198324005e-01
8.387964307961343593e+02 1.465685307628539769e-01
8.428682581300961374e+02 1.438916989417765302e-01
8.469400854640580292e+02 1.413737282135931195e-01
8.510119127980199210e+02 1.393681571672688579e-01
8.550837401319815854e+02 1.380839289955289872e-01
8.591555674659433635e+02 1.375316933830880439e-01
8.632273947999052552e+02 1.375247660857224496e-01
8.672992221338670333e+02 1.377368064650434931e-01
8.713710494678289251e+02 1.378000451367528689e-01
8.754428768017908169e+02 1.374142138634930066e-01
8.795147041357524813e+02 1.364323050864771625e-01
8.835865314697144868e+02 1.348967320520618463e-01
8.876583588036761512e+02 1.330160226393001521e-01
8.917301861376379293e+02 1.310920658793302551e-01
8.958020134715998211e+02 1.294240019527728991e-01
8.998738408055617128e+02 1.282213295205688885e-01
9.039456681395233772e+02 1.275535312588487180e-01
9.080174954734851553e+02 1.273487912816979040e-01
9.120893228074470471e+02 1.274360640156969871e-01
9.161611501414088252e+02 1.276099503340977215e-01
9.202329774753707170e+02 1.276920379614446266e-01
9.243048048093326088e+02 1.275672892138370318e-01
9.283766321432942732e+02 1.271870428349436699e-01
9.324484594772562787e+02 1.265453859545710991e-01
9.365202868112179431e+02 1.256465207180559318e-01
9.405921141451797212e+02 1.244828554185533065e-01
9.446639414791416129e+02 1.230363713162558048e-01
9.487357688131035047e+02 1.213028975306995605e-01
9.528075961470652828e+02 1.193262743635996187e-01
9.568794234810269472e+02 1.172228246931719953e-01
9.609512508149888390e+02 1.151791825178970774e-01
9.650230781489506171e+02 1.134173758977799346e-01
9.690949054829125089e+02 1.121355133535688609e-01
9.731667328168744007e+02 1.114442201791801396e-01
9.772385601508361788e+02 1.113229122532434501e-01
9.813103874847980705e+02 1.116141633378827380e-01
9.853822148187597350e+02 1.120609939499763313e-01
9.894540421527215130e+02 1.123762153073245840e-01
9.935258694866834048e+02 1.123212277358916766e-01
9.975976968206452966e+02 1.117684389184173399e-01
1.001669524154607075e+03 1.107277742090822387e-01
1.005741351488568739e+03 1.093308427355410978e-01
1.009813178822530631e+03 1.077809295207281109e-01
1.013885006156492409e+03 1.062875777055360543e-01
1.017956833490454301e+03 1.050075502436168817e-01
1.022028660824416193e+03 1.040091006125586637e-01
1.026100488158377857e+03 1.032664930576157047e-01
1.030172315492339749e+03 1.026809957713047672e-01
1.034244142826301641e+03 1.021171920264611899e-01
1.038315970160263305e+03 1.014415145868580864e-01
1.042387797494225197e+03 1.005529352613391963e-01
1.046459624828187088e+03 9.940128184544612389e-02
1.050531452162148753e+03 9.799368532373957386e-02
1.054603279496110645e+03 9.639208656122937036e-02
1.058675106830072536e+03 9.470426775727069924e-02
1.062746934164034201e+03 9.306893164792144624e-02
1.066818761497996093e+03 9.163406864834619525e-02
1.070890588831957984e+03 9.052879781971139017e-02
1.074962416165919649e+03 8.983209829616142783e-02
1.079034243499881541e+03 8.954579359826028706e-02
1.083106070833843432e+03 8.958138785386289549e-02
1.087177898167805097e+03 8.976887754111544104e-02
1.091249725501766989e+03 8.989003973321416097e-02
1.095321552835728880e+03 8.973050035424931514e-02
1.099393380169690545e+03 8.913718193062095119e-02
1.103465207503652437e+03 8.806382175528396083e-02
1.107537034837614328e+03 8.658921683657308521e-02
1.111608862171575993e+03 8.490054875429606240e-02
1.115680689505537885e+03 8.324512348362018976e-02
1.119752516839499776e+03 8.186426780521358082e-02
1.123824344173461441e+03 8.092917371075376842e-02
1.127896171507423333e+03 8.049794937302286180e-02
1.131967998841385224e+03 8.050620342233320847e-02
1.136039826175347116e+03 8.079265089524882704e-02
1.140111653509308780e+03 8.115029921723442008e-02
1.144183480843270672e+03 8.138643973259833408e-02
1.148255308177232564e+03 8.137317108459116155e-02
1.152327135511194228e+03 8.107459478395843966e-02
1.156398962845156120e+03 8.054521029209649186e-02
1.160470790179118012e+03 7.990329224928301166e-02
1.164542617513079676e+03 7.929007608320057243e-02
1.168614444847041568e+03 7.882840710601066170e-02
1.172686272181003460e+03 7.859274808567948134e-02
1.176758099514965124e+03 7.859726410234055272e-02
1.180829926848927016e+03 7.880223269577717182e-02
1.184901754182888908e+03 7.913349986916377865e-02
1.188973581516850572e+03 7.950672779607988183e-02
1.193045408850812464e+03 7.984831445732205879e-02
1.197117236184774356e+03 8.010759154258950687e-02
1.201189063518736020e+03 8.025895167133931252e-02
1.205260890852697912e+03 8.029639009459277332e-02
1.209332718186659804e+03 8.022528820969565544e-02
1.213404545520621468e+03 8.005645075023140600e-02
1.217476372854583360e+03 7.980553915614393978e-02
1.221548200188545252e+03 7.949791842021144972e-02
1.225620027522506916e+03 7.917577618708615539e-02
1.229691854856468808e+03 7.890243514328125485e-02
1.233763682190430700e+03 7.875893194024290167e-02
1.237835509524392364e+03 7.883033852589634016e-02
1.241907336858354256e+03 7.918328559906559483e-02
1.245979164192316148e+03 7.984036391929275056e-02
1.250050991526277812e+03 8.075990929665258222e-02
1.254122818860239704e+03 8.182979894561999423e-02
1.258194646194201596e+03 8.288080774831504960e-02
1.262266473528163260e+03 8.371942571433939329e-02
1.266338300862125152e+03 8.417349206941313056e-02
1.270410128196087044e+03 8.413877136197109308e-02
1.274481955530048708e+03 8.361268682129119334e-02
1.278553782864010600e+03 8.270387143696460164e-02
1.282625610197972492e+03 8.161259357106413759e-02
1.286697437531934156e+03 8.058563867111923074e-02
1.290769264865896048e+03 7.985718602336078220e-02
1.294841092199857940e+03 7.959194116556855825e-02
1.298912919533819604e+03 7.984657086189898834e-02
1.302984746867781496e+03 8.056024308461803840e-02
1.307056574201743388e+03 8.157639409443491474e-02
1.311128401535705052e+03 8.268850266756126721e-02
1.315200228869666944e+03 8.369566675606154860e-02
1.319272056203628836e+03 8.445138582069304511e-02
1.323343883537590500e+03 8.489184759216387988e-02
1.327415710871552392e+03 8.503713503060823797e-02
1.331487538205514284e+03 8.496766781280032377e-02
1.335559365539475948e+03 8.478590786847010896e-02
1.339631192873437840e+03 8.457740754565748476e-02
1.343703020207399732e+03 8.438447722661557293e-02
1.347774847541361396e+03 8.420056353682406347e-02
1.351846674875323288e+03 8.398576636325630340e-02
1.355918502209285180e+03 8.369644468525913594e-02
1.359990329543246844e+03 8.331707474272498359e-02
1.364062156877208736e+03 8.288195609696505373e-02
1.368133984211170628e+03 8.247808618054172647e-02
1.372205811545132292e+03 8.222718601501739777e-02
1.376277638879094184e+03 8.225216204823845856e-02
1.380349466213056076e+03 8.263877515102198423e-02
1.384421293547017967e+03 8.340515206562475192e-02
1.388493120880979632e+03 8.448943844365781886e-02
1.392564948214941523e+03 8.576016741404898780e-02
1.396636775548903415e+03 8.704671170974828676e-02
1.400708602882865080e+03 8.818086207355438355e-02
1.404780430216826971e+03 8.903716506351688764e-02
1.408852257550788863e+03 8.956021002150368893e-02
1.412924084884750528e+03 8.977131974205790343e-02
1.416995912218712419e+03 8.975361725483237130e-02
1.421067739552674311e+03 8.962106429569320631e-02
1.425139566886635976e+03 8.948167766457330863e-02
1.429211394220597867e+03 8.940633584191517991e-02
1.433283221554559759e+03 8.941215929014423303e-02
1.437355048888521424e+03 8.946434740692836562e-02
1.441426876222483315e+03 8.949437078978342286e-02
1.445498703556445207e+03 8.942752647701594781e-02
1.449570530890406872e+03 8.921056181387139461e-02
1.453642358224368763e+03 8.883090049969104285e-02
1.457714185558330655e+03 8.832242912205870433e-02
1.461786012892292320e+03 8.775747531088465281e-02
1.465857840226254211e+03 8.722888812934330438e-02
1.469929667560216103e+03 8.682866842244521544e-02
1.474001494894177767e+03 8.662976869848967865e-02
1.478073322228139659e+03 8.667573084152695173e-02
1.482145149562101551e+03 8.697968217552225212e-02
1.486216976896063215e+03 8.753107372696655730e-02
1.490288804230025107e+03 8.830645187700936205e-02
1.494360631563986999e+03 8.928002991328769233e-02
1.498432458897948663e+03 9.043077964496051835e-02
1.502504286231910555e+03 9.174462390569773640e-02
1.506576113565872447e+03 9.321230799827939784e-02
1.510647940899834111e+03 9.482499309504847929e-02
1.514719768233796003e+03 9.657018087216036328e-02
1.518791595567757895e+03 9.843022748608225292e-02
1.522863422901719559e+03 1.003846764941769693e-01
1.526935250235681451e+03 1.024162860009058262e-01
1.531007077569643343e+03 1.045192859514115502e-01
1.535078904903605007e+03 1.067073572974269052e-01
1.539150732237566899e+03 1.090183077434880438e-01
1.543222559571528791e+03 1.115126334263312619e-01
1.547294386905490455e+03 1.142642498494159248e-01
1.551366214239452347e+03 1.173436411754584380e-01
1.555438041573414239e+03 1.207962263344077858e-01
1.559509868907375903e+03 1.246212400380233704e-01
1.563581696241337795e+03 1.287579832713478534e-01
1.567653523575299687e+03 1.330860223124076536e-01
1.571725350909261351e+03 1.374433047333136759e-01
1.575797178243223243e+03 1.416614461849871331e-01
1.579869005577185135e+03 1.456117248239711670e-01
1.583940832911146799e+03 1.492503737131341546e-01
1.588012660245108691e+03 1.526494958889323406e-01
1.592084487579070583e+03 1.560016794561736864e-01
1.596156314913032247e+03 1.595923024215810948e-01
1.600228142246994139e+03 1.637422734235672306e-01
1.604299969580956031e+03 1.687330472102416268e-01
1.608371796914917695e+03 1.747322397880094469e-01
1.612443624248879587e+03 1.817396800234954701e-01
1.616515451582841479e+03 1.895693759614723028e-01
1.620587278916803143e+03 1.978736478398525900e-01
1.624659106250765035e+03 2.062042502677829958e-01
1.628730933584726927e+03 2.140951517950505922e-01
1.632802760918688818e+03 2.211458877877123252e-01
1.636874588252650483e+03 2.270847679672541586e-01
1.640946415586612375e+03 2.317974468419680412e-01
1.645018242920574266e+03 2.353163628403157348e-01
1.649090070254536158e+03 2.377771650469299725e-01
1.653161897588498050e+03 2.393563524154584121e-01
1.657233724922459714e+03 2.402078672448931251e-01
1.661305552256421379e+03 2.404148322832459495e-01
1.665377379590383043e+03 2.399670729521846957e-01
1.669449206924345390e+03 2.387675813225866861e-01
1.673521034258306827e+03 2.366638870279109130e-01
1.677592861592268719e+03 2.334950883926383836e-01
1.681664688926230610e+03 2.291428385196164208e-01
1.685736516260192275e+03 2.235747854382902911e-01
1.689808343594154167e+03 2.168712191377943910e-01
1.693880170928116058e+03 2.092292483249946766e-01
1.697951998262077495e+03 2.009431146743758667e-01
1.702023825596039842e+03 1.923637895893881844e-01
1.706095652930001506e+03 1.838452940464934682e-01
1.710167480263963171e+03 1.756885391689589904e-01
1.714239307597924835e+03 1.680950110904805006e-01
1.718311134931886727e+03 1.611414887421123432e-01
1.722382962265848619e+03 1.547828473446857811e-01
1.726454789599810510e+03 1.488833957510335704e-01
1.730526616933772402e+03 1.432696292849582054e-01
1.734598444267734067e+03 1.377909198870569119e-01
1.738670271601695958e+03 1.323716631398937082e-01
1.742742098935657850e+03 1.270400807855588121e-01
1.746813926269619742e+03 1.219251248643705432e-01
1.750885753603581634e+03 1.172220709302408403e-01
1.754957580937543298e+03 1.131366488619988397e-01
1.759029408271504963e+03 1.098239825721780000e-01
1.763101235605466627e+03 1.073400902985292005e-01
1.767173062939428974e+03 1.056197485071698472e-01
1.771244890273390411e+03 1.044864642782551006e-01
1.775316717607352302e+03 1.036907932824800704e-01
1.779388544941314194e+03 1.029653384244852976e-01
1.783460372275275859e+03 1.020808542780174688e-01
1.787532199609237750e+03 1.008888964853371650e-01
1.791604026943199642e+03 9.934164368071389528e-02
1.795675854277161079e+03 9.748683696083951244e-02
1.799747681611123426e+03 9.544270557178116676e-02
1.803819508945085090e+03 9.336219295983294586e-02
1.807891336279046754e+03 9.139678605654689980e-02
1.811963163613008419e+03 8.966810372770914195e-02
1.816034990946970311e+03 8.825143546815902851e-02
1.820106818280932202e+03 8.717132284789584629e-02
1.824178645614894094e+03 8.640641629089149123e-02
1.828250472948855986e+03 8.589982128790488169e-02
1.832322300282817650e+03 8.557171890614170828e-02
1.836394127616779542e+03 8.533237130429871531e-02
1.840465954950741434e+03 8.509476134403613778e-02
1.844537782284703326e+03 8.478646589404595368e-02
1.848609609618665218e+03 8.435990322208274106e-02
1.852681436952626882e+03 8.379932307289318649e-02
1.856753264286588546e+03 8.312253629147819955e-02
1.860825091620550211e+03 8.237594483495239150e-02
1.864896918954512557e+03 8.162299420108677650e-02
1.868968746288473994e+03 8.092824821355107390e-02
1.873040573622435886e+03 8.034104868307917480e-02
1.877112400956397778e+03 7.988334940057979783e-02
1.881184228290359442e+03 7.954537311885304107e-02
1.885256055624321334e+03 7.929041191660771148e-02
1.889327882958283226e+03 7.906713882499748214e-02
1.893399710292245118e+03 7.882529008778632607e-02
1.897471537626207009e+03 7.852946925860886107e-02
1.901543364960168674e+03 7.816657380326672011e-02
1.905615192294130566e+03 7.774471219296170965e-02
1.909687019628092003e+03 7.728460325125555141e-02
1.913758846962053894e+03 7.680717009379878224e-02
1.917830674296016241e+03 7.632234565570925056e-02
1.921902501629977678e+03 7.582352065031727761e-02
1.925974328963939570e+03 7.528983206470087064e-02
1.930046156297901234e+03 7.469547432921305741e-02
1.934117983631863126e+03 7.402255844872457358e-02
1.938189810965825018e+03 7.327272458813471889e-02
1.942261638299786910e+03 7.247317459368693426e-02
1.946333465633748801e+03 7.167479086761167906e-02
1.950405292967710466e+03 7.094274094256253216e-02
1.954477120301672358e+03 7.034240045746661951e-02
1.958548947635633795e+03 6.992471283050956388e-02
1.962620774969596141e+03 6.971489438726492793e-02
1.966692602303558033e+03 6.970694060442841899e-02
1.970764429637519470e+03 6.986439318929875408e-02
1.974836256971481362e+03 7.012611508886221201e-02
1.978908084305443026e+03 7.041498875203369701e-02
1.982979911639404918e+03 7.064763739459881120e-02
1.987051738973366810e+03 7.074412406738814219e-02
1.991123566307328701e+03 7.063747846419710097e-02
1.995195393641290593e+03 7.028323942601252816e-02
1.999267220975252258e+03 6.966871564311935550e-02
2.003339048309214149e+03 6.882056682767276334e-02
2.007410875643175586e+03 6.780820138799739660e-02
2.011482702977137478e+03 6.674011687058838127e-02
2.015554530311099825e+03 6.575120465688975846e-02
2.019626357645061262e+03 6.498123303301214793e-02
2.023698184979023154e+03 6.454765694327001258e-02
2.027770012312984818e+03 6.451858333602625284e-02
2.031841839646946710e+03 6.489306000022145027e-02
2.035913666980908602e+03 6.559509240728819690e-02
2.039985494314870493e+03 6.648482889469684021e-02
2.044057321648832385e+03 6.738586906370171159e-02
2.048129148982794050e+03 6.812293778626668517e-02
2.052200976316755714e+03 6.856073564391310105e-02
2.056272803650717833e+03 6.863383862578609218e-02
2.060344630984679497e+03 6.835955258714869476e-02
2.064416458318641162e+03 6.783016219846838002e-02
2.068488285652603281e+03 6.718674096961019249e-02
2.072560112986564945e+03 6.658186157006520944e-02
2.076631940320526610e+03 6.614154878997077769e-02
2.080703767654488729e+03 6.593671093342459710e-02
2.084775594988450393e+03 6.597112989731455934e-02
2.088847422322412058e+03 6.618793443332553206e-02
2.092919249656374177e+03 6.649100824150108724e-02
2.096991076990335841e+03 6.677373817668147415e-02
2.101062904324297506e+03 6.694610071401035922e-02
2.105134731658259625e+03 6.695260141808170862e-02
2.109206558992221289e+03 6.677731593225802453e-02
2.113278386326182954e+03 6.643682287932214936e-02
2.117350213660145073e+03 6.596558382832559686e-02
2.121422040994106737e+03 6.540011634936304663e-02
2.125493868328068402e+03 6.476770952637461720e-02
2.129565695662030521e+03 6.408290504170191526e-02
2.133637522995992185e+03 6.335160752616379731e-02
2.137709350329953850e+03 6.257978286491497344e-02
2.141781177663915969e+03 6.178225074835910074e-02
2.145853004997877633e+03 6.098745384860095042e-02
2.149924832331839298e+03 6.023596937595963874e-02
2.153996659665801417e+03 5.957308765303222231e-02
2.158068486999763081e+03 5.903802694290981312e-02
2.162140314333724746e+03 5.865350759295714228e-02
2.166212141667686865e+03 5.841916138278374637e-02
2.170283969001648529e+03 5.831081786511486953e-02
2.174355796335610194e+03 5.828569407251724815e-02
2.178427623669572313e+03 5.829166211814601484e-02
2.182499451003533977e+03 5.827769534839270793e-02
2.186571278337495642e+03 5.820258665381507907e-02
2.190643105671457761e+03 5.803998891028956664e-02
2.194714933005419425e+03 5.777931938062930151e-02
2.198786760339381090e+03 5.742351277693783645e-02
2.202858587673343209e+03 5.698547052323952450e-02
2.206930415007304873e+03 5.648504567584815284e-02
2.211002242341266538e+03 5.594757878615887886e-02
2.215074069675228657e+03 5.540374710890407645e-02
2.219145897009190321e+03 5.488939064360739278e-02
2.223217724343151986e+03 5.444358558507713525e-02
2.227289551677114105e+03 5.410383016353258190e-02
2.231361379011075769e+03 5.389864139201457766e-02
2.235433206345037433e+03 5.383956060961510304e-02
2.239505033678999553e+03 5.391572806199544654e-02
2.243576861012961217e+03 5.409411392367334537e-02
2.247648688346922881e+03 5.432693690029318651e-02
2.251720515680885001e+03 5.456516126360607538e-02
2.255792343014846665e+03 5.477421672394001961e-02
2.259864170348808329e+03 5.494643877636248147e-02
2.263935997682770449e+03 5.510509946291669570e-02
2.268007825016732113e+03 5.529745940816236521e-02
2.272079652350694232e+03 5.557825313301049952e-02
2.276151479684655897e+03 5.598892874211765930e-02
2.280223307018617561e+03 5.654015405655594961e-02
2.284295134352579680e+03 5.720448147895719482e-02
2.288366961686541345e+03 5.792262954007321163e-02
2.292438789020503009e+03 5.862177733350736053e-02
2.296510616354465128e+03 5.923953976079615602e-02
2.300582443688426793e+03 5.974484101863936081e-02
2.304654271022388457e+03 6.014782466579772502e-02
2.308726098356350576e+03 6.049496687530486749e-02
2.312797925690312240e+03 6.085113705853940902e-02
2.316869753024273905e+03 6.127525410487313223e-02
2.320941580358236024e+03 6.179846198364593451e-02
2.325013407692197688e+03 6.241253622840815807e-02
2.329085235026159353e+03 6.307212379729029705e-02
2.333157062360121472e+03 6.370917537699913313e-02
2.337228889694083136e+03 6.425370122974052856e-02
2.341300717028044801e+03 6.465337408786604734e-02
2.345372544362006920e+03 6.488591543267469008e-02
2.349444371695968584e+03 6.496173138396013624e-02
2.353516199029930249e+03 6.491819155878859882e-02
2.357588026363892368e+03 6.480955813697988899e-02
2.361659853697854032e+03 6.469694112791252172e-02
2.365731681031815697e+03 6.464098568997639349e-02
2.369803508365777816e+03 6.469743644391470760e-02
2.373875335699739480e+03 6.491373353735446772e-02
2.377947163033701145e+03 6.532441238750098800e-02
2.382018990367663264e+03 6.594442659673707685e-02
2.386090817701624928e+03 6.676178350013604879e-02
2.390162645035586593e+03 6.773277346392107823e-02
2.394234472369548712e+03 6.878345520029124915e-02
2.398306299703510376e+03 6.981952361914577077e-02
2.402378127037472041e+03 7.074374841359618027e-02
2.406449954371434160e+03 7.147702610281675417e-02
2.410521781705395824e+03 7.197707324320898326e-02
2.414593609039357489e+03 7.224880708069719715e-02
2.418665436373319608e+03 7.234262087603915425e-02
2.422737263707281272e+03 7.234036750147068706e-02
2.426809091041242937e+03 7.233271494937033863e-02
2.430880918375205056e+03 7.239437694318821837e-02
2.434952745709166720e+03 7.256465502537398637e-02
2.439024573043128385e+03 7.283945395672480894e-02
2.443096400377090504e+03 7.317777354568258397e-02
2.447168227711052168e+03 7.352146035501701260e-02
2.451240055045013833e+03 7.382283872613674969e-02
2.455311882378975952e+03 7.407190361681567636e-02
2.459383709712937616e+03 7.431401556621762550e-02
2.463455537046899281e+03 7.465098423044742859e-02
2.467527364380861400e+03 7.522284501393236567e-02
2.471599191714823064e+03 7.617349552969487902e-02
2.475671019048784729e+03 7.760897191646891347e-02
2.479742846382746848e+03 7.956059528250894464e-02
2.483814673716708512e+03 8.196502871565045090e-02
2.487886501050670176e+03 8.466906089412006009e-02
2.491958328384632296e+03 8.745970038691609771e-02
2.496030155718593960e+03 9.011218490386542490e-02
2.500101983052555624e+03 9.244254113373172321e-02
2.504173810386517744e+03 9.434959399006440095e-02
2.508245637720479408e+03 9.583457873176325081e-02
2.512317465054441072e+03 9.699366766766814862e-02
2.516389292388403192e+03 9.798721449403235972e-02
2.520461119722364856e+03 9.899629317451470734e-02
2.524532947056326520e+03 1.001798587034637700e-01
2.528604774390288640e+03 1.016439324364025037e-01
2.532676601724250304e+03 1.034288048862176124e-01
2.536748429058211968e+03 1.055137731081323416e-01
2.540820256392174088e+03 1.078339210153005379e-01
2.544892083726135752e+03 1.103014688183873576e-01
2.548963911060097416e+03 1.128252952594423208e-01
2.553035738394059535e+03 1.153250912580449511e-01
2.557107565728021200e+03 1.177394594777288750e-01
2.561179393061982864e+03 1.200288341332027275e-01
2.565251220395944983e+03 1.221741525537905770e-01
2.569323047729906648e+03 1.241715919052624739e-01
2.573394875063868312e+03 1.260235934743148545e-01
2.577466702397830431e+03 1.277275466238393942e-01
2.581538529731792096e+03 1.292655610435820557e-01
2.585610357065753760e+03 1.306004270524434296e-01
2.589682184399715879e+03 1.316826162205880224e-01
2.593754011733677544e+03 1.324701982688199775e-01
2.597825839067639208e+03 1.329584252775438957e-01
2.601897666401601327e+03 1.332103910960324988e-01
2.605969493735562992e+03 1.333770993413709305e-01
2.610041321069524656e+03 1.336963249433650580e-01
2.614113148403486775e+03 1.344650742596149307e-01
2.618184975737448440e+03 1.359885973858130648e-01
2.622256803071410104e+03 1.385168801982921694e-01
2.626328630405372223e+03 1.421844044087511028e-01
2.630400457739333888e+03 1.469689868984996317e-01
2.634472285073295552e+03 1.526808566407029111e-01
2.638544112407257671e+03 1.589856411044148210e-01
2.642615939741219336e+03 1.654571988046855679e-01
2.646687767075181000e+03 1.716504134244284663e-01
2.650759594409143119e+03 1.771811037851363235e-01
2.654831421743104784e+03 1.817997715674607162e-01
2.658903249077066448e+03 1.854470173367044339e-01
2.662975076411028567e+03 1.882803354959216302e-01
2.667046903744990232e+03 1.906646711638925740e-01
2.671118731078951896e+03 1.931233031317065030e-01
2.675190558412914015e+03 1.962519952887510910e-01
2.679262385746875680e+03 2.006076727039361463e-01
2.683334213080837344e+03 2.065913876558228279e-01
2.687406040414799463e+03 2.143511098709013074e-01
2.691477867748761128e+03 2.237298682890609958e-01
2.695549695082722792e+03 2.342773059808879454e-01
2.699621522416684911e+03 2.453285708728564773e-01
2.703693349750646576e+03 2.561370887323505818e-01
2.707765177084608240e+03 2.660322947220754020e-01
2.711837004418570359e+03 2.745649351520002557e-01
2.715908831752532024e+03 2.816042767233463140e-01
2.719980659086493688e+03 2.873635052903094622e-01
2.724052486420455807e+03 2.923485029644943833e-01
2.728124313754417472e+03 2.972455326986677693e-01
2.732196141088379136e+03 3.027790958802827337e-01
2.736267968422341255e+03 3.095777015640909791e-01
2.740339795756302919e+03 3.180806269541798237e-01
2.744411623090264584e+03 3.285044346038408780e-01
2.748483450424226703e+03 3.408684606182495469e-01
2.752555277758188367e+03 3.550598300938725416e-01
2.756627105092150032e+03 3.709068770465730469e-01
2.760698932426112151e+03 3.882293086231959900e-01
2.764770759760073815e+03 4.068447786655325915e-01
2.768842587094035935e+03 4.265313584279304959e-01
2.772914414427997599e+03 4.469668910589245092e-01
2.776986241761959263e+03 4.676811045035010328e-01
2.781058069095921383e+03 4.880578098582812885e-01
2.785129896429883047e+03 5.074100781037558239e-01
2.789201723763844711e+03 5.251245647937874406e-01
2.793273551097806831e+03 5.408412320719330202e-01
2.797345378431768495e+03 5.546132067732301163e-01
2.801417205765730159e+03 5.669880132189754063e-01
2.805489033099692278e+03 5.789692576999384555e-01
2.809560860433653943e+03 5.918520479988961247e-01
2.813632687767615607e+03 6.069641810531278825e-01
2.817704515101577726e+03 6.253743845383212818e-01
2.821776342435539391e+03 6.476383520311866926e-01
2.825848169769501055e+03 6.736409255802362495e-01
2.829919997103463174e+03 7.025655402871857635e-01
2.833991824437424839e+03 7.329923413174450619e-01
2.838063651771386503e+03 7.631055810684260754e-01
2.842135479105348622e+03 7.909833647158196479e-01
2.846207306439310287e+03 8.149436906610858511e-01
2.850279133773271951e+03 8.339191764686566533e-01
2.854350961107234070e+03 8.478193904572357553e-01
2.858422788441195735e+03 8.578139744834519798e-01
2.862494615775157399e+03 8.664440269334814371e-01
2.866566443109119518e+03 8.774646616063005444e-01
2.870638270443081183e+03 8.953578071241562464e-01
2.874710097777042847e+03 9.245363994392234996e-01
2.878781925111004966e+03 9.683717795140827089e-01
2.882853752444966631e+03 1.028277040387323593e+00
2.886925579778928295e+03 1.103124070213066688e+00
2.890997407112890414e+03 1.189227122227162869e+00
2.895069234446852079e+03 1.280987689459330170e+00
2.899141061780813743e+03 1.372099473137085690e+00
2.903212889114775862e+03 1.457023227197086657e+00
2.907284716448737527e+03 1.532330471682116224e+00
2.911356543782699191e+03 1.597530834670482180e+00
2.915428371116661310e+03 1.655143190186776803e+00
2.919500198450622975e+03 1.709998906574680122e+00
2.923572025784584639e+03 1.767995994778355451e+00
2.927643853118546758e+03 1.834673570373524409e+00
2.931715680452508423e+03 1.913996496344697151e+00
2.935787507786470087e+03 2.007632397652750811e+00
2.939859335120432206e+03 2.114819607650679334e+00
2.943931162454393871e+03 2.232742981401484972e+00
2.948002989788355535e+03 2.357223216245469821e+00
2.952074817122317654e+03 2.483513113671651062e+00
2.956146644456279319e+03 2.607060136072910872e+00
2.960218471790240983e+03 2.724182502487713542e+00
2.964290299124203102e+03 2.832656554281392847e+00
2.968362126458164767e+03 2.932196796562701824e+00
2.972433953792126431e+03 3.024744457570199163e+00
2.976505781126088550e+03 3.114421304564564341e+00
2.980577608460050214e+03 3.207015305940905225e+00
2.984649435794011879e+03 3.308974575660208473e+00
2.988721263127973998e+03 3.426070710718140955e+00
2.992793090461935662e+03 3.562074503724771635e+00
2.996864917795897327e+03 3.717869506859088347e+00
3.000936745129859446e+03 3.891345506901594753e+00
3.005008572463821110e+03 4.078168638904896781e+00
3.009080399797782775e+03 4.273201960110101894e+00
3.013152227131744894e+03 4.472084783922478657e+00
3.017224054465706558e+03 4.672397471135490754e+00
3.021295881799668223e+03 4.873996533659726182e+00
3.025367709133630342e+03 5.078452893955532232e+00
3.029439536467592006e+03 5.287920473148739475e+00
3.033511363801553671e+03 5.504024351087247524e+00
3.037583191135515790e+03 5.727354890206385107e+00
3.041655018469477454e+03 5.957866694198796331e+00
3.045726845803439119e+03 6.196021975373419366e+00
3.049798673137401238e+03 6.444091363244170978e+00
3.053870500471362902e+03 6.706840011185417616e+00
3.057942327805324567e+03 6.990998806333290183e+00
3.062014155139286686e+03 7.303410529277931218e+00
3.066085982473248350e+03 7.648359438480246020e+00
3.070157809807210015e+03 8.025073321782544511e+00
3.074229637141172134e+03 8.426499375648671020e+00
3.078301464475133798e+03 8.840110646610817469e+00
3.082373291809095463e+03 9.250799823886804774e+00
3.086445119143057582e+03 9.645121781870738431e+00
3.090516946477019246e+03 1.001557103305457197e+01
3.094588773810980911e+03 1.036346573189631393e+01
3.098660601144943030e+03 1.069941875005613596e+01
3.102732428478904694e+03 1.104116376684197931e+01
3.106804255812866359e+03 1.140937544436226680e+01
3.110876083146828478e+03 1.182275344622325086e+01
3.114947910480790142e+03 1.229380878595432236e+01
3.119019737814751807e+03 1.282646513155941115e+01
3.123091565148713926e+03 1.341592773110209613e+01
3.127163392482675590e+03 1.405055447316277650e+01
3.131235219816637255e+03 1.471495554293484886e+01
3.135307047150599374e+03 1.539339849539734928e+01
3.139378874484561038e+03 1.607278098181647508e+01
3.143450701818522703e+03 1.674478875736267014e+01
3.147522529152484822e+03 1.740716949089401666e+01
3.151594356486446486e+03 1.806417488554678386e+01
3.155666183820408150e+03 1.872614420079488795e+01
3.159738011154370270e+03 1.940804874724828721e+01
3.163809838488331934e+03 2.012678001482637313e+01
3.167881665822293598e+03 2.089718554432781161e+01
3.171953493156255718e+03 2.172733523908986797e+01
3.176025320490217382e+03 2.261406638847345718e+01
3.180097147824179046e+03 2.354023013420353294e+01
3.184168975158141166e+03 2.447498480292449230e+01
3.188240802492102830e+03 2.537784383031487678e+01
3.192312629826064494e+03 2.620611125777324446e+01
3.196384457160026614e+03 2.692416355350858481e+01
3.200456284493988278e+03 2.751219788633322949e+01
3.204528111827949942e+03 2.797192446956005440e+01
3.208599939161912062e+03 2.832736374583163297e+01
3.212671766495873726e+03 2.862024458427803708e+01
3.216743593829835390e+03 2.890105906382446932e+01
3.220815421163797510e+03 2.921808403630999607e+01
3.224887248497759174e+03 2.960720095309560662e+01
3.228959075831720838e+03 3.008497106829899437e+01
3.233030903165682957e+03 3.064631924528317697e+01
3.237102730499644622e+03 3.126677229050408258e+01
3.241174557833606286e+03 3.190800085209823322e+01
3.245246385167568405e+03 3.252482376896593763e+01
3.249318212501530070e+03 3.307197596394551908e+01
3.253390039835491734e+03 3.350963308464607593e+01
3.257461867169453853e+03 3.380753115602630743e+01
3.261533694503415518e+03 3.394809025453513129e+01
3.265605521837377637e+03 3.392898535515483616e+01
3.269677349171339301e+03 3.376512885176796885e+01
3.273749176505300966e+03 3.348933998131754208e+01
3.277821003839263085e+03 3.315052041082209655e+01
3.281892831173224749e+03 3.280830886839812877e+01
3.285964658507186869e+03 3.252406743075123075e+01
3.290036485841148533e+03 3.234942622359201181e+01
3.294108313175110197e+03 3.231496327472206076e+01
3.298180140509072316e+03 3.242231200433695903e+01
3.302251967843033981e+03 3.264262440274123378e+01
3.306323795176996100e+03 3.292280366604900621e+01
3.310395622510956855e+03 3.319863897460354707e+01
3.314467449844919429e+03 3.341166158238155504e+01
3.318539277178881548e+03 3.352502969872778493e+01
3.322611104512842758e+03 3.353366215933257166e+01
3.326682931846805332e+03 3.346533480140867312e+01
3.330754759180766087e+03 3.337212800880591601e+01
3.334826586514728206e+03 3.331462239933613745e+01
3.338898413848690780e+03 3.334357365525846006e+01
3.342970241182651989e+03 3.348464323744727977e+01
3.347042068516613654e+03 3.373079802328286547e+01
3.351113895850575318e+03 3.404451777262815426e+01
3.355185723184537437e+03 3.436879000535193995e+01
3.359257550518499102e+03 3.464309421188258398e+01
3.363329377852461221e+03 3.481911598193286039e+01
3.367401205186422885e+03 3.487126130918194633e+01
3.371473032520384550e+03 3.479901326283899010e+01
3.375544859854346669e+03 3.462107407681212123e+01
3.379616687188308333e+03 3.436404534980884051e+01
3.383688514522270452e+03 3.405015220295226186e+01
3.387760341856232117e+03 3.368863842721312807e+01
3.391832169190193781e+03 3.327395337418435162e+01
3.395903996524154991e+03 3.279128457066869373e+01
3.399975823858117565e+03 3.222727984278415647e+01
3.404047651192079684e+03 3.158189019632372307e+01
3.408119478526040439e+03 3.087679259106256424e+01
3.412191305860003013e+03 3.015695664970287027e+01
3.416263133193964222e+03 2.948420356707502066e+01
3.420334960527926341e+03 2.892428903457481582e+01
3.424406787861888915e+03 2.853123396053121041e+01
3.428478615195849670e+03 2.833361972489124625e+01
3.432550442529811789e+03 2.832705497456951704e+01
3.436622269863773454e+03 2.847518895963530028e+01
3.440694097197735573e+03 2.871908108852474584e+01
3.444765924531697237e+03 2.899223774772895723e+01
3.448837751865658902e+03 2.923695537874839445e+01
3.452909579199621021e+03 2.941725661599324582e+01
3.456981406533582685e+03 2.952476321457321617e+01
3.461053233867544805e+03 2.957598623062962062e+01
3.465125061201506469e+03 2.960208833512728432e+01
3.469196888535468133e+03 2.963442154420037156e+01
3.473268715869430252e+03 2.969040218574085088e+01
3.477340543203391917e+03 2.976418026489491098e+01
3.481412370537354036e+03 2.982511796173485408e+01
3.485484197871315700e+03 2.982473162924377874e+01
3.489556025205277365e+03 2.971016993172083787e+01
3.493627852539239484e+03 2.944027005527430063e+01
3.497699679873201148e+03 2.899937332051376160e+01
3.501771507207163268e+03 2.840466623020266823e+01
3.505843334541124023e+03 2.770468193251903699e+01
3.509915161875086596e+03 2.696919244603514088e+01
3.513986989209048716e+03 2.627325468459645208e+01
3.518058816543009925e+03 2.567986733188974924e+01
3.522130643876972499e+03 2.522603489140728428e+01
3.526202471210933254e+03 2.491593144936485871e+01
3.530274298544895373e+03 2.472267912413242286e+01
3.534346125878857947e+03 2.459771002205141954e+01
3.538417953212819157e+03 2.448457223080497869e+01
3.542489780546780821e+03 2.433300966085131023e+01
3.546561607880742486e+03 2.410945685217319223e+01
3.550633435214704605e+03 2.380155616327980894e+01
3.554705262548666269e+03 2.341636893903024230e+01
3.558777089882628388e+03 2.297389449272066031e+01
3.562848917216590053e+03 2.249870467312746314e+01
3.566920744550551717e+03 2.201262590496835969e+01
3.570992571884513836e+03 2.153053011513618031e+01
3.575064399218475501e+03 2.105984705807338386e+01
3.579136226552437620e+03 2.060296465390664267e+01
3.583208053886399284e+03 2.016076349526912992e+01
3.587279881220360949e+03 1.973541352165081619e+01
3.591351708554322158e+03 1.933119471487208330e+01
3.595423535888284732e+03 1.895315933581930068e+01
3.599495363222246851e+03 1.860446989814982288e+01
3.603567190556207606e+03 1.828382069634039908e+01
3.607639017890170180e+03 1.798428497872453491e+01
3.611710845224131390e+03 1.769429575085936079e+01
3.615782672558093509e+03 1.740055592593772715e+01
3.619854499892056083e+03 1.709186370658878928e+01
3.623926327226016838e+03 1.676244878873198374e+01
3.627998154559978957e+03 1.641358000635262471e+01
3.632069981893940621e+03 1.605284035221795946e+01
3.636141809227902741e+03 1.569131257977542226e+01
3.640213636561864405e+03 1.533965540012413342e+01
3.644285463895826069e+03 1.500441453262211056e+01
3.648357291229788189e+03 1.468579437873273363e+01
3.652429118563749853e+03 1.437758446742537544e+01
3.656500945897711972e+03 1.406919941721975853e+01
3.660572773231673636e+03 1.374911468034108886e+01
3.664644600565635301e+03 1.340858223990102260e+01
3.668716427899597420e+03 1.304449586514389026e+01
3.672788255233559084e+03 1.266061199470616216e+01
3.676860082567521204e+03 1.226687645697780482e+01
3.680931909901482868e+03 1.187716601579262665e+01
3.685003737235444532e+03 1.150615436697590965e+01
3.689075564569406652e+03 1.116615577341153198e+01
3.693147391903368316e+03 1.086468236897981399e+01
3.697219219237330435e+03 1.060315171356921660e+01
3.701291046571291190e+03 1.037682166297305919e+01
3.705362873905253764e+03 1.017572922152262116e+01
3.709434701239215883e+03 9.986246416229988654e+00
3.713506528573177093e+03 9.792856794292694289e+00
3.717578355907139667e+03 9.579862600903522818e+00
3.721650183241100422e+03 9.332883910780424230e+00
3.725722010575062541e+03 9.040134112166139602e+00
3.729793837909025115e+03 8.693504254271823939e+00
3.733865665242986324e+03 8.289455810875555386e+00
3.737937492576947989e+03 7.829640292347936459e+00
3.742009319910909653e+03 7.321089965128050103e+00
3.746081147244871772e+03 6.775809429350999835e+00
3.750152974578833437e+03 6.209670389777222077e+00
3.754224801912795556e+03 5.640661219090951306e+00
3.758296629246757220e+03 5.086723122746372283e+00
3.762368456580718885e+03 4.563551490199991179e+00
3.766440283914681004e+03 4.082795870698808116e+00
3.770512111248642668e+03 3.651025390343344501e+00
3.774583938582604787e+03 3.269650333004948006e+00
3.778655765916566452e+03 2.935755762403183144e+00
3.782727593250528116e+03 2.643581508196239493e+00
3.786799420584490235e+03 2.386242513053810299e+00
3.790871247918451900e+03 2.157264476965140343e+00
3.794943075252414019e+03 1.951610861539126773e+00
3.799014902586375683e+03 1.766058526192973988e+00
3.803086729920337348e+03 1.598977495495763845e+00
3.807158557254298557e+03 1.449722943367558470e+00
3.811230384588261131e+03 1.317913647771017827e+00
3.815302211922223250e+03 1.202843699801999566e+00
3.819374039256184005e+03 1.103177820093731665e+00
3.823445866590146579e+03 1.016958772311629788e+00
3.827517693924107789e+03 9.418522662767088161e-01
3.831589521258069908e+03 8.754995584632352390e-01
3.835661348592032482e+03 8.158472439825056322e-01
3.839733175925993237e+03 7.613637899897461869e-01
3.843805003259955356e+03 7.111088347984686475e-01
3.847876830593917020e+03 6.646708668799146125e-01
3.851948657927879140e+03 6.220179115103474654e-01
3.856020485261840804e+03 5.833126833045610971e-01
3.860092312595802468e+03 5.487354556032408848e-01
3.864164139929764588e+03 5.183442868444758655e-01
3.868235967263726252e+03 4.919898554779641442e-01
3.872307794597688371e+03 4.692924652476362368e-01
3.876379621931650036e+03 4.496796928089223933e-01
3.880451449265611700e+03 4.324725463195304154e-01
3.884523276599573819e+03 4.169967049059289943e-01
3.888595103933535484e+03 4.026875630186207422e-01
3.892666931267497603e+03 3.891585240730169870e-01
3.896738758601459267e+03 3.762137447528904888e-01
3.900810585935420931e+03 3.638066112500560334e-01
3.904882413269383051e+03 3.519660034620264444e-01
3.908954240603344715e+03 3.407245705283424853e-01
3.913026067937306834e+03 3.300804816658236551e-01
3.917097895271267589e+03 3.200067116563273251e-01
3.921169722605230163e+03 3.104972871876444662e-01
3.925241549939192282e+03 3.016195400237561830e-01
3.929313377273153492e+03 2.935354919758253467e-01
3.933385204607116066e+03 2.864679160232647126e-01
3.937457031941076821e+03 2.806126912136083784e-01
3.941528859275038940e+03 2.760273183681932752e-01
3.945600686609001514e+03 2.725426972320884045e-01
3.949672513942962723e+03 2.697426328425310271e-01
3.953744341276924388e+03 2.670327436994434644e-01
3.957816168610886052e+03 2.637861429013497738e-01
3.961887995944848171e+03 2.595214403937225467e-01
3.965959823278809836e+03 2.540525803288945506e-01
3.970031650612771955e+03 2.475567322444966190e-01
3.974103477946733619e+03 2.405336106822515974e-01
3.978175305280695284e+03 2.336667815763533440e-01
3.982247132614657403e+03 2.276306247402281324e-01
3.986318959948619067e+03 2.229036489620354611e-01
3.990390787282581186e+03 2.196444619643295459e-01
3.994462614616542851e+03 2.176638060492749882e-01
3.998534441950504515e+03 2.164940584394507983e-01
