4.071827333961817175e+00 1.663455831541202079e-01
8.143654667923634349e+00 1.951866190086318231e-01
1.221548200188545152e+01 2.415375813078343425e-01
1.628730933584726870e+01 3.031209817796568506e-01
2.035913666980908587e+01 3.772672485916440666e-01
2.443096400377090305e+01 4.612733003785381425e-01
2.850279133773272022e+01 5.526862535444033719e-01
3.257461867169453740e+01 6.494538846450570446e-01
3.664644600565635812e+01 7.499259491507174191e-01
4.071827333961817175e+01 8.527365314143388053e-01
4.479010067357999247e+01 9.566330369857510840e-01
4.886192800754180610e+01 1.060330871092619365e+00
5.293375534150362682e+01 1.162459580137715554e+00
5.700558267546544045e+01 1.261630208956444177e+00
6.107741000942726117e+01 1.356606682654939888e+00
6.514923734338907479e+01 1.446522370827155513e+00
6.922106467735089552e+01 1.531061842047724220e+00
7.329289201131271625e+01 1.610535850683435299e+00
7.736471934527452277e+01 1.685813315338809515e+00
8.143654667923634349e+01 1.758125530759810262e+00
8.550837401319816422e+01 1.828806416170003057e+00
8.958020134715998495e+01 1.899059336987934499e+00
9.365202868112179146e+01 1.969834051065435521e+00
9.772385601508361219e+01 2.041856926953966589e+00
1.017956833490454329e+02 2.115797161367713120e+00
1.058675106830072536e+02 2.192493642847217927e+00
1.099393380169690602e+02 2.273134642873559930e+00
1.140111653509308809e+02 2.359290742267519114e+00
1.180829926848927016e+02 2.452750536077984211e+00
1.221548200188545223e+02 2.555182719368381150e+00
1.262266473528163289e+02 2.667719943485521217e+00
1.302984746867781496e+02 2.790600813342620778e+00
1.343703020207399561e+02 2.922997915127825586e+00
1.384421293547017910e+02 3.063101225873212652e+00
1.425139566886635976e+02 3.208436760179638636e+00
1.465857840226254325e+02 3.356312569557597492e+00
1.506576113565872390e+02 3.504232620405634435e+00
1.547294386905490455e+02 3.650126258726341000e+00
1.588012660245108805e+02 3.792308059801530185e+00
1.628730933584726870e+02 3.929187653182466100e+00
1.669449206924344935e+02 4.058853287315005609e+00
1.710167480263963284e+02 4.178716010338196618e+00
1.750885753603581350e+02 4.285396425195621362e+00
1.791604026943199699e+02 4.374960669864238483e+00
1.832322300282817764e+02 4.443490909009374157e+00
1.873040573622435829e+02 4.487851040755345799e+00
1.913758846962054179e+02 4.506426234127327568e+00
1.954477120301672244e+02 4.499606681041987244e+00
1.995195393641290309e+02 4.469856438885607020e+00
2.035913666980908658e+02 4.421333603784564303e+00
2.076631940320526724e+02 4.359164439818532522e+00
2.117350213660145073e+02 4.288574034241703359e+00
2.158068486999763138e+02 4.214106197170568002e+00
2.198786760339381203e+02 4.139118568900594042e+00
2.239505033678999553e+02 4.065636256467607623e+00
2.280223307018617618e+02 3.994528948805172952e+00
2.320941580358235683e+02 3.925885543515247544e+00
2.361659853697854032e+02 3.859426392684307761e+00
2.402378127037472098e+02 3.794821628747981013e+00
2.443096400377090447e+02 3.731855261752635045e+00
2.483814673716708512e+02 3.670454287433026597e+00
2.524532947056326577e+02 3.610655440766601831e+00
2.565251220395944642e+02 3.552589525171995888e+00
2.605969493735562992e+02 3.496526633582996091e+00
2.646687767075181341e+02 3.442967185157174814e+00
2.687406040414799122e+02 3.392714834141213665e+00
2.728124313754417472e+02 3.346853966679530057e+00
2.768842587094035821e+02 3.306585557121556551e+00
2.809560860433653602e+02 3.272938269838365777e+00
2.850279133773271951e+02 3.246438685756326770e+00
2.890997407112890301e+02 3.226863788469779504e+00
2.931715680452508650e+02 3.213189345692346599e+00
2.972433953792126431e+02 3.203788750216440828e+00
3.013152227131744780e+02 3.196848667011652712e+00
3.053870500471363130e+02 3.190884179879982963e+00
3.094588773810980911e+02 3.185190427353747022e+00
3.135307047150599260e+02 3.180079449843923989e+00
3.176025320490217609e+02 3.176817771033150883e+00
3.216743593829835390e+02 3.177278707612864128e+00
3.257461867169453740e+02 3.183418213885234049e+00
3.298180140509072089e+02 3.196740510449995298e+00
3.338898413848689870e+02 3.217920254397935942e+00
3.379616687188308219e+02 3.246692860267172964e+00
3.420334960527926569e+02 3.282034503060427433e+00
3.461053233867544918e+02 3.322560050673398990e+00
3.501771507207162699e+02 3.367001574924124441e+00
3.542489780546781049e+02 3.414611685057121093e+00
3.583208053886399398e+02 3.465367277938748991e+00
3.623926327226017179e+02 3.519916890255970543e+00
3.664644600565635528e+02 3.579295240881873674e+00
3.705362873905253878e+02 3.644496977696319195e+00
3.746081147244871659e+02 3.716039595376936511e+00
3.786799420584490008e+02 3.793645153504400014e+00
3.827517693924108357e+02 3.876135088118986882e+00
3.868235967263726138e+02 3.961573767554806835e+00
3.908954240603344488e+02 4.047630413719737419e+00
3.949672513942962837e+02 4.132071657445665736e+00
3.990390787282580618e+02 4.213261425643883840e+00
4.031109060622198967e+02 4.290539189384271701e+00
4.071827333961817317e+02 4.364373741538988050e+00
4.112545607301435666e+02 4.436242702748032229e+00
4.153263880641053447e+02 4.508256386356062073e+00
4.193982153980671796e+02 4.582612063780787892e+00
4.234700427320290146e+02 4.661013071839756883e+00
4.275418700659907927e+02 4.744201791708422711e+00
4.316136973999526276e+02 4.831729608366750917e+00
4.356855247339144626e+02 4.922025207671251401e+00
4.397573520678762407e+02 5.012741021247825834e+00
4.438291794018380756e+02 5.101279728297337002e+00
4.479010067357999105e+02 5.185352284889997776e+00
4.519728340697616886e+02 5.263412295370256899e+00
4.560446614037235236e+02 5.334851612405603127e+00
4.601164887376853585e+02 5.399916857397479397e+00
4.641883160716471366e+02 5.459392716931199985e+00
4.682601434056089715e+02 5.514168226538089357e+00
4.723319707395708065e+02 5.564834818315150144e+00
4.764037980735326414e+02 5.611450083024894120e+00
4.804756254074944195e+02 5.653544679532927830e+00
4.845474527414562544e+02 5.690370359922867216e+00
4.886192800754180894e+02 5.721309997285150217e+00
4.926911074093798675e+02 5.746319426897651184e+00
4.967629347433417024e+02 5.766260464650967421e+00
5.008347620773035374e+02 5.783016261815737025e+00
5.049065894112653154e+02 5.799343056425245280e+00
5.089784167452271504e+02 5.818486599948227145e+00
5.130502440791889285e+02 5.843655005792568247e+00
5.171220714131508203e+02 5.877474742134336516e+00
5.211938987471125984e+02 5.921554510305097274e+00
5.252657260810743765e+02 5.976245653975091443e+00
5.293375534150362682e+02 6.040630381558814932e+00
5.334093807489980463e+02 6.112709114360288076e+00
5.374812080829598244e+02 6.189714257986684842e+00
5.415530354169217162e+02 6.268462149909787229e+00
5.456248627508834943e+02 6.345670167359425129e+00
5.496966900848452724e+02 6.418203197485669698e+00
5.537685174188071642e+02 6.483256004010719664e+00
5.578403447527689423e+02 6.538506763670177691e+00
5.619121720867307204e+02 6.582279138064437873e+00
5.659839994206926121e+02 6.613724207376881381e+00
5.700558267546543902e+02 6.632991192599241970e+00
5.741276540886162820e+02 6.641318303704677461e+00
5.781994814225780601e+02 6.640964312535876601e+00
5.822713087565398382e+02 6.634930331558889449e+00
5.863431360905017300e+02 6.626485830179971614e+00
5.904149634244635081e+02 6.618591466336082973e+00
5.944867907584252862e+02 6.613371370313958053e+00
5.985586180923871780e+02 6.611798704864869869e+00
6.026304454263489561e+02 6.613706339424379799e+00
6.067022727603107342e+02 6.618130045079837487e+00
6.107741000942726259e+02 6.623869685506230454e+00
6.148459274282344040e+02 6.630062049052578566e+00
6.189177547621961821e+02 6.636538861993420468e+00
6.229895820961580739e+02 6.643812329272941852e+00
6.270614094301198520e+02 6.652670756808561237e+00
6.311332367640816301e+02 6.663529481259841347e+00
6.352050640980435219e+02 6.675803928065363380e+00
6.392768914320053000e+02 6.687598577134943767e+00
6.433487187659670781e+02 6.695917097718964150e+00
6.474205460999289699e+02 6.697418085349250205e+00
6.514923734338907479e+02 6.689529200274895615e+00
6.555642007678525260e+02 6.671568488096357719e+00
6.596360281018144178e+02 6.645471162546212618e+00
6.637078554357761959e+02 6.615810500981822884e+00
6.677796827697379740e+02 6.589009376369377335e+00
6.718515101036998658e+02 6.571897121381248041e+00
6.759233374376616439e+02 6.569987497689969480e+00
6.799951647716234220e+02 6.585961398565112646e+00
6.840669921055853138e+02 6.618794937632678455e+00
6.881388194395470919e+02 6.663793511210014842e+00
6.922106467735089836e+02 6.713534337687704578e+00
6.962824741074707617e+02 6.759466380526856888e+00
7.003543014414325398e+02 6.793744468579921758e+00
7.044261287753944316e+02 6.810830371002722927e+00
7.084979561093562097e+02 6.808481165639688193e+00
7.125697834433179878e+02 6.787928367986788558e+00
7.166416107772798796e+02 6.753270072660430223e+00
7.207134381112416577e+02 6.710290372741749998e+00
7.247852654452034358e+02 6.665039090904466335e+00
7.288570927791653276e+02 6.622529926999922267e+00
7.329289201131271057e+02 6.585852316954346364e+00
7.370007474470888837e+02 6.555866676796793691e+00
7.410725747810507755e+02 6.531498802022264627e+00
7.451444021150125536e+02 6.510502383849240182e+00
7.492162294489743317e+02 6.490449439641539087e+00
7.532880567829362235e+02 6.469659325588662746e+00
7.573598841168980016e+02 6.447799490563082436e+00
7.614317114508597797e+02 6.425983069420651006e+00
7.655035387848216715e+02 6.406331429681323186e+00
7.695753661187834496e+02 6.391129730034714740e+00
7.736471934527452277e+02 6.381836189942045046e+00
7.777190207867071194e+02 6.378268224257038099e+00
7.817908481206688975e+02 6.378253887710107151e+00
7.858626754546306756e+02 6.377906501294897446e+00
7.899345027885925674e+02 6.372487766423491351e+00
7.940063301225543455e+02 6.357629136743041087e+00
7.980781574565161236e+02 6.330548642022837846e+00
8.021499847904780154e+02 6.290880282523778178e+00
8.062218121244397935e+02 6.240839107063017366e+00
8.102936394584015716e+02 6.184647141742990684e+00
8.143654667923634634e+02 6.127378252403504533e+00
8.184372941263252415e+02 6.073565603900320298e+00
8.225091214602871332e+02 6.025990402088678977e+00
8.265809487942490250e+02 5.985009908518438060e+00
8.306527761282106894e+02 5.948608341433506475e+00
8.347246034621726949e+02 5.913127027800375579e+00
8.387964307961343593e+02 5.874426971574165712e+00
8.428682581300961374e+02 5.829122942451716582e+00
8.469400854640580292e+02 5.775534111188809661e+00
8.510119127980199210e+02 5.714110160187632736e+00
8.550837401319815854e+02 5.647266517017401455e+00
8.591555674659433635e+02 5.578735477658510078e+00
8.632273947999052552e+02 5.512657401450693939e+00
8.672992221338670333e+02 5.452669980950512141e+00
8.713710494678289251e+02 5.401208161469422286e+00
8.754428768017908169e+02 5.359132455278202478e+00
8.795147041357524813e+02 5.325699345279043762e+00
8.835865314697144868e+02 5.298808256008494588e+00
8.876583588036761512e+02 5.275422056128705073e+00
8.917301861376379293e+02 5.252059767355850894e+00
8.958020134715998211e+02 5.225285230847807050e+00
8.998738408055617128e+02 5.192144721195901091e+00
9.039456681395233772e+02 5.150526366861503114e+00
9.080174954734851553e+02 5.099421152996535866e+00
9.120893228074470471e+02 5.039064305518330400e+00
9.161611501414088252e+02 4.970935646446446476e+00
9.202329774753707170e+02 4.897604832591651025e+00
9.243048048093326088e+02 4.822423924140524676e+00
9.283766321432942732e+02 4.749092241036387385e+00
9.324484594772562787e+02 4.681141360203066704e+00
9.365202868112179431e+02 4.621406338153731141e+00
9.405921141451797212e+02 4.571559765845386814e+00
9.446639414791416129e+02 4.531786551449815903e+00
9.487357688131035047e+02 4.500667931444171543e+00
9.528075961470652828e+02 4.475321007802563145e+00
9.568794234810269472e+02 4.451803427231833865e+00
9.609512508149888390e+02 4.425743203761913769e+00
9.650230781489506171e+02 4.393098643357183697e+00
9.690949054829125089e+02 4.350906809830671129e+00
9.731667328168744007e+02 4.297858184040935114e+00
9.772385601508361788e+02 4.234554157777455252e+00
9.813103874847980705e+02 4.163366445780581238e+00
9.853822148187597350e+02 4.087912194335808991e+00
9.894540421527215130e+02 4.012260464651022929e+00
9.935258694866834048e+02 3.940063169960201783e+00
9.975976968206452966e+02 3.873829248848898565e+00
1.001669524154607075e+03 3.814522982289419328e+00
1.005741351488568739e+03 3.761575164055233955e+00
1.009813178822530631e+03 3.713277668928943065e+00
1.013885006156492409e+03 3.667425708352570979e+00
1.017956833490454301e+03 3.622011539736873065e+00
1.022028660824416193e+03 3.575776126648379627e+00
1.026100488158377857e+03 3.528486445845058661e+00
1.030172315492339749e+03 3.480901267814558331e+00
1.034244142826301641e+03 3.434482956262868036e+00
1.038315970160263305e+03 3.390976131147075190e+00
1.042387797494225197e+03 3.351989262702741890e+00
1.046459624828187088e+03 3.318684781646276782e+00
1.050531452162148753e+03 3.291625462523448675e+00
1.054603279496110645e+03 3.270765120048909402e+00
1.058675106830072536e+03 3.255531973742038954e+00
1.062746934164034201e+03 3.244943842545559676e+00
1.066818761497996093e+03 3.237712287430293490e+00
1.070890588831957984e+03 3.232324293994602638e+00
1.074962416165919649e+03 3.227118298178964118e+00
1.079034243499881541e+03 3.220383711195528242e+00
1.083106070833843432e+03 3.210505664085067767e+00
1.087177898167805097e+03 3.196154442991688160e+00
1.091249725501766989e+03 3.176492540269269860e+00
1.095321552835728880e+03 3.151352543224389180e+00
1.099393380169690545e+03 3.121333810915788654e+00
1.103465207503652437e+03 3.087777133497246584e+00
1.107537034837614328e+03 3.052601306513839763e+00
1.111608862171575993e+03 3.018017481486048759e+00
1.115680689505537885e+03 2.986168695265798867e+00
1.119752516839499776e+03 2.958765693912629224e+00
1.123824344173461441e+03 2.936799612892344147e+00
1.127896171507423333e+03 2.920402714494193752e+00
1.131967998841385224e+03 2.908898997154493848e+00
1.136039826175347116e+03 2.901040913243750019e+00
1.140111653509308780e+03 2.895376554564806693e+00
1.144183480843270672e+03 2.890648391957284957e+00
1.148255308177232564e+03 2.886106065617387362e+00
1.152327135511194228e+03 2.881633093410049362e+00
1.156398962845156120e+03 2.877641208524331695e+00
1.160470790179118012e+03 2.874763069736284038e+00
1.164542617513079676e+03 2.873449425667145452e+00
1.168614444847041568e+03 2.873621752240715033e+00
1.172686272181003460e+03 2.874524458874044619e+00
1.176758099514965124e+03 2.874857827912972397e+00
1.180829926848927016e+03 2.873171504054925940e+00
1.184901754182888908e+03 2.868393814282435006e+00
1.188973581516850572e+03 2.860305230413552113e+00
1.193045408850812464e+03 2.849765182445131551e+00
1.197117236184774356e+03 2.838576524754317543e+00
1.201189063518736020e+03 2.828998616446230407e+00
1.205260890852697912e+03 2.823053084450866557e+00
1.209332718186659804e+03 2.821854602394309630e+00
1.213404545520621468e+03 2.825205132372350381e+00
1.217476372854583360e+03 2.831606635628825863e+00
1.221548200188545252e+03 2.838701562606811279e+00
1.225620027522506916e+03 2.843995514102395816e+00
1.229691854856468808e+03 2.845611259408291183e+00
1.233763682190430700e+03 2.842809549880759512e+00
1.237835509524392364e+03 2.836097335446297940e+00
1.241907336858354256e+03 2.826897305258567972e+00
1.245979164192316148e+03 2.816916333623963986e+00
1.250050991526277812e+03 2.807461797072005272e+00
1.254122818860239704e+03 2.798970878413364893e+00
1.258194646194201596e+03 2.790932569355564219e+00
1.262266473528163260e+03 2.782228061906226291e+00
1.266338300862125152e+03 2.771751931202574237e+00
1.270410128196087044e+03 2.759066546049012913e+00
1.274481955530048708e+03 2.744827062871934231e+00
1.278553782864010600e+03 2.730798960819019960e+00
1.282625610197972492e+03 2.719441218688757989e+00
1.286697437531934156e+03 2.713188381717311248e+00
1.290769264865896048e+03 2.713674543857965471e+00
1.294841092199857940e+03 2.721162949034329426e+00
1.298912919533819604e+03 2.734372086812715263e+00
1.302984746867781496e+03 2.750752728278245574e+00
1.307056574201743388e+03 2.767121544611858219e+00
1.311128401535705052e+03 2.780448124531605281e+00
1.315200228869666944e+03 2.788557634407400787e+00
1.319272056203628836e+03 2.790556318441681505e+00
1.323343883537590500e+03 2.786888600903127067e+00
1.327415710871552392e+03 2.779052810525735939e+00
1.331487538205514284e+03 2.769096833936046664e+00
1.335559365539475948e+03 2.759058488705145251e+00
1.339631192873437840e+03 2.750502633407718278e+00
1.343703020207399732e+03 2.744252458287876895e+00
1.347774847541361396e+03 2.740341740559447459e+00
1.351846674875323288e+03 2.738153678660256052e+00
1.355918502209285180e+03 2.736676444208681058e+00
1.359990329543246844e+03 2.734798871623395744e+00
1.364062156877208736e+03 2.731583885894900199e+00
1.368133984211170628e+03 2.726479717006027759e+00
1.372205811545132292e+03 2.719448930144086063e+00
1.376277638879094184e+03 2.711008124843591993e+00
1.380349466213056076e+03 2.702178412404927510e+00
1.384421293547017967e+03 2.694353305725973868e+00
1.388493120880979632e+03 2.689100345735864650e+00
1.392564948214941523e+03 2.687925626532439605e+00
1.396636775548903415e+03 2.692042133892384115e+00
1.400708602882865080e+03 2.702187341233920570e+00
1.404780430216826971e+03 2.718528297218479217e+00
1.408852257550788863e+03 2.740673409433847851e+00
1.412924084884750528e+03 2.767784272432163739e+00
1.416995912218712419e+03 2.798756425891892885e+00
1.421067739552674311e+03 2.832422897961575536e+00
1.425139566886635976e+03 2.867733317360701584e+00
1.429211394220597867e+03 2.903873566385366090e+00
1.433283221554559759e+03 2.940311071389224207e+00
1.437355048888521424e+03 2.976771451846635497e+00
1.441426876222483315e+03 3.013166994284095512e+00
1.445498703556445207e+03 3.049503313055375031e+00
1.449570530890406872e+03 3.085788601815701249e+00
1.453642358224368763e+03 3.121963720646144136e+00
1.457714185558330655e+03 3.157864958963273239e+00
1.461786012892292320e+03 3.193226779787811331e+00
1.465857840226254211e+03 3.227728615471606055e+00
1.469929667560216103e+03 3.261085410428384623e+00
1.474001494894177767e+03 3.293173788177527594e+00
1.478073322228139659e+03 3.324174362898930646e+00
1.482145149562101551e+03 3.354698905663725306e+00
1.486216976896063215e+03 3.385864275589127281e+00
1.490288804230025107e+03 3.419278688390812615e+00
1.494360631563986999e+03 3.456922506830351072e+00
1.498432458897948663e+03 3.500932724812138908e+00
1.502504286231910555e+03 3.553329983677004922e+00
1.506576113565872447e+03 3.615748833791175620e+00
1.510647940899834111e+03 3.689236824044243690e+00
1.514719768233796003e+03 3.774172045635066475e+00
1.518791595567757895e+03 3.870315924057743384e+00
1.522863422901719559e+03 3.976979377592555043e+00
1.526935250235681451e+03 4.093250199157085767e+00
1.531007077569643343e+03 4.218219420051300794e+00
1.535078904903605007e+03 4.351158424923140977e+00
1.539150732237566899e+03 4.491630414478921196e+00
1.543222559571528791e+03 4.639554804141263311e+00
1.547294386905490455e+03 4.795264187118879029e+00
1.551366214239452347e+03 4.959588744798248072e+00
1.555438041573414239e+03 5.133972187558554445e+00
1.559509868907375903e+03 5.320579465670559394e+00
1.563581696241337795e+03 5.522321577895558775e+00
1.567653523575299687e+03 5.742718530478775563e+00
1.571725350909261351e+03 5.985558690270501359e+00
1.575797178243223243e+03 6.254384120967554139e+00
1.579869005577185135e+03 6.551911521953323714e+00
1.583940832911146799e+03 6.879551891916579898e+00
1.588012660245108691e+03 7.237188421784582992e+00
1.592084487579070583e+03 7.623300175402809131e+00
1.596156314913032247e+03 8.035395618031962783e+00
1.600228142246994139e+03 8.470587421109691206e+00
1.604299969580956031e+03 8.926052364448210596e+00
1.608371796914917695e+03 9.399122362292828825e+00
1.612443624248879587e+03 9.886859826729150313e+00
1.616515451582841479e+03 1.038515762228277772e+01
1.620587278916803143e+03 1.088760990563546827e+01
1.624659106250765035e+03 1.138454832091791147e+01
1.628730933584726927e+03 1.186266387589757620e+01
1.632802760918688818e+03 1.230551275186486926e+01
1.636874588252650483e+03 1.269496121938928823e+01
1.640946415586612375e+03 1.301333460175105117e+01
1.645018242920574266e+03 1.324579461382399437e+01
1.649090070254536158e+03 1.338236383844465038e+01
1.653161897588498050e+03 1.341908795221361927e+01
1.657233724922459714e+03 1.335805794858166351e+01
1.661305552256421379e+03 1.320633318017728719e+01
1.665377379590383043e+03 1.297410861372439683e+01
1.669449206924345390e+03 1.267265943906528314e+01
1.673521034258306827e+03 1.231261613220916296e+01
1.677592861592268719e+03 1.190297484433473052e+01
1.681664688926230610e+03 1.145098885371544384e+01
1.685736516260192275e+03 1.096280705581542847e+01
1.689808343594154167e+03 1.044451520022948898e+01
1.693880170928116058e+03 9.903153978421219250e+00
1.697951998262077495e+03 9.347346092050324629e+00
1.702023825596039842e+03 8.787326406489315289e+00
1.706095652930001506e+03 8.234370839553450949e+00
1.710167480263963171e+03 7.699793559083000005e+00
1.714239307597924835e+03 7.193781509605318369e+00
1.718311134931886727e+03 6.724345814633918117e+00
1.722382962265848619e+03 6.296607295559716988e+00
1.726454789599810510e+03 5.912532141768725324e+00
1.730526616933772402e+03 5.571129043109119827e+00
1.734598444267734067e+03 5.269035094851955314e+00
1.738670271601695958e+03 5.001363328513366291e+00
1.742742098935657850e+03 4.762657168538878771e+00
1.746813926269619742e+03 4.547790505897918223e+00
1.750885753603581634e+03 4.352663967306712678e+00
1.754957580937543298e+03 4.174580932018572277e+00
1.759029408271504963e+03 4.012244264191951792e+00
1.763101235605466627e+03 3.865393725137324932e+00
1.767173062939428974e+03 3.734190647552702025e+00
1.771244890273390411e+03 3.618526757362340085e+00
1.775316717607352302e+03 3.517461936416198309e+00
1.779388544941314194e+03 3.428964503980385992e+00
1.783460372275275859e+03 3.350039594167999901e+00
1.787532199609237750e+03 3.277210516111472405e+00
1.791604026943199642e+03 3.207203805620152171e+00
1.795675854277161079e+03 3.137621257664072516e+00
1.799747681611123426e+03 3.067386962899018688e+00
1.803819508945085090e+03 2.996833892249918030e+00
1.807891336279046754e+03 2.927415830230846616e+00
1.811963163613008419e+03 2.861152614454355980e+00
1.816034990946970311e+03 2.799995967923232687e+00
1.820106818280932202e+03 2.745313057534434442e+00
1.824178645614894094e+03 2.697625702500777489e+00
1.828250472948855986e+03 2.656641355058128262e+00
1.832322300282817650e+03 2.621508605507611556e+00
1.836394127616779542e+03 2.591163684944963741e+00
1.840465954950741434e+03 2.564626371411248051e+00
1.844537782284703326e+03 2.541150217181176174e+00
1.848609609618665218e+03 2.520208115609988475e+00
1.852681436952626882e+03 2.501365578774602749e+00
1.856753264286588546e+03 2.484132086730245437e+00
1.860825091620550211e+03 2.467874116108679239e+00
1.864896918954512557e+03 2.451831050531997569e+00
1.868968746288473994e+03 2.435220762792835281e+00
1.873040573622435886e+03 2.417381567827996403e+00
1.877112400956397778e+03 2.397888323285660928e+00
1.881184228290359442e+03 2.376603098465524866e+00
1.885256055624321334e+03 2.353660094514098855e+00
1.889327882958283226e+03 2.329418329513549768e+00
1.893399710292245118e+03 2.304426068491026491e+00
1.897471537626207009e+03 2.279423068275933328e+00
1.901543364960168674e+03 2.255370619726020820e+00
1.905615192294130566e+03 2.233465330288512796e+00
1.909687019628092003e+03 2.215080741627368788e+00
1.913758846962053894e+03 2.201601082758517514e+00
1.917830674296016241e+03 2.194157860632334422e+00
1.921902501629977678e+03 2.193332961926606650e+00
1.925974328963939570e+03 2.198926652151269590e+00
1.930046156297901234e+03 2.209886610573863930e+00
1.934117983631863126e+03 2.224451319227148449e+00
1.938189810965825018e+03 2.240491666509768720e+00
1.942261638299786910e+03 2.255964737739554415e+00
1.946333465633748801e+03 2.269351122278603583e+00
1.950405292967710466e+03 2.279949158972210732e+00
1.954477120301672358e+03 2.287946233182702738e+00
1.958548947635633795e+03 2.294260770814322115e+00
1.962620774969596141e+03 2.300220977118397236e+00
1.966692602303558033e+03 2.307191036115970650e+00
1.970764429637519470e+03 2.316257915139858348e+00
1.974836256971481362e+03 2.328055033915885197e+00
1.978908084305443026e+03 2.342741018777271922e+00
1.982979911639404918e+03 2.360097438138706760e+00
1.987051738973366810e+03 2.379679453414033752e+00
1.991123566307328701e+03 2.400955688707625324e+00
1.995195393641290593e+03 2.423401253750275153e+00
1.999267220975252258e+03 2.446543185324694392e+00
2.003339048309214149e+03 2.469981655696646072e+00
2.007410875643175586e+03 2.493412103442177674e+00
2.011482702977137478e+03 2.516654975237319292e+00
2.015554530311099825e+03 2.539674600123409398e+00
2.019626357645061262e+03 2.562554677522436819e+00
2.023698184979023154e+03 2.585407362684533528e+00
2.027770012312984818e+03 2.608225674702423724e+00
2.031841839646946710e+03 2.630730685654599110e+00
2.035913666980908602e+03 2.652293321987725161e+00
2.039985494314870493e+03 2.672005725770573381e+00
2.044057321648832385e+03 2.688932118210486610e+00
2.048129148982794050e+03 2.702495677142760400e+00
2.052200976316755714e+03 2.712883748679571383e+00
2.056272803650717833e+03 2.721312062428615342e+00
2.060344630984679497e+03 2.730004287527864726e+00
2.064416458318641162e+03 2.741820436733621413e+00
2.068488285652603281e+03 2.759585373911865425e+00
2.072560112986564945e+03 2.785286640206154907e+00
2.076631940320526610e+03 2.819383501981123974e+00
2.080703767654488729e+03 2.860463661910071398e+00
2.084775594988450393e+03 2.905394305557581269e+00
2.088847422322412058e+03 2.949965192506076583e+00
2.092919249656374177e+03 2.989862312876722772e+00
2.096991076990335841e+03 3.021696942911587858e+00
2.101062904324297506e+03 3.043788679395003527e+00
2.105134731658259625e+03 3.056474193395863459e+00
2.109206558992221289e+03 3.061862674054321776e+00
2.113278386326182954e+03 3.063133340381515080e+00
2.117350213660145073e+03 3.063609803051308589e+00
2.121422040994106737e+03 3.065902956439088278e+00
2.125493868328068402e+03 3.071371016988324598e+00
2.129565695662030521e+03 3.080021035454510336e+00
2.133637522995992185e+03 3.090818206730878259e+00
2.137709350329953850e+03 3.102235718554246624e+00
2.141781177663915969e+03 3.112815593520028568e+00
2.145853004997877633e+03 3.121538351816916190e+00
2.149924832331839298e+03 3.127900155163516605e+00
2.153996659665801417e+03 3.131726929707096208e+00
2.158068486999763081e+03 3.132862732486928259e+00
2.162140314333724746e+03 3.130912578558012527e+00
2.166212141667686865e+03 3.125183706362595792e+00
2.170283969001648529e+03 3.114871739514781357e+00
2.174355796335610194e+03 3.099421665923909774e+00
2.178427623669572313e+03 3.078907153618965165e+00
2.182499451003533977e+03 3.054251592447605024e+00
2.186571278337495642e+03 3.027169104946008993e+00
2.190643105671457761e+03 2.999811670358480509e+00
2.194714933005419425e+03 2.974225968815292109e+00
2.198786760339381090e+03 2.951803204037717343e+00
2.202858587673343209e+03 2.932914790371830449e+00
2.206930415007304873e+03 2.916862148722871861e+00
2.211002242341266538e+03 2.902155168065929658e+00
2.215074069675228657e+03 2.887015556496330237e+00
2.219145897009190321e+03 2.869924083054220088e+00
2.223217724343151986e+03 2.850023556914174971e+00
2.227289551677114105e+03 2.827253251910019305e+00
2.231361379011075769e+03 2.802198409519558453e+00
2.235433206345037433e+03 2.775746814850166722e+00
2.239505033678999553e+03 2.748710616540733120e+00
2.243576861012961217e+03 2.721570900728110587e+00
2.247648688346922881e+03 2.694437818135038576e+00
2.251720515680885001e+03 2.667218840956024017e+00
2.255792343014846665e+03 2.639894305925788665e+00
2.259864170348808329e+03 2.612751568962085269e+00
2.263935997682770449e+03 2.586446501656689989e+00
2.268007825016732113e+03 2.561836487682769281e+00
2.272079652350694232e+03 2.539631581295656026e+00
2.276151479684655897e+03 2.519997944579345006e+00
2.280223307018617561e+03 2.502283638922693232e+00
2.284295134352579680e+03 2.485004991103690664e+00
2.288366961686541345e+03 2.466142308409190687e+00
2.292438789020503009e+03 2.443679472642582784e+00
2.296510616354465128e+03 2.416225644508261272e+00
2.300582443688426793e+03 2.383515422656981464e+00
2.304654271022388457e+03 2.346612920378010614e+00
2.308726098356350576e+03 2.307736163215611480e+00
2.312797925690312240e+03 2.269739732690228884e+00
2.316869753024273905e+03 2.235404013440052129e+00
2.320941580358236024e+03 2.206741593261758450e+00
2.325013407692197688e+03 2.184525423075720507e+00
2.329085235026159353e+03 2.168172735292009712e+00
2.333157062360121472e+03 2.156008021607349612e+00
2.337228889694083136e+03 2.145814013978443846e+00
2.341300717028044801e+03 2.135497317287441188e+00
2.345372544362006920e+03 2.123668764429761602e+00
2.349444371695968584e+03 2.109972770686124655e+00
2.353516199029930249e+03 2.095081357250581089e+00
2.357588026363892368e+03 2.080370500739766371e+00
2.361659853697854032e+03 2.067388412528963659e+00
2.365731681031815697e+03 2.057281707801382087e+00
2.369803508365777816e+03 2.050352351249272509e+00
2.373875335699739480e+03 2.045876310908508966e+00
2.377947163033701145e+03 2.042237566205700183e+00
2.382018990367663264e+03 2.037340603155915808e+00
2.386090817701624928e+03 2.029185394966503519e+00
2.390162645035586593e+03 2.016442089650449354e+00
2.394234472369548712e+03 1.998860576286090929e+00
2.398306299703510376e+03 1.977393584266984305e+00
2.402378127037472041e+03 1.953989870747715241e+00
2.406449954371434160e+03 1.931105779890927909e+00
2.410521781705395824e+03 1.911063917783422328e+00
2.414593609039357489e+03 1.895433862133738767e+00
2.418665436373319608e+03 1.884607411505712760e+00
2.422737263707281272e+03 1.877689029973947488e+00
2.426809091041242937e+03 1.872734601642353169e+00
2.430880918375205056e+03 1.867273376933593410e+00
2.434952745709166720e+03 1.858968132345816482e+00
2.439024573043128385e+03 1.846231181275433952e+00
2.443096400377090504e+03 1.828630214869620074e+00
2.447168227711052168e+03 1.806982477434550871e+00
2.451240055045013833e+03 1.783127783715679815e+00
2.455311882378975952e+03 1.759461323003222333e+00
2.459383709712937616e+03 1.738368417507975661e+00
2.463455537046899281e+03 1.721718317875454485e+00
2.467527364380861400e+03 1.710541494371903282e+00
2.471599191714823064e+03 1.704948927952791848e+00
2.475671019048784729e+03 1.704276464562243021e+00
2.479742846382746848e+03 1.707377001541952044e+00
2.483814673716708512e+03 1.712955084291688079e+00
2.487886501050670176e+03 1.719846689429677111e+00
2.491958328384632296e+03 1.727183201028175130e+00
2.496030155718593960e+03 1.734426412619985980e+00
2.500101983052555624e+03 1.741303187224030324e+00
2.504173810386517744e+03 1.747691725276012464e+00
2.508245637720479408e+03 1.753512429067915601e+00
2.512317465054441072e+03 1.758659713221805587e+00
2.516389292388403192e+03 1.762986502902607500e+00
2.520461119722364856e+03 1.766330887661378357e+00
2.524532947056326520e+03 1.768561584871384706e+00
2.528604774390288640e+03 1.769617709826447838e+00
2.532676601724250304e+03 1.769526562072477605e+00
2.536748429058211968e+03 1.768395831490100933e+00
2.540820256392174088e+03 1.766388516431785405e+00
2.544892083726135752e+03 1.763695884222583832e+00
2.548963911060097416e+03 1.760523964966725474e+00
2.553035738394059535e+03 1.757102469728167193e+00
2.557107565728021200e+03 1.753713753416576537e+00
2.561179393061982864e+03 1.750727243911212039e+00
2.565251220395944983e+03 1.748616384973465276e+00
2.569323047729906648e+03 1.747935113928964057e+00
2.573394875063868312e+03 1.749241689400862443e+00
2.577466702397830431e+03 1.752977902431289481e+00
2.581538529731792096e+03 1.759335274745792876e+00
2.585610357065753760e+03 1.768157188343073782e+00
2.589682184399715879e+03 1.778927244236613303e+00
2.593754011733677544e+03 1.790874135043054594e+00
2.597825839067639208e+03 1.803184741654288548e+00
2.601897666401601327e+03 1.815271933053073994e+00
2.605969493735562992e+03 1.827009458205561376e+00
2.610041321069524656e+03 1.838840314316335878e+00
2.614113148403486775e+03 1.851695341355227509e+00
2.618184975737448440e+03 1.866719790879917129e+00
2.622256803071410104e+03 1.884877531419534957e+00
2.626328630405372223e+03 1.906558016259995769e+00
2.630400457739333888e+03 1.931325795603410000e+00
2.634472285073295552e+03 1.957915609765826348e+00
2.638544112407257671e+03 1.984497155908194088e+00
2.642615939741219336e+03 2.009139594860755107e+00
2.646687767075181000e+03 2.030332054715707546e+00
2.650759594409143119e+03 2.047392280921978447e+00
2.654831421743104784e+03 2.060632376406347444e+00
2.658903249077066448e+03 2.071235705255424442e+00
2.662975076411028567e+03 2.080900429090359438e+00
2.667046903744990232e+03 2.091383808981236658e+00
2.671118731078951896e+03 2.104107223002149585e+00
2.675190558412914015e+03 2.119945973997345412e+00
2.679262385746875680e+03 2.139246450745944994e+00
2.683334213080837344e+03 2.162020271769651725e+00
2.687406040414799463e+03 2.188198748792041126e+00
2.691477867748761128e+03 2.217817480464285840e+00
2.695549695082722792e+03 2.251043714521385741e+00
2.699621522416684911e+03 2.288038343409251052e+00
2.703693349750646576e+03 2.328725355898191740e+00
2.707765177084608240e+03 2.372589613629101812e+00
2.711837004418570359e+03 2.418618689940452704e+00
2.715908831752532024e+03 2.465448324760649790e+00
2.719980659086493688e+03 2.511686944363439977e+00
2.724052486420455807e+03 2.556316943835284405e+00
2.728124313754417472e+03 2.599030473073979941e+00
2.732196141088379136e+03 2.640371582169842135e+00
2.736267968422341255e+03 2.681619977076118211e+00
2.740339795756302919e+03 2.724440882160296784e+00
2.744411623090264584e+03 2.770407873936130638e+00
2.748483450424226703e+03 2.820551323347341821e+00
2.752555277758188367e+03 2.875078148967811664e+00
2.756627105092150032e+03 2.933351656390750239e+00
2.760698932426112151e+03 2.994133304726246170e+00
2.764770759760073815e+03 3.056001217987240004e+00
2.768842587094035935e+03 3.117802687425341279e+00
2.772914414427997599e+03 3.178989140451841777e+00
2.776986241761959263e+03 3.239724974928388512e+00
2.781058069095921383e+03 3.300741801026345179e+00
2.785129896429883047e+03 3.362999815117258429e+00
2.789201723763844711e+03 3.427287196124459090e+00
2.793273551097806831e+03 3.493912005113747998e+00
2.797345378431768495e+03 3.562609664906909668e+00
2.801417205765730159e+03 3.632712346503866208e+00
2.805489033099692278e+03 3.703530681713992578e+00
2.809560860433653943e+03 3.774817234284671308e+00
2.813632687767615607e+03 3.847144911870493900e+00
2.817704515101577726e+03 3.922056192551049314e+00
2.821776342435539391e+03 4.001913216025461573e+00
2.825848169769501055e+03 4.089477463565295956e+00
2.829919997103463174e+03 4.187334487308783437e+00
2.833991824437424839e+03 4.297322474271344284e+00
2.838063651771386503e+03 4.420109715169560971e+00
2.842135479105348622e+03 4.555005185848773230e+00
2.846207306439310287e+03 4.700007400938297941e+00
2.850279133773271951e+03 4.852034379539494680e+00
2.854350961107234070e+03 5.007256641532646491e+00
2.858422788441195735e+03 5.161478216391515161e+00
2.862494615775157399e+03 5.310556642954971984e+00
2.866566443109119518e+03 5.450887371789941760e+00
2.870638270443081183e+03 5.579970736749382709e+00
2.874710097777042847e+03 5.697022279445488557e+00
2.878781925111004966e+03 5.803500920272003150e+00
2.882853752444966631e+03 5.903358951873400429e+00
2.886925579778928295e+03 6.002812065819315812e+00
2.890997407112890414e+03 6.109515564031634760e+00
2.895069234446852079e+03 6.231204997470155327e+00
2.899141061780813743e+03 6.374064477553984531e+00
2.903212889114775862e+03 6.541246418044107891e+00
2.907284716448737527e+03 6.732008360527890645e+00
2.911356543782699191e+03 6.941816895128857468e+00
2.915428371116661310e+03 7.163512677436306930e+00
2.919500198450622975e+03 7.389307384781619525e+00
2.923572025784584639e+03 7.613099747872652756e+00
2.927643853118546758e+03 7.832455774976412322e+00
2.931715680452508423e+03 8.049657198545364878e+00
2.935787507786470087e+03 8.271473893349707396e+00
2.939859335120432206e+03 8.507684960933280749e+00
2.943931162454393871e+03 8.768741280763112655e+00
2.948002989788355535e+03 9.063210133609896246e+00
2.952074817122317654e+03 9.395691174308975491e+00
2.956146644456279319e+03 9.765731720175834241e+00
2.960218471790240983e+03 1.016795784823716353e+01
2.964290299124203102e+03 1.059328396794411020e+01
2.968362126458164767e+03 1.103078384644324750e+01
2.972433953792126431e+03 1.146968447648402467e+01
2.976505781126088550e+03 1.190100414524044758e+01
2.980577608460050214e+03 1.231855564971312411e+01
2.984649435794011879e+03 1.271928684302597290e+01
2.988721263127973998e+03 1.310313525939092472e+01
2.992793090461935662e+03 1.347266087228949161e+01
2.996864917795897327e+03 1.383267416463341348e+01
3.000936745129859446e+03 1.418993622644585528e+01
3.005008572463821110e+03 1.455285217994451763e+01
3.009080399797782775e+03 1.493099059497730785e+01
3.013152227131744894e+03 1.533428833383753442e+01
3.017224054465706558e+03 1.577193565703311684e+01
3.021295881799668223e+03 1.625111965581994156e+01
3.025367709133630342e+03 1.677594601124757290e+01
3.029439536467592006e+03 1.734688202111318489e+01
3.033511363801553671e+03 1.796093878093103413e+01
3.037583191135515790e+03 1.861257479002269832e+01
3.041655018469477454e+03 1.929504962499042264e+01
3.045726845803439119e+03 2.000179456659581234e+01
3.049798673137401238e+03 2.072737513756524308e+01
3.053870500471362902e+03 2.146780534328697954e+01
3.057942327805324567e+03 2.222026122437112150e+01
3.062014155139286686e+03 2.298250489792510365e+01
3.066085982473248350e+03 2.375244420277546809e+01
3.070157809807210015e+03 2.452815404901588892e+01
3.074229637141172134e+03 2.530840931789587600e+01
3.078301464475133798e+03 2.609345375321563054e+01
3.082373291809095463e+03 2.688552279813468004e+01
3.086445119143057582e+03 2.768868016869226523e+01
3.090516946477019246e+03 2.850783849035893169e+01
3.094588773810980911e+03 2.934729783962605865e+01
3.098660601144943030e+03 3.020953604618532040e+01
3.102732428478904694e+03 3.109509361780617809e+01
3.106804255812866359e+03 3.200408508780874683e+01
3.110876083146828478e+03 3.293918737472343139e+01
3.114947910480790142e+03 3.390914308242302866e+01
3.119019737814751807e+03 3.493122414374064277e+01
3.123091565148713926e+03 3.603105374836535191e+01
3.127163392482675590e+03 3.723883058174253335e+01
3.131235219816637255e+03 3.858221571319641185e+01
3.135307047150599374e+03 4.007754157052348631e+01
3.139378874484561038e+03 4.172205332966691316e+01
3.143450701818522703e+03 4.349011751502766288e+01
3.147522529152484822e+03 4.533550469262461036e+01
3.151594356486446486e+03 4.720012090182400755e+01
3.155666183820408150e+03 4.902743558473077456e+01
3.159738011154370270e+03 5.077704973882093498e+01
3.163809838488331934e+03 5.243604503751176082e+01
3.167881665822293598e+03 5.402333864520788609e+01
3.171953493156255718e+03 5.558516899850242510e+01
3.176025320490217382e+03 5.718251920797901988e+01
3.180097147824179046e+03 5.887390318116253951e+01
3.184168975158141166e+03 6.069861769017506958e+01
3.188240802492102830e+03 6.266568926032466891e+01
3.192312629826064494e+03 6.475219081839262003e+01
3.196384457160026614e+03 6.691179052745579270e+01
3.200456284493988278e+03 6.909117498076729191e+01
3.204528111827949942e+03 7.124937812034954732e+01
3.208599939161912062e+03 7.337390537424946046e+01
3.212671766495873726e+03 7.548829102367506039e+01
3.216743593829835390e+03 7.764820268485581778e+01
3.220815421163797510e+03 7.992669760590641204e+01
3.224887248497759174e+03 8.239268715671600773e+01
3.228959075831720838e+03 8.508900092268916637e+01
3.233030903165682957e+03 8.801689195473102245e+01
3.237102730499644622e+03 9.113217681386424829e+01
3.241174557833606286e+03 9.435488235665343382e+01
3.245246385167568405e+03 9.759022743459112803e+01
3.249318212501530070e+03 1.007552068630673716e+02
3.253390039835491734e+03 1.038030661391235725e+02
3.257461867169453853e+03 1.067382138931259021e+02
3.261533694503415518e+03 1.096166153036938340e+02
3.265605521837377637e+03 1.125307719537960054e+02
3.269677349171339301e+03 1.155828657066991383e+02
3.273749176505300966e+03 1.188532241440993431e+02
3.277821003839263085e+03 1.223728920894570109e+02
3.281892831173224749e+03 1.261082641626985179e+02
3.285964658507186869e+03 1.299626488385269170e+02
3.290036485841148533e+03 1.337951384459168764e+02
3.294108313175110197e+03 1.374524861721339164e+02
3.298180140509072316e+03 1.408061096612191818e+02
3.302251967843033981e+03 1.437848050222083600e+02
3.306323795176996100e+03 1.463946591999910538e+02
3.310395622510956855e+03 1.487207491510399677e+02
3.314467449844919429e+03 1.509097237933681299e+02
3.318539277178881548e+03 1.531371624297623839e+02
3.322611104512842758e+03 1.555675218222352783e+02
3.326682931846805332e+03 1.583165643372559828e+02
3.330754759180766087e+03 1.614258554194641420e+02
3.334826586514728206e+03 1.648562132562487363e+02
3.338898413848690780e+03 1.685024209886150857e+02
3.342970241182651989e+03 1.722260802179677626e+02
3.347042068516613654e+03 1.758984978678734592e+02
3.351113895850575318e+03 1.794422855730898050e+02
3.355185723184537437e+03 1.828599339726148685e+02
3.359257550518499102e+03 1.862403967682165558e+02
3.363329377852461221e+03 1.897402313849198947e+02
3.367401205186422885e+03 1.935427974399953257e+02
3.371473032520384550e+03 1.978055293067653508e+02
3.375544859854346669e+03 2.026094109528114018e+02
3.379616687188308333e+03 2.079250586884725180e+02
3.383688514522270452e+03 2.136058892072862250e+02
3.387760341856232117e+03 2.194116387921844762e+02
3.391832169190193781e+03 2.250570332117890189e+02
3.395903996524154991e+03 2.302732280749375491e+02
3.399975823858117565e+03 2.348659784008107181e+02
3.404047651192079684e+03 2.387555094286700239e+02
3.408119478526040439e+03 2.419884042045185595e+02
3.412191305860003013e+03 2.447197524790010448e+02
3.416263133193964222e+03 2.471717792235864124e+02
3.420334960527926341e+03 2.495807482610096883e+02
3.424406787861888915e+03 2.521456230874960056e+02
3.428478615195849670e+03 2.549896902971232180e+02
3.432550442529811789e+03 2.581413798687008239e+02
3.436622269863773454e+03 2.615348720265320708e+02
3.440694097197735573e+03 2.650266921240094007e+02
3.444765924531697237e+03 2.684224607453226099e+02
3.448837751865658902e+03 2.715082218350340213e+02
3.452909579199621021e+03 2.740822949293078636e+02
3.456981406533582685e+03 2.759850296547771222e+02
3.461053233867544805e+03 2.771242220730651979e+02
3.465125061201506469e+03 2.774932201419994158e+02
3.469196888535468133e+03 2.771777507656623811e+02
3.473268715869430252e+03 2.763475336207673649e+02
3.477340543203391917e+03 2.752307917290420960e+02
3.481412370537354036e+03 2.740738556911171031e+02
3.485484197871315700e+03 2.730930453013301644e+02
3.489556025205277365e+03 2.724299441382532905e+02
3.493627852539239484e+03 2.721221086681406405e+02
3.497699679873201148e+03 2.720981510531751724e+02
3.501771507207163268e+03 2.721995191035180142e+02
3.505843334541124023e+03 2.722232019179681402e+02
3.509915161875086596e+03 2.719728783530714509e+02
3.513986989209048716e+03 2.713032770710721593e+02
3.518058816543009925e+03 2.701449509384141265e+02
3.522130643876972499e+03 2.685035668448323918e+02
3.526202471210933254e+03 2.664367126822379532e+02
3.530274298544895373e+03 2.640188375217061321e+02
3.534346125878857947e+03 2.613084360793963015e+02
3.538417953212819157e+03 2.583297137966927721e+02
3.542489780546780821e+03 2.550745586943008618e+02
3.546561607880742486e+03 2.515222852881132098e+02
3.550633435214704605e+03 2.476676003627535465e+02
3.554705262548666269e+03 2.435442605609080147e+02
3.558777089882628388e+03 2.392339762270948427e+02
3.562848917216590053e+03 2.348562644661115826e+02
3.566920744550551717e+03 2.305425959161915728e+02
3.570992571884513836e+03 2.264042503871285703e+02
3.575064399218475501e+03 2.225054805907772675e+02
3.579136226552437620e+03 2.188512065703718292e+02
3.583208053886399284e+03 2.153926876627453169e+02
3.587279881220360949e+03 2.120478852882216358e+02
3.591351708554322158e+03 2.087282143393601359e+02
3.595423535888284732e+03 2.053619093201808141e+02
3.599495363222246851e+03 2.019066017701437090e+02
3.603567190556207606e+03 1.983486712063803736e+02
3.607639017890170180e+03 1.946923125307636724e+02
3.611710845224131390e+03 1.909448931429606660e+02
3.615782672558093509e+03 1.871057755327840368e+02
3.619854499892056083e+03 1.831634103431312326e+02
3.623926327226016838e+03 1.791014101587120422e+02
3.627998154559978957e+03 1.749103243652240849e+02
3.632069981893940621e+03 1.705995587420430581e+02
3.636141809227902741e+03 1.662040722005303053e+02
3.640213636561864405e+03 1.617828120034717756e+02
3.644285463895826069e+03 1.574091626343047210e+02
3.648357291229788189e+03 1.531565637802624735e+02
3.652429118563749853e+03 1.490838326506680289e+02
3.656500945897711972e+03 1.452242857894293593e+02
3.660572773231673636e+03 1.415809561386269309e+02
3.664644600565635301e+03 1.381279775115982034e+02
3.668716427899597420e+03 1.348165005747559348e+02
3.672788255233559084e+03 1.315828485631419369e+02
3.676860082567521204e+03 1.283569811992411758e+02
3.680931909901482868e+03 1.250702206240219709e+02
3.685003737235444532e+03 1.216619745449945356e+02
3.689075564569406652e+03 1.180854453429500097e+02
3.693147391903368316e+03 1.143120201174147468e+02
3.697219219237330435e+03 1.103335493061612596e+02
3.701291046571291190e+03 1.061615374210423823e+02
3.705362873905253764e+03 1.018227281073421153e+02
3.709434701239215883e+03 9.735163617294757898e+01
3.713506528573177093e+03 9.278184346799073978e+01
3.717578355907139667e+03 8.813871824907059249e+01
3.721650183241100422e+03 8.343612979180659295e+01
3.725722010575062541e+03 7.867857748401843310e+01
3.729793837909025115e+03 7.386827960648129476e+01
3.733865665242986324e+03 6.901487303674014129e+01
3.737937492576947989e+03 6.414423057543467621e+01
3.742009319910909653e+03 5.930301154385068685e+01
3.746081147244871772e+03 5.455693601075091692e+01
3.750152974578833437e+03 4.998291593684385248e+01
3.754224801912795556e+03 4.565727955846517716e+01
3.758296629246757220e+03 4.164359966435993954e+01
3.762368456580718885e+03 3.798363086617091966e+01
3.766440283914681004e+03 3.469363421213810739e+01
3.770512111248642668e+03 3.176644581321617267e+01
3.774583938582604787e+03 2.917779155355774634e+01
3.778655765916566452e+03 2.689424322737149708e+01
3.782727593250528116e+03 2.488018595030440139e+01
3.786799420584490235e+03 2.310210095274117137e+01
3.790871247918451900e+03 2.152987218398597236e+01
3.794943075252414019e+03 2.013607379492576754e+01
3.799014902586375683e+03 1.889479727702579481e+01
3.803086729920337348e+03 1.778136748583798266e+01
3.807158557254298557e+03 1.677347719017237182e+01
3.811230384588261131e+03 1.585328684632090379e+01
3.815302211922223250e+03 1.500936656467879082e+01
3.819374039256184005e+03 1.423729586716864404e+01
3.823445866590146579e+03 1.353828143905469616e+01
3.827517693924107789e+03 1.291602612491936064e+01
3.831589521258069908e+03 1.237287250238723857e+01
3.835661348592032482e+03 1.190659651508270578e+01
3.839733175925993237e+03 1.150899534252740430e+01
3.843805003259955356e+03 1.116671449669020078e+01
3.847876830593917020e+03 1.086390333298627731e+01
3.851948657927879140e+03 1.058563669970811816e+01
3.856020485261840804e+03 1.032084620144933318e+01
3.860092312595802468e+03 1.006381200786652741e+01
3.864164139929764588e+03 9.813907840210156053e+00
3.868235967263726252e+03 9.573975955565556362e+00
3.872307794597688371e+03 9.348153662702781475e+00
3.876379621931650036e+03 9.140024937296720609e+00
3.880451449265611700e+03 8.951659088301481049e+00
3.884523276599573819e+03 8.783604505770862048e+00
3.888595103933535484e+03 8.635469466004902728e+00
3.892666931267497603e+03 8.506531791616151139e+00
3.896738758601459267e+03 8.395932294126673412e+00
3.900810585935420931e+03 8.302336224521852159e+00
3.904882413269383051e+03 8.223312160633255985e+00
3.908954240603344715e+03 8.154894535852578841e+00
3.913026067937306834e+03 8.091760351122086803e+00
3.917097895271267589e+03 8.028181570912993337e+00
3.921169722605230163e+03 7.959539602727201846e+00
3.925241549939192282e+03 7.883880801852777509e+00
3.929313377273153492e+03 7.802893514514254392e+00
3.933385204607116066e+03 7.721846560870550213e+00
3.937457031941076821e+03 7.648385184259465674e+00
3.941528859275038940e+03 7.590492391662222005e+00
3.945600686609001514e+03 7.554231552458375631e+00
3.949672513942962723e+03 7.541976102791780434e+00
3.953744341276924388e+03 7.551677274600149481e+00
3.957816168610886052e+03 7.577384885081229982e+00
3.961887995944848171e+03 7.610843030338959814e+00
3.965959823278809836e+03 7.643665281636439879e+00
3.970031650612771955e+03 7.669448067727985929e+00
3.974103477946733619e+03 7.685236290135594395e+00
3.978175305280695284e+03 7.691975575455160197e+00
3.982247132614657403e+03 7.693889855199969929e+00
3.986318959948619067e+03 7.697017147767574841e+00
3.990390787282581186e+03 7.707342700737140895e+00
3.994462614616542851e+03 7.729043365798510479e+00
3.998534441950504515e+03 7.763295100604922894e+00
