4.071827333961818063e+00 8.427611512708148289e-02
8.143654667923636126e+00 9.923801125821152258e-02
1.221548200188544975e+01 1.231619572122105294e-01
1.628730933584727225e+01 1.547061194230045789e-01
2.035913666980908587e+01 1.923048332416352479e-01
2.443096400377089950e+01 2.343953576207926104e-01
2.850279133773272378e+01 2.796092806755673954e-01
3.257461867169454450e+01 3.268883633313722226e-01
3.664644600565635102e+01 3.755046868502998625e-01
4.071827333961817175e+01 4.249906104587896638e-01
4.479010067357999958e+01 4.750086397813410022e-01
4.886192800754179899e+01 5.252080013589964791e-01
5.293375534150362682e+01 5.751183749926463973e-01
5.700558267546544755e+01 6.241201462445202797e-01
6.107741000942725407e+01 6.715072703661336684e-01
6.514923734338908901e+01 7.166297775515415580e-01
6.922106467735089552e+01 7.590765881347368849e-01
7.329289201131270204e+01 7.988436973947126152e-01
7.736471934527453698e+01 8.364330105700448215e-01
8.143654667923634349e+01 8.728435874883245793e-01
8.550837401319815001e+01 9.094453477719740553e-01
8.958020134715999916e+01 9.477573936251170172e-01
9.365202868112179146e+01 9.891798976255582465e-01
9.772385601508359798e+01 1.034742431558328901e+00
1.017956833490454471e+02 1.084928857212536624e+00
1.058675106830072536e+02 1.139620304213603941e+00
1.099393380169690602e+02 1.198168386484290693e+00
1.140111653509308951e+02 1.259578375282309981e+00
1.180829926848927300e+02 1.322754800169758216e+00
1.221548200188545081e+02 1.386746610304624650e+00
1.262266473528163431e+02 1.450929288837605302e+00
1.302984746867781780e+02 1.515077131181221226e+00
1.343703020207399561e+02 1.579306609064311751e+00
1.384421293547017910e+02 1.643904868242861195e+00
1.425139566886636260e+02 1.709087997783763413e+00
1.465857840226254041e+02 1.774754031498723350e+00
1.506576113565872390e+02 1.840299993113984955e+00
1.547294386905490740e+02 1.904558589603000396e+00
1.588012660245108520e+02 1.965880867370596308e+00
1.628730933584726870e+02 2.022353189146382846e+00
1.669449206924345219e+02 2.072100205468051293e+00
1.710167480263963000e+02 2.113600492416153553e+00
1.750885753603581350e+02 2.145935998811693501e+00
1.791604026943199983e+02 2.168912902895656636e+00
1.832322300282817480e+02 2.183025901897608811e+00
1.873040573622435829e+02 2.189280599450964537e+00
1.913758846962054463e+02 2.188926847050699731e+00
1.954477120301671960e+02 2.183178061623297417e+00
1.995195393641290309e+02 2.172991069488579008e+00
2.035913666980908943e+02 2.158958579985827964e+00
2.076631940320526724e+02 2.141329738665195048e+00
2.117350213660145073e+02 2.120135547088859873e+00
2.158068486999763422e+02 2.095367629495094697e+00
2.198786760339381203e+02 2.067149133261228400e+00
2.239505033678999553e+02 2.035846922536689529e+00
2.280223307018617902e+02 2.002099186448082158e+00
2.320941580358235683e+02 1.966762164970570437e+00
2.361659853697854601e+02 1.930803403648309713e+00
2.402378127037472382e+02 1.895179664402204534e+00
2.443096400377090163e+02 1.860733897583684016e+00
2.483814673716707944e+02 1.828131624007624634e+00
2.524532947056326861e+02 1.797840009721961341e+00
2.565251220395944642e+02 1.770139976433896312e+00
2.605969493735563560e+02 1.745156858027225422e+00
2.646687767075181341e+02 1.722897946553251014e+00
2.687406040414799122e+02 1.703291770161730057e+00
2.728124313754416903e+02 1.686229009867967532e+00
2.768842587094035821e+02 1.671605185150394801e+00
2.809560860433653602e+02 1.659360677304374532e+00
2.850279133773272520e+02 1.649507734149111782e+00
2.890997407112890301e+02 1.642131686827202897e+00
2.931715680452508082e+02 1.637358275397665652e+00
2.972433953792125862e+02 1.635290730717368746e+00
3.013152227131744780e+02 1.635934973394441272e+00
3.053870500471362561e+02 1.639142222912699509e+00
3.094588773810981479e+02 1.644599093563843484e+00
3.135307047150599260e+02 1.651883060116174251e+00
3.176025320490217041e+02 1.660578573831496429e+00
3.216743593829834822e+02 1.670423662076683469e+00
3.257461867169453740e+02 1.681438462162008651e+00
3.298180140509071521e+02 1.693984188280776682e+00
3.338898413848690438e+02 1.708716783444016896e+00
3.379616687188308219e+02 1.726430429821410595e+00
3.420334960527926000e+02 1.747822709438176192e+00
3.461053233867545487e+02 1.773243300413847923e+00
3.501771507207162699e+02 1.802500978568221557e+00
3.542489780546780480e+02 1.834794003412805408e+00
3.583208053886399966e+02 1.868798541091147403e+00
3.623926327226017179e+02 1.902907056805450470e+00
3.664644600565634960e+02 1.935565881112323527e+00
3.705362873905254446e+02 1.965630708362314349e+00
3.746081147244871659e+02 1.992649328666589614e+00
3.786799420584489440e+02 2.016995285094967283e+00
3.827517693924108926e+02 2.039810928608547513e+00
3.868235967263726138e+02 2.062764927164274731e+00
3.908954240603343919e+02 2.087676221751266326e+00
3.949672513942963405e+02 2.116092077080022449e+00
3.990390787282580618e+02 2.148922987328811374e+00
4.031109060622198399e+02 2.186226963387093658e+00
4.071827333961817885e+02 2.227201158874198228e+00
4.112545607301435666e+02 2.270387069105024747e+00
4.153263880641053447e+02 2.314039039348551263e+00
4.193982153980672365e+02 2.356559629729834349e+00
4.234700427320290146e+02 2.396883475760216875e+00
4.275418700659907927e+02 2.434702173979247597e+00
4.316136973999526845e+02 2.470465948202666073e+00
4.356855247339144626e+02 2.505162743726696117e+00
4.397573520678762407e+02 2.539943165702390537e+00
4.438291794018381324e+02 2.575708739678095771e+00
4.479010067357999105e+02 2.612794096200123484e+00
4.519728340697616886e+02 2.650844523861779489e+00
4.560446614037235804e+02 2.688926741296586265e+00
4.601164887376853585e+02 2.725833101891834254e+00
4.641883160716471366e+02 2.760474195066707548e+00
4.682601434056089715e+02 2.792225083115370321e+00
4.723319707395709202e+02 2.821107335543040939e+00
4.764037980735326414e+02 2.847747063680288626e+00
4.804756254074944763e+02 2.873127679634533305e+00
4.845474527414562544e+02 2.898226800589335905e+00
4.886192800754180325e+02 2.923664242913260214e+00
4.926911074093798675e+02 2.949479665385864369e+00
4.967629347433415887e+02 2.975108791685926679e+00
5.008347620773035374e+02 2.999556235022978967e+00
5.049065894112653723e+02 3.021697852443466559e+00
5.089784167452271504e+02 3.040609591090809083e+00
5.130502440791889285e+02 3.055823421401336226e+00
5.171220714131507066e+02 3.067448320148204566e+00
5.211938987471127120e+02 3.076146670030441399e+00
5.252657260810744901e+02 3.083001158989862933e+00
5.293375534150362682e+02 3.089327694451813766e+00
5.334093807489980463e+02 3.096482456943549622e+00
5.374812080829598244e+02 3.105686157394743852e+00
5.415530354169216025e+02 3.117863811037061339e+00
5.456248627508833806e+02 3.133490146844915891e+00
5.496966900848453861e+02 3.152444986216465850e+00
5.537685174188071642e+02 3.173911465560870671e+00
5.578403447527689423e+02 3.196374341272438802e+00
5.619121720867307204e+02 3.217776050992605885e+00
5.659839994206924985e+02 3.235854369256516261e+00
5.700558267546545039e+02 3.248623466383517844e+00
5.741276540886163957e+02 3.254892101663742210e+00
5.781994814225780601e+02 3.254668547219694119e+00
5.822713087565398382e+02 3.249306539331921151e+00
5.863431360905016163e+02 3.241307765342396952e+00
5.904149634244633944e+02 3.233798878513704178e+00
5.944867907584251725e+02 3.229810461814306422e+00
5.985586180923872917e+02 3.231560747345461948e+00
6.026304454263489561e+02 3.239956892228939900e+00
6.067022727603107342e+02 3.254462967358223491e+00
6.107741000942725123e+02 3.273366174233868442e+00
6.148459274282342903e+02 3.294342364703838122e+00
6.189177547621962958e+02 3.315126128009340256e+00
6.229895820961581876e+02 3.334064827030681410e+00
6.270614094301198520e+02 3.350389163691232852e+00
6.311332367640816301e+02 3.364144249698564515e+00
6.352050640980434082e+02 3.375851807396549109e+00
6.392768914320051863e+02 3.386067775486906406e+00
6.433487187659669644e+02 3.395025563907042798e+00
6.474205460999290835e+02 3.402505814447942534e+00
6.514923734338907479e+02 3.407970746718436139e+00
6.555642007678525260e+02 3.410887472550597543e+00
6.596360281018143041e+02 3.411085853160654491e+00
6.637078554357760822e+02 3.408983457848803855e+00
6.677796827697380877e+02 3.405566941549358795e+00
6.718515101036999795e+02 3.402121636608139710e+00
6.759233374376616439e+02 3.399807321051785181e+00
6.799951647716234220e+02 3.399245001473357952e+00
6.840669921055852001e+02 3.400280308522782402e+00
6.881388194395469782e+02 3.402023482326156145e+00
6.922106467735090973e+02 3.403159954302711121e+00
6.962824741074708754e+02 3.402420929436678954e+00
7.003543014414325398e+02 3.399040984687624611e+00
7.044261287753944316e+02 3.393033586084912567e+00
7.084979561093560960e+02 3.385183779603662124e+00
7.125697834433178741e+02 3.376763543027654357e+00
7.166416107772799933e+02 3.369078636996835741e+00
7.207134381112417714e+02 3.363017131231043955e+00
7.247852654452034358e+02 3.358766442730586110e+00
7.288570927791653276e+02 3.355799781436969997e+00
7.329289201131269920e+02 3.353129927420380518e+00
7.370007474470887701e+02 3.349727308663107639e+00
7.410725747810508892e+02 3.344938117284196544e+00
7.451444021150126673e+02 3.338739095860772554e+00
7.492162294489743317e+02 3.331727753151947802e+00
7.532880567829362235e+02 3.324846701661416493e+00
7.573598841168978879e+02 3.318941552263731776e+00
7.614317114508596660e+02 3.314316480875810988e+00
7.655035387848217852e+02 3.310456780295257140e+00
7.695753661187835633e+02 3.306031653426871664e+00
7.736471934527452277e+02 3.299193330765341159e+00
7.777190207867071194e+02 3.288084823488922837e+00
7.817908481206687838e+02 3.271394701768039592e+00
7.858626754546305619e+02 3.248778748602462407e+00
7.899345027885926811e+02 3.221011081091320616e+00
7.940063301225544592e+02 3.189815963366330553e+00
7.980781574565161236e+02 3.157435176414673972e+00
8.021499847904780154e+02 3.126069114691234940e+00
8.062218121244396798e+02 3.097365228535887915e+00
8.102936394584014579e+02 3.072104583013847368e+00
8.143654667923635770e+02 3.050165884964808782e+00
8.184372941263253551e+02 3.030752270309718277e+00
8.225091214602871332e+02 3.012782127078990069e+00
8.265809487942490250e+02 2.995299204934123605e+00
8.306527761282106894e+02 2.977762967413431383e+00
8.347246034621728086e+02 2.960132888534189988e+00
8.387964307961344730e+02 2.942739415295513972e+00
8.428682581300961374e+02 2.926010667403228460e+00
8.469400854640580292e+02 2.910170988454128693e+00
8.510119127980199210e+02 2.895030163088221364e+00
8.550837401319815854e+02 2.879941880272839150e+00
8.591555674659432498e+02 2.863943517849368625e+00
8.632273947999053689e+02 2.846021867836880936e+00
8.672992221338670333e+02 2.825405523479313175e+00
8.713710494678289251e+02 2.801779170605220859e+00
8.754428768017908169e+02 2.775348166301530917e+00
8.795147041357524813e+02 2.746739580199637043e+00
8.835865314697146005e+02 2.716785849562774580e+00
8.876583588036762649e+02 2.686276988729805915e+00
8.917301861376379293e+02 2.655772910210065785e+00
8.958020134715998211e+02 2.625538179921983239e+00
8.998738408055617128e+02 2.595609900520727820e+00
9.039456681395233772e+02 2.565955921829346842e+00
9.080174954734850417e+02 2.536645859147395488e+00
9.120893228074471608e+02 2.507954415406609794e+00
9.161611501414088252e+02 2.480345788000037910e+00
9.202329774753707170e+02 2.454337654543549796e+00
9.243048048093326088e+02 2.430293864455102870e+00
9.283766321432942732e+02 2.408226855272573630e+00
9.324484594772563923e+02 2.387691605034405917e+00
9.365202868112179431e+02 2.367822152020319315e+00
9.405921141451797212e+02 2.347510819908673163e+00
9.446639414791418403e+02 2.325678236509746366e+00
9.487357688131035047e+02 2.301548306293504709e+00
9.528075961470652828e+02 2.274838912177581385e+00
9.568794234810268335e+02 2.245807346436562657e+00
9.609512508149889527e+02 2.215138824038445531e+00
9.650230781489506171e+02 2.183718979437213825e+00
9.690949054829125089e+02 2.152368344059598204e+00
9.731667328168744007e+02 2.121625902866143942e+00
9.772385601508360651e+02 2.091647839726869851e+00
9.813103874847981842e+02 2.062245204378474028e+00
9.853822148187597350e+02 2.033036335162803798e+00
9.894540421527215130e+02 2.003653390486500374e+00
9.935258694866831775e+02 1.973929115148321589e+00
9.975976968206452966e+02 1.944002782160269005e+00
1.001669524154607075e+03 1.914316472055923812e+00
1.005741351488568625e+03 1.885511554553381597e+00
1.009813178822530745e+03 1.858266430009382075e+00
1.013885006156492409e+03 1.833130408191159688e+00
1.017956833490454301e+03 1.810402511197283459e+00
1.022028660824416193e+03 1.790082903431874595e+00
1.026100488158377857e+03 1.771898230906604255e+00
1.030172315492339976e+03 1.755380543603691779e+00
1.034244142826301413e+03 1.739969364102230909e+00
1.038315970160263305e+03 1.725108965156717744e+00
1.042387797494225424e+03 1.710323969162731883e+00
1.046459624828187088e+03 1.695269244282035626e+00
1.050531452162148980e+03 1.679758644181156502e+00
1.054603279496110417e+03 1.663778595329546306e+00
1.058675106830072536e+03 1.647488194577166665e+00
1.062746934164033974e+03 1.631201662417189668e+00
1.066818761497996093e+03 1.615346560738400772e+00
1.070890588831958212e+03 1.600394941715088448e+00
1.074962416165919649e+03 1.586773839536654185e+00
1.079034243499881768e+03 1.574772293906550935e+00
1.083106070833843205e+03 1.564469053550121558e+00
1.087177898167805097e+03 1.555704051249938047e+00
1.091249725501766761e+03 1.548106686152694866e+00
1.095321552835728880e+03 1.541177769186463875e+00
1.099393380169690772e+03 1.534405353157414664e+00
1.103465207503652209e+03 1.527383748545708908e+00
1.107537034837614328e+03 1.519903957713139464e+00
1.111608862171575765e+03 1.511992973779086924e+00
1.115680689505537885e+03 1.503895465181732005e+00
1.119752516839500004e+03 1.496008447176782941e+00
1.123824344173461441e+03 1.488791675146676763e+00
1.127896171507423560e+03 1.482679908010631653e+00
1.131967998841384997e+03 1.478017588108233138e+00
1.136039826175347116e+03 1.475024914283547428e+00
1.140111653509309008e+03 1.473791716543722874e+00
1.144183480843270672e+03 1.474286812470602559e+00
1.148255308177232791e+03 1.476368517992120655e+00
1.152327135511194001e+03 1.479786704709439960e+00
1.156398962845156120e+03 1.484175636880839644e+00
1.160470790179118239e+03 1.489045783032479475e+00
1.164542617513079676e+03 1.493788097181787400e+00
1.168614444847041796e+03 1.497703703523468821e+00
1.172686272181003233e+03 1.500065539793716152e+00
1.176758099514965352e+03 1.500208423256901513e+00
1.180829926848926789e+03 1.497633525921537201e+00
1.184901754182888908e+03 1.492105804192360052e+00
1.188973581516850345e+03 1.483721012496801439e+00
1.193045408850812464e+03 1.472923436088475313e+00
1.197117236184774583e+03 1.460465512754404172e+00
1.201189063518735793e+03 1.447313641165117959e+00
1.205260890852697912e+03 1.434517306625922251e+00
1.209332718186659577e+03 1.423067672369990877e+00
1.213404545520621468e+03 1.413774254803825015e+00
1.217476372854583587e+03 1.407183128106093362e+00
1.221548200188545025e+03 1.403548364736814325e+00
1.225620027522507144e+03 1.402853349004283157e+00
1.229691854856468581e+03 1.404864869040375996e+00
1.233763682190430700e+03 1.409195225347542824e+00
1.237835509524392592e+03 1.415349098158323882e+00
1.241907336858354256e+03 1.422742670322351355e+00
1.245979164192316375e+03 1.430699046381571637e+00
1.250050991526277585e+03 1.438440123771007384e+00
1.254122818860239704e+03 1.445103805564005084e+00
1.258194646194201823e+03 1.449811777731506268e+00
1.262266473528163260e+03 1.451796263123478647e+00
1.266338300862125379e+03 1.450568731336861150e+00
1.270410128196086816e+03 1.446088301962678901e+00
1.274481955530048936e+03 1.438872790540987934e+00
1.278553782864010373e+03 1.429998893952220129e+00
1.282625610197972492e+03 1.420961986141635824e+00
1.286697437531933929e+03 1.413405109841697094e+00
1.290769264865896048e+03 1.408769412052451653e+00
1.294841092199858167e+03 1.407950167675892761e+00
1.298912919533819377e+03 1.411051593636316381e+00
1.302984746867781496e+03 1.417314594118204596e+00
1.307056574201743160e+03 1.425248303447024467e+00
1.311128401535705052e+03 1.432941108978152744e+00
1.315200228869667171e+03 1.438476587283005648e+00
1.319272056203628608e+03 1.440350242829462113e+00
1.323343883537590727e+03 1.437783410176694421e+00
1.327415710871552164e+03 1.430860828383306194e+00
1.331487538205514284e+03 1.420468395345614310e+00
1.335559365539476175e+03 1.408061603176676169e+00
1.339631192873437840e+03 1.395336708869848952e+00
1.343703020207399959e+03 1.383894258143501421e+00
1.347774847541361169e+03 1.374975021389471141e+00
1.351846674875323288e+03 1.369317440347842973e+00
1.355918502209285407e+03 1.367145269257671325e+00
1.359990329543246844e+03 1.368257842760006060e+00
1.364062156877208963e+03 1.372173890609406088e+00
1.368133984211170400e+03 1.378277393782959992e+00
1.372205811545132519e+03 1.385928078479136349e+00
1.376277638879093956e+03 1.394522105605305651e+00
1.380349466213056076e+03 1.403510898789993799e+00
1.384421293547018195e+03 1.412400161416981659e+00
1.388493120880979632e+03 1.420753383690298133e+00
1.392564948214941751e+03 1.428215676595352424e+00
1.396636775548903188e+03 1.434559330740733829e+00
1.400708602882865080e+03 1.439738258036314278e+00
1.404780430216826744e+03 1.443929765808314558e+00
1.408852257550788863e+03 1.447541826259074904e+00
1.412924084884750755e+03 1.451172032994324290e+00
1.416995912218712192e+03 1.455518104382827804e+00
1.421067739552674311e+03 1.461254896311380058e+00
1.425139566886635748e+03 1.468904922633186949e+00
1.429211394220597867e+03 1.478734660092993591e+00
1.433283221554559987e+03 1.490705401234006189e+00
1.437355048888521424e+03 1.504495270007491170e+00
1.441426876222483543e+03 1.519590749741830171e+00
1.445498703556444980e+03 1.535426266908441750e+00
1.449570530890406872e+03 1.551534750435385135e+00
1.453642358224368991e+03 1.567666025447563838e+00
1.457714185558330655e+03 1.583836646017802607e+00
1.461786012892292547e+03 1.600293900288365379e+00
1.465857840226253984e+03 1.617403554833145352e+00
1.469929667560216103e+03 1.635497366495274107e+00
1.474001494894177540e+03 1.654733322372236248e+00
1.478073322228139659e+03 1.675021909128717734e+00
1.482145149562101778e+03 1.696053414043630081e+00
1.486216976896063215e+03 1.717428744149165354e+00
1.490288804230025335e+03 1.738859581759158335e+00
1.494360631563986772e+03 1.760375487156957020e+00
1.498432458897948663e+03 1.782466550883421208e+00
1.502504286231910328e+03 1.806105105416150547e+00
1.506576113565872447e+03 1.832625303076188317e+00
1.510647940899834339e+03 1.863484023817909785e+00
1.514719768233795776e+03 1.899965684730162696e+00
1.518791595567757895e+03 1.942913580064902446e+00
1.522863422901719332e+03 1.992564273352993354e+00
1.526935250235681451e+03 2.048531311438380964e+00
1.531007077569643570e+03 2.109940652922195792e+00
1.535078904903605007e+03 2.175677862067138424e+00
1.539150732237567127e+03 2.244680466596164603e+00
1.543222559571528564e+03 2.316205780423046701e+00
1.547294386905490455e+03 2.390023688595442675e+00
1.551366214239452574e+03 2.466515723750431821e+00
1.555438041573414239e+03 2.546692224384333514e+00
1.559509868907376131e+03 2.632155888843683123e+00
1.563581696241337568e+03 2.725036739150584530e+00
1.567653523575299687e+03 2.827903749863370564e+00
1.571725350909261124e+03 2.943633578102599291e+00
1.575797178243223243e+03 3.075201732633437324e+00
1.579869005577185362e+03 3.225367933567024892e+00
1.583940832911146799e+03 3.396258520308728546e+00
1.588012660245108918e+03 3.588896573558058911e+00
1.592084487579070355e+03 3.802777534729532505e+00
1.596156314913032247e+03 4.035613534363466925e+00
1.600228142246993912e+03 4.283356752210651486e+00
1.604299969580956031e+03 4.540556009393537096e+00
1.608371796914917923e+03 4.801012100907379399e+00
1.612443624248879360e+03 5.058600917534616492e+00
1.616515451582841479e+03 5.308061271392320535e+00
1.620587278916802916e+03 5.545525475617376188e+00
1.624659106250765035e+03 5.768620221905784717e+00
1.628730933584727154e+03 5.976077139070445909e+00
1.632802760918688591e+03 6.166938702762119640e+00
1.636874588252650710e+03 6.339582807538205245e+00
1.640946415586612147e+03 6.490872740829068732e+00
1.645018242920574266e+03 6.615735501760843462e+00
1.649090070254536386e+03 6.707372327308915416e+00
1.653161897588498050e+03 6.758133040271728120e+00
1.657233724922459714e+03 6.760888236888068725e+00
1.661305552256421379e+03 6.710570353284386336e+00
1.665377379590383043e+03 6.605479610359557441e+00
1.669449206924345617e+03 6.447992396993626585e+00
1.673521034258306827e+03 6.244460826554271371e+00
1.677592861592268946e+03 6.004310676189064111e+00
1.681664688926230610e+03 5.738565273831079061e+00
1.685736516260192275e+03 5.458177214116321174e+00
1.689808343594153939e+03 5.172589923717273663e+00
1.693880170928116058e+03 4.888865039998619544e+00
1.697951998262077268e+03 4.611527934453964583e+00
1.702023825596039842e+03 4.343062558364780834e+00
1.706095652930001506e+03 4.084799571943646512e+00
1.710167480263963171e+03 3.837847271216877854e+00
1.714239307597924835e+03 3.603739686532753783e+00
1.718311134931886500e+03 3.384606250703842356e+00
1.722382962265848619e+03 3.182853612153870415e+00
1.726454789599810738e+03 3.000526448333942664e+00
1.730526616933772402e+03 2.838620788334274447e+00
1.734598444267734067e+03 2.696627458368253905e+00
1.738670271601695731e+03 2.572489079488825325e+00
1.742742098935657850e+03 2.462999871251903450e+00
1.746813926269619969e+03 2.364520602493995760e+00
1.750885753603581634e+03 2.273776449027513635e+00
1.754957580937543298e+03 2.188486814496837685e+00
1.759029408271504963e+03 2.107644730819859813e+00
1.763101235605466627e+03 2.031389958003877005e+00
1.767173062939429201e+03 1.960556674003709476e+00
1.771244890273390411e+03 1.896075780581834236e+00
1.775316717607352530e+03 1.838442189272652794e+00
1.779388544941314194e+03 1.787414314046338104e+00
1.783460372275275859e+03 1.742017699459629032e+00
1.787532199609237523e+03 1.700814814183248203e+00
1.791604026943199642e+03 1.662317626174804719e+00
1.795675854277160852e+03 1.625385341415637175e+00
1.799747681611123426e+03 1.589472781123709932e+00
1.803819508945085090e+03 1.554660901375659154e+00
1.807891336279046754e+03 1.521482325400367763e+00
1.811963163613008419e+03 1.490621874628005328e+00
1.816034990946970083e+03 1.462603981044783952e+00
1.820106818280932202e+03 1.437569423535021595e+00
1.824178645614894322e+03 1.415201935442756964e+00
1.828250472948855986e+03 1.394809554757054482e+00
1.832322300282817650e+03 1.375516659374041106e+00
1.836394127616779315e+03 1.356495410855844019e+00
1.840465954950741434e+03 1.337164939368335137e+00
1.844537782284703553e+03 1.317308235731056598e+00
1.848609609618665218e+03 1.297089117709566919e+00
1.852681436952626882e+03 1.276982250875639879e+00
1.856753264286588546e+03 1.257648819931747486e+00
1.860825091620550211e+03 1.239795718344676612e+00
1.864896918954512785e+03 1.224049424242945383e+00
1.868968746288474449e+03 1.210862913708129707e+00
1.873040573622435886e+03 1.200461312011392723e+00
1.877112400956397778e+03 1.192823683407576052e+00
1.881184228290359442e+03 1.187695384116332464e+00
1.885256055624321334e+03 1.184625976354424681e+00
1.889327882958283681e+03 1.183028840159927819e+00
1.893399710292245118e+03 1.182257903065169868e+00
1.897471537626207009e+03 1.181693685463787835e+00
1.901543364960168674e+03 1.180826461659602256e+00
1.905615192294130566e+03 1.179321315165253514e+00
1.909687019628092003e+03 1.177050693226306732e+00
1.913758846962053667e+03 1.174085873923145451e+00
1.917830674296016241e+03 1.170648654245004305e+00
1.921902501629977905e+03 1.167035760869770789e+00
1.925974328963939570e+03 1.163537204018470383e+00
1.930046156297901234e+03 1.160372631228761442e+00
1.934117983631862899e+03 1.157664964673364549e+00
1.938189810965825018e+03 1.155458986846274572e+00
1.942261638299787137e+03 1.153777328350070297e+00
1.946333465633748801e+03 1.152692375558465709e+00
1.950405292967710466e+03 1.152384913087101115e+00
1.954477120301672130e+03 1.153162180517516955e+00
1.958548947635633795e+03 1.155419828097109969e+00
1.962620774969596368e+03 1.159550959131850023e+00
1.966692602303558033e+03 1.165825274544189050e+00
1.970764429637519470e+03 1.174275505847700130e+00
1.974836256971481362e+03 1.184631311876958248e+00
1.978908084305443026e+03 1.196330417122312806e+00
1.982979911639404918e+03 1.208615195913230300e+00
1.987051738973366355e+03 1.220696413699306815e+00
1.991123566307328701e+03 1.231942883865808192e+00
1.995195393641290593e+03 1.242044267759457643e+00
1.999267220975252258e+03 1.251098660138308949e+00
2.003339048309214149e+03 1.259596361034966971e+00
2.007410875643175586e+03 1.268300573123837705e+00
2.011482702977137251e+03 1.278055547953905746e+00
2.015554530311099825e+03 1.289573488820097591e+00
2.019626357645061489e+03 1.303256782331096320e+00
2.023698184979023154e+03 1.319100517974647779e+00
2.027770012312984818e+03 1.336695972188777004e+00
2.031841839646946482e+03 1.355326963603105783e+00
2.035913666980908602e+03 1.374126917693601957e+00
2.039985494314870721e+03 1.392252086611699635e+00
2.044057321648832385e+03 1.409028159551183323e+00
2.048129148982793595e+03 1.424041029361139188e+00
2.052200976316755714e+03 1.437161745987704853e+00
2.056272803650717833e+03 1.448513702827072702e+00
2.060344630984679952e+03 1.458401588199768728e+00
2.064416458318641617e+03 1.467224705263042939e+00
2.068488285652602826e+03 1.475393525156452501e+00
2.072560112986564945e+03 1.483261509349564689e+00
2.076631940320526610e+03 1.491078059470623440e+00
2.080703767654489184e+03 1.498964914403437154e+00
2.084775594988450848e+03 1.506917010144842584e+00
2.088847422322411603e+03 1.514827675842674859e+00
2.092919249656374177e+03 1.522534955709126780e+00
2.096991076990335841e+03 1.529880316622914238e+00
2.101062904324297961e+03 1.536764831687638999e+00
2.105134731658260080e+03 1.543184573676765758e+00
2.109206558992220835e+03 1.549229719042239495e+00
2.113278386326182954e+03 1.555041872979270545e+00
2.117350213660145073e+03 1.560739085422257810e+00
2.121422040994107192e+03 1.566332593073500590e+00
2.125493868328067947e+03 1.571667087912097305e+00
2.129565695662030066e+03 1.576412655081899095e+00
2.133637522995992185e+03 1.580121032987817475e+00
2.137709350329954304e+03 1.582336141623762682e+00
2.141781177663916424e+03 1.582727175139635900e+00
2.145853004997877179e+03 1.581200743328435854e+00
2.149924832331839298e+03 1.577952180090095968e+00
2.153996659665801417e+03 1.573435012338012307e+00
2.158068486999763536e+03 1.568255338212037442e+00
2.162140314333724291e+03 1.563024210913064538e+00
2.166212141667686410e+03 1.558215857264299897e+00
2.170283969001648529e+03 1.554076714402351289e+00
2.174355796335610194e+03 1.550610686238377500e+00
2.178427623669572768e+03 1.547637187324056196e+00
2.182499451003533522e+03 1.544891685880880772e+00
2.186571278337495187e+03 1.542124084076017088e+00
2.190643105671457761e+03 1.539153940450413760e+00
2.194714933005419425e+03 1.535861631883631562e+00
2.198786760339381544e+03 1.532122957603833324e+00
2.202858587673342754e+03 1.527720073475900886e+00
2.206930415007304418e+03 1.522273974984287293e+00
2.211002242341266538e+03 1.515238184677769828e+00
2.215074069675228657e+03 1.505971950618441024e+00
2.219145897009190776e+03 1.493882149270635784e+00
2.223217724343151531e+03 1.478596884133211109e+00
2.227289551677113650e+03 1.460119711953670629e+00
2.231361379011075769e+03 1.438916023016331369e+00
2.235433206345037888e+03 1.415900883113555775e+00
2.239505033679000007e+03 1.392324219595510781e+00
2.243576861012960762e+03 1.369576000897547718e+00
2.247648688346922881e+03 1.348953354019483353e+00
2.251720515680885001e+03 1.331438994161284528e+00
2.255792343014847120e+03 1.317535567290814003e+00
2.259864170348808784e+03 1.307186489639118987e+00
2.263935997682769994e+03 1.299795192753036899e+00
2.268007825016732113e+03 1.294335842352734467e+00
2.272079652350694232e+03 1.289532916785867789e+00
2.276151479684656351e+03 1.284076428269047776e+00
2.280223307018618016e+03 1.276834925965543599e+00
2.284295134352579225e+03 1.267030017405125886e+00
2.288366961686541345e+03 1.254343803717239636e+00
2.292438789020503009e+03 1.238943441749362995e+00
2.296510616354465583e+03 1.221423021554388422e+00
2.300582443688427247e+03 1.202678926610448729e+00
2.304654271022388002e+03 1.183747083958514912e+00
2.308726098356350576e+03 1.165635811650792109e+00
2.312797925690312240e+03 1.149184930910937208e+00
2.316869753024274360e+03 1.134971596826388041e+00
2.320941580358236479e+03 1.123269447574375857e+00
2.325013407692197234e+03 1.114054853333780404e+00
2.329085235026159353e+03 1.107046274181908263e+00
2.333157062360121472e+03 1.101761747801742741e+00
2.337228889694083591e+03 1.097584111150916808e+00
2.341300717028044346e+03 1.093830179882922193e+00
2.345372544362006465e+03 1.089824594140359038e+00
2.349444371695968584e+03 1.084978592278967868e+00
2.353516199029930704e+03 1.078868576617961095e+00
2.357588026363892823e+03 1.071301865107011642e+00
2.361659853697853578e+03 1.062351976774789097e+00
2.365731681031815697e+03 1.052347159572915469e+00
2.369803508365777816e+03 1.041805070771547603e+00
2.373875335699739935e+03 1.031321460290783643e+00
2.377947163033700690e+03 1.021436312833061688e+00
2.382018990367662809e+03 1.012511071169662324e+00
2.386090817701624928e+03 1.004650676175413926e+00
2.390162645035586593e+03 9.976931235349081328e-01
2.394234472369549167e+03 9.912701294754067138e-01
2.398306299703509922e+03 9.849215409559745060e-01
2.402378127037471586e+03 9.782303810547089418e-01
2.406449954371434160e+03 9.709401387065066391e-01
2.410521781705395824e+03 9.630226086429998222e-01
2.414593609039357943e+03 9.546805918516101386e-01
2.418665436373319153e+03 9.462893760195567605e-01
2.422737263707280817e+03 9.382976253945164435e-01
2.426809091041242937e+03 9.311171933482917940e-01
2.430880918375205056e+03 9.250306667319678766e-01
2.434952745709167175e+03 9.201368073543744197e-01
2.439024573043127930e+03 9.163414673353221795e-01
2.443096400377090049e+03 9.133895514819811989e-01
2.447168227711052168e+03 9.109255036482986068e-01
2.451240055045014287e+03 9.085667498415187504e-01
2.455311882378976406e+03 9.059756059540913231e-01
2.459383709712937161e+03 9.029183137828461492e-01
2.463455537046899281e+03 8.993032337728973369e-01
2.467527364380861400e+03 8.951930154260769879e-01
2.471599191714823519e+03 8.907882438742820153e-01
2.475671019048785183e+03 8.863836808445100246e-01
2.479742846382746393e+03 8.823034029525917976e-01
2.483814673716708512e+03 8.788272445036773295e-01
2.487886501050670176e+03 8.761259327624362214e-01
2.491958328384632750e+03 8.742234567777946719e-01
2.496030155718594415e+03 8.730004948420434507e-01
2.500101983052555170e+03 8.722420657572464986e-01
2.504173810386517744e+03 8.717184725644016030e-01
2.508245637720479408e+03 8.712756730693694829e-01
2.512317465054441527e+03 8.709045838356495040e-01
2.516389292388403646e+03 8.707621310664658276e-01
2.520461119722364401e+03 8.711304669305738324e-01
2.524532947056326520e+03 8.723211290043494381e-01
2.528604774390288640e+03 8.745514396789513256e-01
2.532676601724250759e+03 8.778336536554407488e-01
2.536748429058211514e+03 8.819176728423560041e-01
2.540820256392173633e+03 8.863141324459002934e-01
2.544892083726135752e+03 8.903999599875540572e-01
2.548963911060097871e+03 8.935808936558909954e-01
2.553035738394059990e+03 8.954642920367594794e-01
2.557107565728020745e+03 8.959885784864468627e-01
2.561179393061982864e+03 8.954660435035872723e-01
2.565251220395944983e+03 8.945208441445353653e-01
2.569323047729907103e+03 8.939361183858256510e-01
2.573394875063867858e+03 8.944527966374659078e-01
2.577466702397829977e+03 8.965784629380213477e-01
2.581538529731792096e+03 9.004621609128309334e-01
2.585610357065753760e+03 9.058710149139012069e-01
2.589682184399716334e+03 9.122734012746436250e-01
2.593754011733677089e+03 9.190012365629550706e-01
2.597825839067638753e+03 9.254410588051513731e-01
2.601897666401601327e+03 9.311970691498349106e-01
2.605969493735562992e+03 9.361807654742149154e-01
2.610041321069525111e+03 9.406068937999739754e-01
2.614113148403486321e+03 9.449054817032382925e-01
2.618184975737447985e+03 9.495846925904581903e-01
2.622256803071410104e+03 9.550912305585219642e-01
2.626328630405372223e+03 9.617108258767714801e-01
2.630400457739334342e+03 9.695333999898958499e-01
2.634472285073295097e+03 9.784829365153420166e-01
2.638544112407257217e+03 9.883899466126913058e-01
2.642615939741219336e+03 9.990724618061399553e-01
2.646687767075181455e+03 1.010393350009548552e+00
2.650759594409143574e+03 1.022275717382300497e+00
2.654831421743104329e+03 1.034677957652533786e+00
2.658903249077066448e+03 1.047547353713438101e+00
2.662975076411028567e+03 1.060779055309226226e+00
2.667046903744990686e+03 1.074202921998171245e+00
2.671118731078952351e+03 1.087606583606194333e+00
2.675190558412913560e+03 1.100785798260773163e+00
2.679262385746875680e+03 1.113600759899567194e+00
2.683334213080837344e+03 1.126015148239602803e+00
2.687406040414799918e+03 1.138104212265700799e+00
2.691477867748761582e+03 1.150034341767832924e+00
2.695549695082722337e+03 1.162031229817878764e+00
2.699621522416684911e+03 1.174358977302337292e+00
2.703693349750646576e+03 1.187324693020558097e+00
2.707765177084608695e+03 1.201305133921538371e+00
2.711837004418570814e+03 1.216772319215655873e+00
2.715908831752531569e+03 1.234284598225849461e+00
2.719980659086493688e+03 1.254416137110411889e+00
2.724052486420455807e+03 1.277621686417804492e+00
2.728124313754417926e+03 1.304066599910727264e+00
2.732196141088378681e+03 1.333480147460480492e+00
2.736267968422340800e+03 1.365098763512247126e+00
2.740339795756302919e+03 1.397747099835168205e+00
2.744411623090265039e+03 1.430061815982450524e+00
2.748483450424227158e+03 1.460810306269777481e+00
2.752555277758187913e+03 1.489214557908960845e+00
2.756627105092150032e+03 1.515177478454227566e+00
2.760698932426112151e+03 1.539333462969305177e+00
2.764770759760074270e+03 1.562900162468550569e+00
2.768842587094036389e+03 1.587374792542249224e+00
2.772914414427997144e+03 1.614170643996251098e+00
2.776986241761959263e+03 1.644307081088991040e+00
2.781058069095921383e+03 1.678242023440688513e+00
2.785129896429883502e+03 1.715879402293335021e+00
2.789201723763844257e+03 1.756718342912064967e+00
2.793273551097806376e+03 1.800062689638834090e+00
2.797345378431768495e+03 1.845198323329364287e+00
2.801417205765730159e+03 1.891475061867170071e+00
2.805489033099692733e+03 1.938285820724482633e+00
2.809560860433653488e+03 1.984992548125959599e+00
2.813632687767615153e+03 2.030880017156017292e+00
2.817704515101577726e+03 2.075209457326888440e+00
2.821776342435539391e+03 2.117396621779035648e+00
2.825848169769501510e+03 2.157272791597930617e+00
2.829919997103462720e+03 2.195331249203474222e+00
2.833991824437424384e+03 2.232842005280422537e+00
2.838063651771386503e+03 2.271746356718214344e+00
2.842135479105348622e+03 2.314313186552490187e+00
2.846207306439310742e+03 2.362626649317385308e+00
2.850279133773271496e+03 2.418047671196882575e+00
2.854350961107233616e+03 2.480821082478054773e+00
2.858422788441195735e+03 2.549972218777976529e+00
2.862494615775157854e+03 2.623557210118607763e+00
2.866566443109119973e+03 2.699223584606683879e+00
2.870638270443080728e+03 2.774936025726804090e+00
2.874710097777042847e+03 2.849659117229328409e+00
2.878781925111004966e+03 2.923786475990045375e+00
2.882853752444967085e+03 2.999167642334992223e+00
2.886925579778928750e+03 3.078694921225439085e+00
2.890997407112889960e+03 3.165541199145129880e+00
2.895069234446852079e+03 3.262248864033528317e+00
2.899141061780813743e+03 3.369925355320019911e+00
2.903212889114776317e+03 3.487782631535496058e+00
2.907284716448737981e+03 3.613167183724484310e+00
2.911356543782698736e+03 3.742088049687272822e+00
2.915428371116661310e+03 3.870103776148388075e+00
2.919500198450622975e+03 3.993322068046290418e+00
2.923572025784585094e+03 4.109234727273455512e+00
2.927643853118547213e+03 4.217168419376547739e+00
2.931715680452507968e+03 4.318261063453051385e+00
2.935787507786470087e+03 4.415029547484925487e+00
2.939859335120432206e+03 4.510720287705725084e+00
2.943931162454394325e+03 4.608682462470206964e+00
2.948002989788355080e+03 4.711956347674169265e+00
2.952074817122317199e+03 4.823146694727656225e+00
2.956146644456279319e+03 4.944506920567136810e+00
2.960218471790241438e+03 5.078059184492028422e+00
2.964290299124203557e+03 5.225566892679263553e+00
2.968362126458164312e+03 5.388268493239600332e+00
2.972433953792126431e+03 5.566435807856171536e+00
2.976505781126088550e+03 5.758964019405602208e+00
2.980577608460050669e+03 5.963258319107366034e+00
2.984649435794011424e+03 6.175611223761487523e+00
2.988721263127973543e+03 6.392078476816037025e+00
2.992793090461935662e+03 6.609630881244105360e+00
2.996864917795897327e+03 6.827185617090630210e+00
3.000936745129859901e+03 7.046092181825611256e+00
3.005008572463820656e+03 7.269799110995355029e+00
3.009080399797782320e+03 7.502716344698439066e+00
3.013152227131744894e+03 7.748607942220528066e+00
3.017224054465706558e+03 8.009070360959080759e+00
3.021295881799668678e+03 8.282673086408610885e+00
3.025367709133629887e+03 8.565137219556280712e+00
3.029439536467591552e+03 8.850570316211424426e+00
3.033511363801553671e+03 9.133395549301344118e+00
3.037583191135515790e+03 9.410356508958471977e+00
3.041655018469477909e+03 9.681944644627481722e+00
3.045726845803438664e+03 9.952794826245922266e+00
3.049798673137400783e+03 1.023094397008746270e+01
3.053870500471362902e+03 1.052621026225556378e+01
3.057942327805325021e+03 1.084819172859270964e+01
3.062014155139287141e+03 1.120442774464646263e+01
3.066085982473247896e+03 1.159912755980901977e+01
3.070157809807210015e+03 1.203263214780966806e+01
3.074229637141172134e+03 1.250155388428712477e+01
3.078301464475134253e+03 1.299941870350698991e+01
3.082373291809095917e+03 1.351763651909567443e+01
3.086445119143057127e+03 1.404669732021572770e+01
3.090516946477019246e+03 1.457754690681430176e+01
3.094588773810980911e+03 1.510307020242618670e+01
3.098660601144943485e+03 1.561949559989652059e+01
3.102732428478905149e+03 1.612739632025426317e+01
3.106804255812865904e+03 1.663190949919421513e+01
3.110876083146828478e+03 1.714190667989324623e+01
3.114947910480790142e+03 1.766814086818925489e+01
3.119019737814752261e+03 1.822077673250025853e+01
3.123091565148714380e+03 1.880702145820747262e+01
3.127163392482675135e+03 1.942965132354461133e+01
3.131235219816637255e+03 2.008698980785415600e+01
3.135307047150599374e+03 2.077438756301610212e+01
3.139378874484561493e+03 2.148666443928761893e+01
3.143450701818522248e+03 2.222054529758393215e+01
3.147522529152484367e+03 2.297606069229136239e+01
3.151594356486446486e+03 2.375625798249030396e+01
3.155666183820408605e+03 2.456526066286608057e+01
3.159738011154370724e+03 2.540545462862187165e+01
3.163809838488331479e+03 2.627505285656864231e+01
3.167881665822293598e+03 2.716726428642872548e+01
3.171953493156255718e+03 2.807173226493191009e+01
3.176025320490217837e+03 2.897800213322940266e+01
3.180097147824178592e+03 2.987987809857115806e+01
3.184168975158140711e+03 3.077901362329854607e+01
3.188240802492102830e+03 3.168619353221223633e+01
3.192312629826064494e+03 3.261951458399940407e+01
3.196384457160027068e+03 3.359980074470198019e+01
3.200456284493987823e+03 3.464467637962896873e+01
3.204528111827949488e+03 3.576333331426518214e+01
3.208599939161912062e+03 3.695389785239989067e+01
3.212671766495873726e+03 3.820443955439479566e+01
3.216743593829835845e+03 3.949735776049339364e+01
3.220815421163797055e+03 4.081560977671300350e+01
3.224887248497758719e+03 4.214848879499933787e+01
3.228959075831720838e+03 4.349472757103146847e+01
3.233030903165682957e+03 4.486160808732765304e+01
3.237102730499645077e+03 4.626020218451014188e+01
3.241174557833605832e+03 4.769834914019639172e+01
3.245246385167567951e+03 4.917395694229803382e+01
3.249318212501530070e+03 5.067131638993073040e+01
3.253390039835492189e+03 5.216225882524722834e+01
3.257461867169454308e+03 5.361241948941811586e+01
3.261533694503415063e+03 5.499109521325961225e+01
3.265605521837377182e+03 5.628180421938279920e+01
3.269677349171339301e+03 5.749015606913063436e+01
3.273749176505301421e+03 5.864623467684127434e+01
3.277821003839263540e+03 5.980024422202616563e+01
3.281892831173224295e+03 6.101220244569856277e+01
3.285964658507186869e+03 6.233834394741897000e+01
3.290036485841148533e+03 6.381800000102257542e+01
3.294108313175110197e+03 6.546466642234572930e+01
3.298180140509072771e+03 6.726374355722683163e+01
3.302251967843033526e+03 6.917740956147468978e+01
3.306323795176996100e+03 7.115492494477453533e+01
3.310395622510956855e+03 7.314508174005577246e+01
3.314467449844919429e+03 7.510703947352691046e+01
3.318539277178882003e+03 7.701658761109798945e+01
3.322611104512842758e+03 7.886664703337741855e+01
3.326682931846805332e+03 8.066292100532051279e+01
3.330754759180766087e+03 8.241725070082118521e+01
3.334826586514728660e+03 8.414180448895471898e+01
3.338898413848691234e+03 8.584652061647344112e+01
3.342970241182651989e+03 8.754051878500173700e+01
3.347042068516613654e+03 8.923619503673516817e+01
3.351113895850575318e+03 9.095326030421949781e+01
3.355185723184537892e+03 9.271972988943738869e+01
3.359257550518498647e+03 9.456800330075225247e+01
3.363329377852461221e+03 9.652630080669283075e+01
3.367401205186422885e+03 9.860800385339575769e+01
3.371473032520384550e+03 1.008029082960900098e+02
3.375544859854347123e+03 1.030743323374630052e+02
3.379616687188307878e+03 1.053642921965520145e+02
3.383688514522270452e+03 1.076061103152567568e+02
3.387760341856232117e+03 1.097408996853171601e+02
3.391832169190193781e+03 1.117325353052481489e+02
3.395903996524154536e+03 1.135757963883183095e+02
3.399975823858117110e+03 1.152944625235144969e+02
3.404047651192079684e+03 1.169296090607112291e+02
3.408119478526040439e+03 1.185219373158852250e+02
3.412191305860003013e+03 1.200943421860745701e+02
3.416263133193963768e+03 1.216411129174679218e+02
3.420334960527926341e+03 1.231280146845495409e+02
3.424406787861888915e+03 1.245037161275574391e+02
3.428478615195849670e+03 1.257189488353100870e+02
3.432550442529812244e+03 1.267468875233525978e+02
3.436622269863772999e+03 1.275975923652366220e+02
3.440694097197735573e+03 1.283212141438721687e+02
3.444765924531697237e+03 1.289983773896221066e+02
3.448837751865658902e+03 1.297204118512918853e+02
3.452909579199621476e+03 1.305654097943134389e+02
3.456981406533582231e+03 1.315773282507903730e+02
3.461053233867544805e+03 1.327541794317471897e+02
3.465125061201506469e+03 1.340482712134121641e+02
3.469196888535468133e+03 1.353776252997285212e+02
3.473268715869430707e+03 1.366444563448226859e+02
3.477340543203391462e+03 1.377549788974232001e+02
3.481412370537354036e+03 1.386352005037694539e+02
3.485484197871315700e+03 1.392393957926050234e+02
3.489556025205277365e+03 1.395507302662364850e+02
3.493627852539239939e+03 1.395759481988993116e+02
3.497699679873200694e+03 1.393373463319350662e+02
3.501771507207163268e+03 1.388651479853999717e+02
3.505843334541124023e+03 1.381921749099535077e+02
3.509915161875086596e+03 1.373510843702055411e+02
3.513986989209049170e+03 1.363731614228071578e+02
3.518058816543009925e+03 1.352872390796118793e+02
3.522130643876972499e+03 1.341178232147252345e+02
3.526202471210933254e+03 1.328825522750772450e+02
3.530274298544895828e+03 1.315901158488757403e+02
3.534346125878858402e+03 1.302401356369841210e+02
3.538417953212819157e+03 1.288260280215383204e+02
3.542489780546780821e+03 1.273406867343399398e+02
3.546561607880742486e+03 1.257834570871502535e+02
3.550633435214705059e+03 1.241659484837183101e+02
3.554705262548665814e+03 1.225142208447589809e+02
3.558777089882628388e+03 1.208658864467319773e+02
3.562848917216590053e+03 1.192623696813873693e+02
3.566920744550551717e+03 1.177383369232073846e+02
3.570992571884514291e+03 1.163114644204166126e+02
3.575064399218475046e+03 1.149757897150241490e+02
3.579136226552437620e+03 1.137008344145702097e+02
3.583208053886399284e+03 1.124368690775590665e+02
3.587279881220360949e+03 1.111247765033816393e+02
3.591351708554321704e+03 1.097076458526289855e+02
3.595423535888284277e+03 1.081409431092826026e+02
3.599495363222246851e+03 1.063988905594281107e+02
3.603567190556207606e+03 1.044761762301247074e+02
3.607639017890170180e+03 1.023856844329516917e+02
3.611710845224130935e+03 1.001539846866027546e+02
3.615782672558093509e+03 9.781649225410761517e+01
3.619854499892056083e+03 9.541356498325140478e+01
3.623926327226016838e+03 9.298772859036992600e+01
3.627998154559979412e+03 9.058129281865565474e+01
3.632069981893940167e+03 8.823330851789447138e+01
3.636141809227902741e+03 8.597528573993946566e+01
3.640213636561864405e+03 8.382612090253719828e+01
3.644285463895826069e+03 8.178774683946740254e+01
3.648357291229788643e+03 7.984353852464340662e+01
3.652429118563749398e+03 7.796110072631529420e+01
3.656500945897711972e+03 7.609975095272130829e+01
3.660572773231673636e+03 7.422123451978788466e+01
3.664644600565635301e+03 7.230067511877956576e+01
3.668716427899597875e+03 7.033415949696825464e+01
3.672788255233558630e+03 6.834004863050473944e+01
3.676860082567521204e+03 6.635297444838906245e+01
3.680931909901482868e+03 6.441191572588985537e+01
3.685003737235444532e+03 6.254587824951428132e+01
3.689075564569407106e+03 6.076172661777439998e+01
3.693147391903367861e+03 5.903820397098845518e+01
3.697219219237330435e+03 5.732826498194690146e+01
3.701291046571291190e+03 5.556918854598497148e+01
3.705362873905253764e+03 5.369745960252337369e+01
3.709434701239216338e+03 5.166397377878509189e+01
3.713506528573177093e+03 4.944519395370723203e+01
3.717578355907139667e+03 4.704738917614075433e+01
3.721650183241100422e+03 4.450342267980740019e+01
3.725722010575062541e+03 4.186386979614034942e+01
3.729793837909025569e+03 3.918574512964104173e+01
3.733865665242986324e+03 3.652236138259059572e+01
3.737937492576948898e+03 3.391688083319738922e+01
3.742009319910909653e+03 3.140043852513650791e+01
3.746081147244871772e+03 2.899401036345161131e+01
3.750152974578833437e+03 2.671209479959760102e+01
3.754224801912795556e+03 2.456609562133504809e+01
3.758296629246758130e+03 2.256596227390172871e+01
3.762368456580718885e+03 2.071976742680212880e+01
3.766440283914681004e+03 1.903195501107653342e+01
3.770512111248642668e+03 1.750154881209058999e+01
3.774583938582604787e+03 1.612150495180998888e+01
3.778655765916567361e+03 1.487975305119191560e+01
3.782727593250528116e+03 1.376164221444653002e+01
3.786799420584490235e+03 1.275287364734792206e+01
3.790871247918451900e+03 1.184182127122541317e+01
3.794943075252414019e+03 1.102045240528755166e+01
3.799014902586376593e+03 1.028368451936212402e+01
3.803086729920337348e+03 9.627656141263154055e+00
3.807158557254298103e+03 9.047776219464646275e+00
3.811230384588261131e+03 8.537408669247360748e+00
3.815302211922223250e+03 8.087690526113698652e+00
3.819374039256184005e+03 7.688459735236955694e+00
3.823445866590146579e+03 7.329817330686549504e+00
3.827517693924107334e+03 7.003646857165452211e+00
3.831589521258069908e+03 6.704513393154959644e+00
3.835661348592032482e+03 6.429684281622082942e+00
3.839733175925993237e+03 6.178390606553156417e+00
3.843805003259955811e+03 5.950718106733598134e+00
3.847876830593916566e+03 5.746583682314693853e+00
3.851948657927879140e+03 5.565124928525824188e+00
3.856020485261840804e+03 5.404594894618470313e+00
3.860092312595802468e+03 5.262633767845255939e+00
3.864164139929765042e+03 5.136677154631525966e+00
3.868235967263725797e+03 5.024284867158508305e+00
3.872307794597688371e+03 4.923293731581592780e+00
3.876379621931650036e+03 4.831833085161835406e+00
3.880451449265611700e+03 4.748317907051172959e+00
3.884523276599574274e+03 4.671519161280755839e+00
3.888595103933535029e+03 4.600724479646581599e+00
3.892666931267497603e+03 4.535902703034852657e+00
3.896738758601459267e+03 4.477735112717056154e+00
3.900810585935420931e+03 4.427407882368672887e+00
3.904882413269383505e+03 4.386162856477179517e+00
3.908954240603344260e+03 4.354727623857518104e+00
3.913026067937306834e+03 4.332828739602058832e+00
3.917097895271267589e+03 4.318989610578078064e+00
3.921169722605230163e+03 4.310721963469248408e+00
3.925241549939192737e+03 4.305073372308315882e+00
3.929313377273153492e+03 4.299354071049168446e+00
3.933385204607116066e+03 4.291792556854526097e+00
3.937457031941076821e+03 4.281891833472177389e+00
3.941528859275038940e+03 4.270367217432760043e+00
3.945600686609001968e+03 4.258698593134710109e+00
3.949672513942962723e+03 4.248465827467700962e+00
3.953744341276923478e+03 4.240705725875555387e+00
3.957816168610886052e+03 4.235510243611662951e+00
3.961887995944848171e+03 4.231990678763036584e+00
3.965959823278809836e+03 4.228600163069474505e+00
3.970031650612771955e+03 4.223685983483325579e+00
3.974103477946732710e+03 4.216074657828903227e+00
3.978175305280695284e+03 4.205494888473518600e+00
3.982247132614657403e+03 4.192709289720023769e+00
3.986318959948619067e+03 4.179327546322009646e+00
3.990390787282581186e+03 4.167375151241648368e+00
3.994462614616541941e+03 4.158761011941711772e+00
3.998534441950504515e+03 4.154805741311818679e+00
