4.071827333961818063e+00 6.512128294949494790e-04
8.143654667923636126e+00 7.510586385901720386e-04
1.221548200188544975e+01 9.124013038069838776e-04
1.628730933584727225e+01 1.128169543783833330e-03
2.035913666980908587e+01 1.389571660537023984e-03
2.443096400377089950e+01 1.687237411496208704e-03
2.850279133773272378e+01 2.012570098122232112e-03
3.257461867169454450e+01 2.359041803468846232e-03
3.664644600565635102e+01 2.723068726426474025e-03
4.071827333961817175e+01 3.104121635819255369e-03
4.479010067357999958e+01 3.503893121631901277e-03
4.886192800754179899e+01 3.924633088922782620e-03
5.293375534150362682e+01 4.367088854965212215e-03
5.700558267546544755e+01 4.828720865457861514e-03
6.107741000942725407e+01 5.302893280172406472e-03
6.514923734338908901e+01 5.779505394981133623e-03
6.922106467735089552e+01 6.247076329077088340e-03
7.329289201131270204e+01 6.695759797486831692e-03
7.736471934527453698e+01 7.120342891943451380e-03
8.143654667923634349e+01 7.522153394973923532e-03
8.550837401319815001e+01 7.909055529615556177e-03
8.958020134715999916e+01 8.293306701261795449e-03
9.365202868112179146e+01 8.687792627473012522e-03
9.772385601508359798e+01 9.101790033543728786e-03
1.017956833490454471e+02 9.537675774584556884e-03
1.058675106830072536e+02 9.989775628268086211e-03
1.099393380169690602e+02 1.044587010879825459e-02
1.140111653509308951e+02 1.089096819287456615e-02
1.180829926848927300e+02 1.131214412641760522e-02
1.221548200188545081e+02 1.170281252384640369e-02
1.262266473528163431e+02 1.206496357610698997e-02
1.302984746867781780e+02 1.240855897523186757e-02
1.343703020207399561e+02 1.274826675779667726e-02
1.384421293547017910e+02 1.309864054299020308e-02
1.425139566886636260e+02 1.346939015070989544e-02
1.465857840226254041e+02 1.386235022764085133e-02
1.506576113565872390e+02 1.427114759790171217e-02
1.547294386905490740e+02 1.468361782383452094e-02
1.588012660245108520e+02 1.508606890723080719e-02
1.628730933584726870e+02 1.546787081279221709e-02
1.669449206924345219e+02 1.582477201438115683e-02
1.710167480263963000e+02 1.615982020644893963e-02
1.750885753603581350e+02 1.648161314892947898e-02
1.791604026943199983e+02 1.680052712319785382e-02
1.832322300282817480e+02 1.712425416827419514e-02
1.873040573622435829e+02 1.745420872585970104e-02
1.913758846962054463e+02 1.778408102140452418e-02
1.954477120301671960e+02 1.810112410835441193e-02
1.995195393641290309e+02 1.838988801669560330e-02
2.035913666980908943e+02 1.863732422181786294e-02
2.076631940320526724e+02 1.883770675819318799e-02
2.117350213660145073e+02 1.899578775411030207e-02
2.158068486999763422e+02 1.912703712339363857e-02
2.198786760339381203e+02 1.925460128266459278e-02
2.239505033678999553e+02 1.940355523707780819e-02
2.280223307018617902e+02 1.959387057911863780e-02
2.320941580358235683e+02 1.983404098559482520e-02
2.361659853697854601e+02 2.011732397567560574e-02
2.402378127037472382e+02 2.042201645731758428e-02
2.443096400377090163e+02 2.071617275865569874e-02
2.483814673716707944e+02 2.096593270691877314e-02
2.524532947056326861e+02 2.114548762105557950e-02
2.565251220395944642e+02 2.124602044575766777e-02
2.605969493735563560e+02 2.128096689505983713e-02
2.646687767075181341e+02 2.128572693006416938e-02
2.687406040414799122e+02 2.131135069199110652e-02
2.728124313754416903e+02 2.141336833309137253e-02
2.768842587094035821e+02 2.163836210970473267e-02
2.809560860433653602e+02 2.201166031047390587e-02
2.850279133773272520e+02 2.252940871312767573e-02
2.890997407112890301e+02 2.315725052526303174e-02
2.931715680452508082e+02 2.383619091313201460e-02
2.972433953792125862e+02 2.449439359125675161e-02
3.013152227131744780e+02 2.506215717481837663e-02
3.053870500471362561e+02 2.548654688307957356e-02
3.094588773810981479e+02 2.574229601792226221e-02
3.135307047150599260e+02 2.583656920051389388e-02
3.176025320490217041e+02 2.580670587139902161e-02
3.216743593829834822e+02 2.571172686019981835e-02
3.257461867169453740e+02 2.561977484273357877e-02
3.298180140509071521e+02 2.559445853353834593e-02
3.338898413848690438e+02 2.568313385043084415e-02
3.379616687188308219e+02 2.590951892545319962e-02
3.420334960527926000e+02 2.627189644508818450e-02
3.461053233867545487e+02 2.674680136316676810e-02
3.501771507207162699e+02 2.729685245201407540e-02
3.542489780546780480e+02 2.788055090744798875e-02
3.583208053886399966e+02 2.846162232560654065e-02
3.623926327226017179e+02 2.901585341239893909e-02
3.664644600565634960e+02 2.953424107741020599e-02
3.705362873905254446e+02 3.002236298452376495e-02
3.746081147244871659e+02 3.049686593612308677e-02
3.786799420584489440e+02 3.098055996407395735e-02
3.827517693924108926e+02 3.149764597382042480e-02
3.868235967263726138e+02 3.207013237915191245e-02
3.908954240603343919e+02 3.271573614657750928e-02
3.949672513942963405e+02 3.344684440941995962e-02
3.990390787282580618e+02 3.426973738931747560e-02
4.031109060622198399e+02 3.518339359493900809e-02
4.071827333961817885e+02 3.617774585522438857e-02
4.112545607301435666e+02 3.723196575451970247e-02
4.153263880641053447e+02 3.831387108989895568e-02
4.193982153980672365e+02 3.938158967827383450e-02
4.234700427320290146e+02 4.038808598174853381e-02
4.275418700659907927e+02 4.128822599075966659e-02
4.316136973999526845e+02 4.204707141781314356e-02
4.356855247339144626e+02 4.264745149642149707e-02
4.397573520678762407e+02 4.309483038875159405e-02
4.438291794018381324e+02 4.341810111732451183e-02
4.479010067357999105e+02 4.366597298263689975e-02
4.519728340697616886e+02 4.389970700992880392e-02
4.560446614037235804e+02 4.418373249770975175e-02
4.601164887376853585e+02 4.457594694088971160e-02
4.641883160716471366e+02 4.511928793352600053e-02
4.682601434056089715e+02 4.583567735680336291e-02
4.723319707395709202e+02 4.672293597881709004e-02
4.764037980735326414e+02 4.775491984340161228e-02
4.804756254074944763e+02 4.888493474480308520e-02
4.845474527414562544e+02 5.005229002610926681e-02
4.886192800754180325e+02 5.119147772423042475e-02
4.926911074093798675e+02 5.224284703030519783e-02
4.967629347433415887e+02 5.316293659594541893e-02
5.008347620773035374e+02 5.393215980498278217e-02
5.049065894112653723e+02 5.455767559654130239e-02
5.089784167452271504e+02 5.507021398696865244e-02
5.130502440791889285e+02 5.551522834856641164e-02
5.171220714131507066e+02 5.594053893947581457e-02
5.211938987471127120e+02 5.638394643807551759e-02
5.252657260810744901e+02 5.686454377124963017e-02
5.293375534150362682e+02 5.738040835287563229e-02
5.334093807489980463e+02 5.791328615836299765e-02
5.374812080829598244e+02 5.843849436297147981e-02
5.415530354169216025e+02 5.893645792671273892e-02
5.456248627508833806e+02 5.940176297456569582e-02
5.496966900848453861e+02 5.984657877812806642e-02
5.537685174188071642e+02 6.029740353067423314e-02
5.578403447527689423e+02 6.078651125821361856e-02
5.619121720867307204e+02 6.134128757234651175e-02
5.659839994206924985e+02 6.197517836516819312e-02
5.700558267546545039e+02 6.268310992276666938e-02
5.741276540886163957e+02 6.344241035913085469e-02
5.781994814225780601e+02 6.421826642134176311e-02
5.822713087565398382e+02 6.497138348721546997e-02
5.863431360905016163e+02 6.566523986168144866e-02
5.904149634244633944e+02 6.627109138510829667e-02
5.944867907584251725e+02 6.677019929519381614e-02
5.985586180923872917e+02 6.715395300040868931e-02
6.026304454263489561e+02 6.742311429488552499e-02
6.067022727603107342e+02 6.758717313832410256e-02
6.107741000942725123e+02 6.766404403083950414e-02
6.148459274282342903e+02 6.767955778959669488e-02
6.189177547621962958e+02 6.766589135103581731e-02
6.229895820961581876e+02 6.765841780614625933e-02
6.270614094301198520e+02 6.769126220241465652e-02
6.311332367640816301e+02 6.779265754466327898e-02
6.352050640980434082e+02 6.798153080054483710e-02
6.392768914320051863e+02 6.826637187910793159e-02
6.433487187659669644e+02 6.864648942173574853e-02
6.474205460999290835e+02 6.911469635047033655e-02
6.514923734338907479e+02 6.965984847761749754e-02
6.555642007678525260e+02 7.026784111086752105e-02
6.596360281018143041e+02 7.092061944961994269e-02
6.637078554357760822e+02 7.159404547422547338e-02
6.677796827697380877e+02 7.225644488792744291e-02
6.718515101036999795e+02 7.286978729265802812e-02
6.759233374376616439e+02 7.339455690553883804e-02
6.799951647716234220e+02 7.379775547717792872e-02
6.840669921055852001e+02 7.406181655842569711e-02
6.881388194395469782e+02 7.419125330474363178e-02
6.922106467735090973e+02 7.421410902716336910e-02
6.962824741074708754e+02 7.417674618429723199e-02
7.003543014414325398e+02 7.413270597605084444e-02
7.044261287753944316e+02 7.412849573565813421e-02
7.084979561093560960e+02 7.419042270243110526e-02
7.125697834433178741e+02 7.431651696870586465e-02
7.166416107772799933e+02 7.447618878393913455e-02
7.207134381112417714e+02 7.461802087260618888e-02
7.247852654452034358e+02 7.468373916797702017e-02
7.288570927791653276e+02 7.462465433965860540e-02
7.329289201131269920e+02 7.441619200298321690e-02
7.370007474470887701e+02 7.406664217471373157e-02
7.410725747810508892e+02 7.361773757413278552e-02
7.451444021150126673e+02 7.313668726145768073e-02
7.492162294489743317e+02 7.270135788933065890e-02
7.532880567829362235e+02 7.238197127141006437e-02
7.573598841168978879e+02 7.222364161886669909e-02
7.614317114508596660e+02 7.223410056442090832e-02
7.655035387848217852e+02 7.237998629906396142e-02
7.695753661187835633e+02 7.259321456277495477e-02
7.736471934527452277e+02 7.278652794459823661e-02
7.777190207867071194e+02 7.287487158311571622e-02
7.817908481206687838e+02 7.279742865683970499e-02
7.858626754546305619e+02 7.253457583650230189e-02
7.899345027885926811e+02 7.211501856495591833e-02
7.940063301225544592e+02 7.161081450344855548e-02
7.980781574565161236e+02 7.112127073169263736e-02
8.021499847904780154e+02 7.074983910631114925e-02
8.062218121244396798e+02 7.058012924555354117e-02
8.102936394584014579e+02 7.065732951816793006e-02
8.143654667923635770e+02 7.097958980410272456e-02
8.184372941263253551e+02 7.150084969315298467e-02
8.225091214602871332e+02 7.214323239011291578e-02
8.265809487942490250e+02 7.281459623319377905e-02
8.306527761282106894e+02 7.342594074907096702e-02
8.347246034621728086e+02 7.390428060233564245e-02
8.387964307961344730e+02 7.419884095557055526e-02
8.428682581300961374e+02 7.428105310484427182e-02
8.469400854640580292e+02 7.414083310554267503e-02
8.510119127980199210e+02 7.378232449538743576e-02
8.550837401319815854e+02 7.322155971909005689e-02
8.591555674659432498e+02 7.248679257568071965e-02
8.632273947999053689e+02 7.162037374317195559e-02
8.672992221338670333e+02 7.067979031469202866e-02
8.713710494678289251e+02 6.973537061438551954e-02
8.754428768017908169e+02 6.886319711452884573e-02
8.795147041357524813e+02 6.813355862756738379e-02
8.835865314697146005e+02 6.759713955445513511e-02
8.876583588036762649e+02 6.727242459355689541e-02
8.917301861376379293e+02 6.713805372246578473e-02
8.958020134715998211e+02 6.713299552624005240e-02
8.998738408055617128e+02 6.716564670084305966e-02
9.039456681395233772e+02 6.713076903549650143e-02
9.080174954734850417e+02 6.693109116491888222e-02
9.120893228074471608e+02 6.649894591728193471e-02
9.161611501414088252e+02 6.581287090937956719e-02
9.202329774753707170e+02 6.490485714034542608e-02
9.243048048093326088e+02 6.385582456469049428e-02
9.283766321432942732e+02 6.277959478926509185e-02
9.324484594772563923e+02 6.179852433619503760e-02
9.365202868112179431e+02 6.101630840614236106e-02
9.405921141451797212e+02 6.049454654666060194e-02
9.446639414791418403e+02 6.023902337370901083e-02
9.487357688131035047e+02 6.019931050009171003e-02
9.528075961470652828e+02 6.028179508837568090e-02
9.568794234810268335e+02 6.037257553614409911e-02
9.609512508149889527e+02 6.036396787845998979e-02
9.650230781489506171e+02 6.017752489842513597e-02
9.690949054829125089e+02 5.977778702897098423e-02
9.731667328168744007e+02 5.917403179025881865e-02
9.772385601508360651e+02 5.841102999375578225e-02
9.813103874847981842e+02 5.755297177882044007e-02
9.853822148187597350e+02 5.666624368426722430e-02
9.894540421527215130e+02 5.580619589590853774e-02
9.935258694866831775e+02 5.501079376151900291e-02
9.975976968206452966e+02 5.430108143573297852e-02
1.001669524154607075e+03 5.368589869224558303e-02
1.005741351488568625e+03 5.316721545354936851e-02
1.009813178822530745e+03 5.274307647025759660e-02
1.013885006156492409e+03 5.240704472590207441e-02
1.017956833490454301e+03 5.214524652622416767e-02
1.022028660824416193e+03 5.193361807044838407e-02
1.026100488158377857e+03 5.173806345010152630e-02
1.030172315492339976e+03 5.151893608978808103e-02
1.034244142826301413e+03 5.123916778729890875e-02
1.038315970160263305e+03 5.087346174348426203e-02
1.042387797494225424e+03 5.041512440043154075e-02
1.046459624828187088e+03 4.987774702188223219e-02
1.050531452162148980e+03 4.929082225191705469e-02
1.054603279496110417e+03 4.869071283199053607e-02
1.058675106830072536e+03 4.811019979755730425e-02
1.062746934164033974e+03 4.757036863704559859e-02
1.066818761497996093e+03 4.707762664085748255e-02
1.070890588831958212e+03 4.662658679136309076e-02
1.074962416165919649e+03 4.620724679574643445e-02
1.079034243499881768e+03 4.581326170984943019e-02
1.083106070833843205e+03 4.544778367826729504e-02
1.087177898167805097e+03 4.512441295408137210e-02
1.091249725501766761e+03 4.486280988157467092e-02
1.095321552835728880e+03 4.468065391960739097e-02
1.099393380169690772e+03 4.458508578801184674e-02
1.103465207503652209e+03 4.456701427540395860e-02
1.107537034837614328e+03 4.460066482889507578e-02
1.111608862171575765e+03 4.464890120899234205e-02
1.115680689505537885e+03 4.467284213180618135e-02
1.119752516839500004e+03 4.464280800168488744e-02
1.123824344173461441e+03 4.454713035412429661e-02
1.127896171507423560e+03 4.439595093530258885e-02
1.131967998841384997e+03 4.421859882939836728e-02
1.136039826175347116e+03 4.405500259043502315e-02
1.140111653509309008e+03 4.394333677910060298e-02
1.144183480843270672e+03 4.390725768941763224e-02
1.148255308177232791e+03 4.394636053767658757e-02
1.152327135511194001e+03 4.403281335888313552e-02
1.156398962845156120e+03 4.411563099735449356e-02
1.160470790179118239e+03 4.413207518365713788e-02
1.164542617513079676e+03 4.402367043970335792e-02
1.168614444847041796e+03 4.375283106663365590e-02
1.172686272181003233e+03 4.331555928484290968e-02
1.176758099514965352e+03 4.274635792220383979e-02
1.180829926848926789e+03 4.211334868638087064e-02
1.184901754182888908e+03 4.150418769610914049e-02
1.188973581516850345e+03 4.100602345074768479e-02
1.193045408850812464e+03 4.068464463531220460e-02
1.197117236184774583e+03 4.056846416824949619e-02
1.201189063518735793e+03 4.064182372147435995e-02
1.205260890852697912e+03 4.084954629191761555e-02
1.209332718186659577e+03 4.111145850570364912e-02
1.213404545520621468e+03 4.134274734481770824e-02
1.217476372854583587e+03 4.147442392985944970e-02
1.221548200188545025e+03 4.146834946697178920e-02
1.225620027522507144e+03 4.132314976422463149e-02
1.229691854856468581e+03 4.107024838106641124e-02
1.233763682190430700e+03 4.076219213567389144e-02
1.237835509524392592e+03 4.045745713326583115e-02
1.241907336858354256e+03 4.020640930168038751e-02
1.245979164192316375e+03 4.004202292001011326e-02
1.250050991526277585e+03 3.997685964523441798e-02
1.254122818860239704e+03 4.000553268920904737e-02
1.258194646194201823e+03 4.011026782537489149e-02
1.262266473528163260e+03 4.026673734756095607e-02
1.266338300862125379e+03 4.044809585372083349e-02
1.270410128196086816e+03 4.062662999174223438e-02
1.274481955530048936e+03 4.077393635680905820e-02
1.278553782864010373e+03 4.086139893059646117e-02
1.282625610197972492e+03 4.086259934964355661e-02
1.286697437531933929e+03 4.075824814789912043e-02
1.290769264865896048e+03 4.054274437900327877e-02
1.294841092199858167e+03 4.023020499964130581e-02
1.298912919533819377e+03 3.985731857119415716e-02
1.302984746867781496e+03 3.948092955180743102e-02
1.307056574201743160e+03 3.916971066697579745e-02
1.311128401535705052e+03 3.899115373762147840e-02
1.315200228869667171e+03 3.899676725679116635e-02
1.319272056203628608e+03 3.920924320834414528e-02
1.323343883537590727e+03 3.961513568305551070e-02
1.327415710871552164e+03 4.016532003090352021e-02
1.331487538205514284e+03 4.078353773852300135e-02
1.335559365539476175e+03 4.138124155989061220e-02
1.339631192873437840e+03 4.187532367564491403e-02
1.343703020207399959e+03 4.220457825089738574e-02
1.347774847541361169e+03 4.234110071970854927e-02
1.351846674875323288e+03 4.229414493764049876e-02
1.355918502209285407e+03 4.210587716006268522e-02
1.359990329543246844e+03 4.184046414438312433e-02
1.364062156877208963e+03 4.156948255276755877e-02
1.368133984211170400e+03 4.135733898438635064e-02
1.372205811545132519e+03 4.125008273546788840e-02
1.376277638879093956e+03 4.126979979057069509e-02
1.380349466213056076e+03 4.141507355353627601e-02
1.384421293547018195e+03 4.166630935327886309e-02
1.388493120880979632e+03 4.199355800009069162e-02
1.392564948214941751e+03 4.236417406705227096e-02
1.396636775548903188e+03 4.274824945427307954e-02
1.400708602882865080e+03 4.312099970263345849e-02
1.404780430216826744e+03 4.346265275117047050e-02
1.408852257550788863e+03 4.375735602055635942e-02
1.412924084884750755e+03 4.399279950116748855e-02
1.416995912218712192e+03 4.416159084114277406e-02
1.421067739552674311e+03 4.426421091365530941e-02
1.425139566886635748e+03 4.431217249498409227e-02
1.429211394220597867e+03 4.432937876389288212e-02
1.433283221554559987e+03 4.434999266750602048e-02
1.437355048888521424e+03 4.441235013494024969e-02
1.441426876222483543e+03 4.455013410033396154e-02
1.445498703556444980e+03 4.478347144657000845e-02
1.449570530890406872e+03 4.511314792680628377e-02
1.453642358224368991e+03 4.552040768904587476e-02
1.457714185558330655e+03 4.597297232283942270e-02
1.461786012892292547e+03 4.643562467042565423e-02
1.465857840226253984e+03 4.688185520695077602e-02
1.469929667560216103e+03 4.730245669296968825e-02
1.474001494894177540e+03 4.770791622432770523e-02
1.478073322228139659e+03 4.812370142600854578e-02
1.482145149562101778e+03 4.858022548061396995e-02
1.486216976896063215e+03 4.910132926208530396e-02
1.490288804230025335e+03 4.969567524571130018e-02
1.494360631563986772e+03 5.035423592440356477e-02
1.498432458897948663e+03 5.105454677120333656e-02
1.502504286231910328e+03 5.176962126459970504e-02
1.506576113565872447e+03 5.247758151000684462e-02
1.510647940899834339e+03 5.316796292375446098e-02
1.514719768233795776e+03 5.384237524216865800e-02
1.518791595567757895e+03 5.450999409673233653e-02
1.522863422901719332e+03 5.518094092542660117e-02
1.526935250235681451e+03 5.586173406361941846e-02
1.531007077569643570e+03 5.655601674691689007e-02
1.535078904903605007e+03 5.727099709718567327e-02
1.539150732237567127e+03 5.802666874786081841e-02
1.543222559571528564e+03 5.886252798865589109e-02
1.547294386905490455e+03 5.983647477875723292e-02
1.551366214239452574e+03 6.101325110212892783e-02
1.555438041573414239e+03 6.244428524451343249e-02
1.559509868907376131e+03 6.414536066123900648e-02
1.563581696241337568e+03 6.608103999876110968e-02
1.567653523575299687e+03 6.816381363153203865e-02
1.571725350909261124e+03 7.027141695696863255e-02
1.575797178243223243e+03 7.227911128078166880e-02
1.579869005577185362e+03 7.409745901509830202e-02
1.583940832911146799e+03 7.570286133751741309e-02
1.588012660245108918e+03 7.714949508831514535e-02
1.592084487579070355e+03 7.855716235370167888e-02
1.596156314913032247e+03 8.007798519923406411e-02
1.600228142246993912e+03 8.185270343119896430e-02
1.604299969580956031e+03 8.397146145777198423e-02
1.608371796914917923e+03 8.645259386687462189e-02
1.612443624248879360e+03 8.924633102606380208e-02
1.616515451582841479e+03 9.226092666316446089e-02
1.620587278916802916e+03 9.540006507286169501e-02
1.624659106250765035e+03 9.859597043606029010e-02
1.628730933584727154e+03 1.018242945462669580e-01
1.632802760918688591e+03 1.050941230357283623e-01
1.636874588252650710e+03 1.084165944020446803e-01
1.640946415586612147e+03 1.117647296999821488e-01
1.645018242920574266e+03 1.150414928982661927e-01
1.649090070254536386e+03 1.180709624784572753e-01
1.653161897588498050e+03 1.206194361887350242e-01
1.657233724922459714e+03 1.224422650431564313e-01
1.661305552256421379e+03 1.233423600595701525e-01
1.665377379590383043e+03 1.232213729882280645e-01
1.669449206924345617e+03 1.221064184534624147e-01
1.673521034258306827e+03 1.201432200581702692e-01
1.677592861592268946e+03 1.175577828205141007e-01
1.681664688926230610e+03 1.145990338016419779e-01
1.685736516260192275e+03 1.114806621166035683e-01
1.689808343594153939e+03 1.083397316061901483e-01
1.693880170928116058e+03 1.052230525881004547e-01
1.697951998262077268e+03 1.021024229241162679e-01
1.702023825596039842e+03 9.891036333967236083e-02
1.706095652930001506e+03 9.558217987237374591e-02
1.710167480263963171e+03 9.208981512326594454e-02
1.714239307597924835e+03 8.845762243114438372e-02
1.718311134931886500e+03 8.475773064651463684e-02
1.722382962265848619e+03 8.109003488652664904e-02
1.726454789599810738e+03 7.755638733648533012e-02
1.730526616933772402e+03 7.423894515271270422e-02
1.734598444267734067e+03 7.118924896061633312e-02
1.738670271601695731e+03 6.842924536849404049e-02
1.742742098935657850e+03 6.596048996015613231e-02
1.746813926269619969e+03 6.377512165867622873e-02
1.750885753603581634e+03 6.186268881593837143e-02
1.754957580937543298e+03 6.020997431287102020e-02
1.759029408271504963e+03 5.879503687317479826e-02
1.763101235605466627e+03 5.757989156039981099e-02
1.767173062939429201e+03 5.650722107241812342e-02
1.771244890273390411e+03 5.550489344399574254e-02
1.775316717607352530e+03 5.449862145513556522e-02
1.779388544941314194e+03 5.342933427793278289e-02
1.783460372275275859e+03 5.226933877859226557e-02
1.787532199609237523e+03 5.103117194959065628e-02
1.791604026943199642e+03 4.976528584244324649e-02
1.795675854277160852e+03 4.854650766757551833e-02
1.799747681611123426e+03 4.745313636601733442e-02
1.803819508945085090e+03 4.654511183949241321e-02
1.807891336279046754e+03 4.584799822445696782e-02
1.811963163613008419e+03 4.534749251356164079e-02
1.816034990946970083e+03 4.499558904208404708e-02
1.820106818280932202e+03 4.472571121851660891e-02
1.824178645614894322e+03 4.447140604946780984e-02
1.828250472948855986e+03 4.418247228038218316e-02
1.832322300282817650e+03 4.383379872348764500e-02
1.836394127616779315e+03 4.342510524664833227e-02
1.840465954950741434e+03 4.297308476686333145e-02
1.844537782284703553e+03 4.249994419068289786e-02
1.848609609618665218e+03 4.202319258682919723e-02
1.852681436952626882e+03 4.155051958195227213e-02
1.856753264286588546e+03 4.108122100691632278e-02
1.860825091620550211e+03 4.061281944398701521e-02
1.864896918954512785e+03 4.014937087485802303e-02
1.868968746288474449e+03 3.970724679572988636e-02
1.873040573622435886e+03 3.931517657559648743e-02
1.877112400956397778e+03 3.900763392292454224e-02
1.881184228290359442e+03 3.881337782708273870e-02
1.885256055624321334e+03 3.874307923124823555e-02
1.889327882958283681e+03 3.878066999333133757e-02
1.893399710292245118e+03 3.888204995993187196e-02
1.897471537626207009e+03 3.898241640441747063e-02
1.901543364960168674e+03 3.901057568241579621e-02
1.905615192294130566e+03 3.890619365800275509e-02
1.909687019628092003e+03 3.863489074646324350e-02
1.913758846962053667e+03 3.819674865155477800e-02
1.917830674296016241e+03 3.762591053725753559e-02
1.921902501629977905e+03 3.698175321119354098e-02
1.925974328963939570e+03 3.633460010450080546e-02
1.930046156297901234e+03 3.575029249890952082e-02
1.934117983631862899e+03 3.527776671597250557e-02
1.938189810965825018e+03 3.494229788757310939e-02
1.942261638299787137e+03 3.474493725400739502e-02
1.946333465633748801e+03 3.466674179325789085e-02
1.950405292967710466e+03 3.467535744416286314e-02
1.954477120301672130e+03 3.473162371748815536e-02
1.958548947635633795e+03 3.479486671494279315e-02
1.962620774969596368e+03 3.482682740411043032e-02
1.966692602303558033e+03 3.479505445387363893e-02
1.970764429637519470e+03 3.467664654058065510e-02
1.974836256971481362e+03 3.446247151814220422e-02
1.978908084305443026e+03 3.416086462888842656e-02
1.982979911639404918e+03 3.379897898125550776e-02
1.987051738973366355e+03 3.341999130025022358e-02
1.991123566307328701e+03 3.307543265031735735e-02
1.995195393641290593e+03 3.281369604775345727e-02
1.999267220975252258e+03 3.266755994564378429e-02
2.003339048309214149e+03 3.264455306443161953e-02
2.007410875643175586e+03 3.272362609396234356e-02
2.011482702977137251e+03 3.285986284195033941e-02
2.015554530311099825e+03 3.299639834348586098e-02
2.019626357645061489e+03 3.308023133302109148e-02
2.023698184979023154e+03 3.307716034872515420e-02
2.027770012312984818e+03 3.298121853442442797e-02
2.031841839646946482e+03 3.281572027965883043e-02
2.035913666980908602e+03 3.262575493320687969e-02
2.039985494314870721e+03 3.246469753180074302e-02
2.044057321648832385e+03 3.237909296522036018e-02
2.048129148982793595e+03 3.239652020422188750e-02
2.052200976316755714e+03 3.251974939903497230e-02
2.056272803650717833e+03 3.272821598511255203e-02
2.060344630984679952e+03 3.298542361918675725e-02
2.064416458318641617e+03 3.324920129816722608e-02
2.068488285652602826e+03 3.348129446440380186e-02
2.072560112986564945e+03 3.365358305420470403e-02
2.076631940320526610e+03 3.374985008178024021e-02
2.080703767654489184e+03 3.376378038717375851e-02
2.084775594988450848e+03 3.369509083373205260e-02
2.088847422322411603e+03 3.354599601569772938e-02
2.092919249656374177e+03 3.331960258660296437e-02
2.096991076990335841e+03 3.302065133988969781e-02
2.101062904324297961e+03 3.265781651218045700e-02
2.105134731658260080e+03 3.224601380440048071e-02
2.109206558992220835e+03 3.180713106926884304e-02
2.113278386326182954e+03 3.136824913659851805e-02
2.117350213660145073e+03 3.095747444700697876e-02
2.121422040994107192e+03 3.059853570386097260e-02
2.125493868328067947e+03 3.030590790215025379e-02
2.129565695662030066e+03 3.008219019738593222e-02
2.133637522995992185e+03 2.991878811510954167e-02
2.137709350329954304e+03 2.979986838031921034e-02
2.141781177663916424e+03 2.970843650191211036e-02
2.145853004997877179e+03 2.963261478912249808e-02
2.149924832331839298e+03 2.957003971062496794e-02
2.153996659665801417e+03 2.952882121802399146e-02
2.158068486999763536e+03 2.952456068665245542e-02
2.162140314333724291e+03 2.957418301177809974e-02
2.166212141667686410e+03 2.968840544143028920e-02
2.170283969001648529e+03 2.986519815323607219e-02
2.174355796335610194e+03 3.008640966127473781e-02
2.178427623669572768e+03 3.031887528814309479e-02
2.182499451003533522e+03 3.052004953254829761e-02
2.186571278337495187e+03 3.064688370301774795e-02
2.190643105671457761e+03 3.066569990734144963e-02
2.194714933005419425e+03 3.056047314575547832e-02
2.198786760339381544e+03 3.033731529070222629e-02
2.202858587673342754e+03 3.002393831973011393e-02
2.206930415007304418e+03 2.966417495389597064e-02
2.211002242341266538e+03 2.930889447583096691e-02
2.215074069675228657e+03 2.900554059927915040e-02
2.219145897009190776e+03 2.878882059627169143e-02
2.223217724343151531e+03 2.867473263801924993e-02
2.227289551677113650e+03 2.865923415041473493e-02
2.231361379011075769e+03 2.872165781204987292e-02
2.235433206345037888e+03 2.883177490117290812e-02
2.239505033679000007e+03 2.895849395244444111e-02
2.243576861012960762e+03 2.907780786623099384e-02
2.247648688346922881e+03 2.917788020473265423e-02
2.251720515680885001e+03 2.926003795151889755e-02
2.255792343014847120e+03 2.933568443098734033e-02
2.259864170348808784e+03 2.942040131337098768e-02
2.263935997682769994e+03 2.952737512442382695e-02
2.268007825016732113e+03 2.966245523463569705e-02
2.272079652350694232e+03 2.982253152996914777e-02
2.276151479684656351e+03 2.999768795098699606e-02
2.280223307018618016e+03 3.017615915717917346e-02
2.284295134352579225e+03 3.035001527523823600e-02
2.288366961686541345e+03 3.051916263018952108e-02
2.292438789020503009e+03 3.069184949951806601e-02
2.296510616354465583e+03 3.088122068164821446e-02
2.300582443688427247e+03 3.109907655302237423e-02
2.304654271022388002e+03 3.134923074050571107e-02
2.308726098356350576e+03 3.162320756072924816e-02
2.312797925690312240e+03 3.190028748428189176e-02
2.316869753024274360e+03 3.215233120393858751e-02
2.320941580358236479e+03 3.235197413878020817e-02
2.325013407692197234e+03 3.248139489317379558e-02
2.329085235026159353e+03 3.253848224236654402e-02
2.333157062360121472e+03 3.253803603104250125e-02
2.337228889694083591e+03 3.250736174735811834e-02
2.341300717028044346e+03 3.247762649174421729e-02
2.345372544362006465e+03 3.247389390626585770e-02
2.349444371695968584e+03 3.250727720846881968e-02
2.353516199029930704e+03 3.257195596321759562e-02
2.357588026363892823e+03 3.264815024415490541e-02
2.361659853697853578e+03 3.271012723565804720e-02
2.365731681031815697e+03 3.273663085602646072e-02
2.369803508365777816e+03 3.272033205191873795e-02
2.373875335699739935e+03 3.267322640039421050e-02
2.377947163033700690e+03 3.262620453125769648e-02
2.382018990367662809e+03 3.262283443105521569e-02
2.386090817701624928e+03 3.270913579595764731e-02
2.390162645035586593e+03 3.292227126052961472e-02
2.394234472369549167e+03 3.328131986786411062e-02
2.398306299703509922e+03 3.378261390051509605e-02
2.402378127037471586e+03 3.440075760979437181e-02
2.406449954371434160e+03 3.509482775588758374e-02
2.410521781705395824e+03 3.581785059528893450e-02
2.414593609039357943e+03 3.652684448935782785e-02
2.418665436373319153e+03 3.719071455080583816e-02
2.422737263707280817e+03 3.779405556971089652e-02
2.426809091041242937e+03 3.833621175986655361e-02
2.430880918375205056e+03 3.882636042668363013e-02
2.434952745709167175e+03 3.927650675812109637e-02
2.439024573043127930e+03 3.969477449691367898e-02
2.443096400377090049e+03 4.008112906370634582e-02
2.447168227711052168e+03 4.042678928427203416e-02
2.451240055045014287e+03 4.071737747933502904e-02
2.455311882378976406e+03 4.093871457075860115e-02
2.459383709712937161e+03 4.108342481082794678e-02
2.463455537046899281e+03 4.115635264031372587e-02
2.467527364380861400e+03 4.117719209274645076e-02
2.471599191714823519e+03 4.117950589736660977e-02
2.475671019048785183e+03 4.120621497398422456e-02
2.479742846382746393e+03 4.130244335349063378e-02
2.483814673716708512e+03 4.150716791060850980e-02
2.487886501050670176e+03 4.184539383842107024e-02
2.491958328384632750e+03 4.232255199157433645e-02
2.496030155718594415e+03 4.292249678529196089e-02
2.500101983052555170e+03 4.360987518710568445e-02
2.504173810386517744e+03 4.433677294192488183e-02
2.508245637720479408e+03 4.505254341240485377e-02
2.512317465054441527e+03 4.571481737350577279e-02
2.516389292388403646e+03 4.629917666710021973e-02
2.520461119722364401e+03 4.680510470719001503e-02
2.524532947056326520e+03 4.725667598104290462e-02
2.528604774390288640e+03 4.769782138458363019e-02
2.532676601724250759e+03 4.818347281163444518e-02
2.536748429058211514e+03 4.876892885903815616e-02
2.540820256392173633e+03 4.950001202753155638e-02
2.544892083726135752e+03 5.040595249090186469e-02
2.548963911060097871e+03 5.149575809642838176e-02
2.553035738394059990e+03 5.275768037520769255e-02
2.557107565728020745e+03 5.416079633442986985e-02
2.561179393061982864e+03 5.565791693169870602e-02
2.565251220395944983e+03 5.718977370736540861e-02
2.569323047729907103e+03 5.869113594761108527e-02
2.573394875063867858e+03 6.009953393137017208e-02
2.577466702397829977e+03 6.136630245501072112e-02
2.581538529731792096e+03 6.246798889699445301e-02
2.585610357065753760e+03 6.341461430354411455e-02
2.589682184399716334e+03 6.425085293913500306e-02
2.593754011733677089e+03 6.504759133746440547e-02
2.597825839067638753e+03 6.588444089776478163e-02
2.601897666401601327e+03 6.682759098719252833e-02
2.605969493735562992e+03 6.791028524835224234e-02
2.610041321069525111e+03 6.912364045206242924e-02
2.614113148403486321e+03 7.042279198457603029e-02
2.618184975737447985e+03 7.174803771073115510e-02
2.622256803071410104e+03 7.305460180976999784e-02
2.626328630405372223e+03 7.434029190495054784e-02
2.630400457739334342e+03 7.565972004911206139e-02
2.634472285073295097e+03 7.711761463267703676e-02
2.638544112407257217e+03 7.884100268295402003e-02
2.642615939741219336e+03 8.093812912611522692e-02
2.646687767075181455e+03 8.345778217288069012e-02
2.650759594409143574e+03 8.636377460373111103e-02
2.654831421743104329e+03 8.953496292791260358e-02
2.658903249077066448e+03 9.279273097658330416e-02
2.662975076411028567e+03 9.594831271211697044e-02
2.667046903744990686e+03 9.885517920391058422e-02
2.671118731078952351e+03 1.014496292127203547e-01
2.675190558412913560e+03 1.037665053729183440e-01
2.679262385746875680e+03 1.059252572563275929e-01
2.683334213080837344e+03 1.080914174736375966e-01
2.687406040414799918e+03 1.104264917110010236e-01
2.691477867748761582e+03 1.130426219106733521e-01
2.695549695082722337e+03 1.159762058447581651e-01
2.699621522416684911e+03 1.191879359886295064e-01
2.703693349750646576e+03 1.225879147859561397e-01
2.707765177084608695e+03 1.260765831387779812e-01
2.711837004418570814e+03 1.295876085632500785e-01
2.715908831752531569e+03 1.331187958502625390e-01
2.719980659086493688e+03 1.367411915246727894e-01
2.724052486420455807e+03 1.405833354134361501e-01
2.728124313754417926e+03 1.447949584438200099e-01
2.732196141088378681e+03 1.495003077253994062e-01
2.736267968422340800e+03 1.547542649984808838e-01
2.740339795756302919e+03 1.605139212620564915e-01
2.744411623090265039e+03 1.666345288869995889e-01
2.748483450424227158e+03 1.728927072628628214e-01
2.752555277758187913e+03 1.790328253431718031e-01
2.756627105092150032e+03 1.848262380524143267e-01
2.760698932426112151e+03 1.901290720462001371e-01
2.764770759760074270e+03 1.949237259039280357e-01
2.768842587094036389e+03 1.993326445605463626e-01
2.772914414427997144e+03 2.035997376169348949e-01
2.776986241761959263e+03 2.080434731596287889e-01
2.781058069095921383e+03 2.129938298536896701e-01
2.785129896429883502e+03 2.187303650055506254e-01
2.789201723763844257e+03 2.254387076981694826e-01
2.793273551097806376e+03 2.331972698439750413e-01
2.797345378431768495e+03 2.419961786013006544e-01
2.801417205765730159e+03 2.517793423308851142e-01
2.805489033099692733e+03 2.624919980312724332e-01
2.809560860433653488e+03 2.741134533618020952e-01
2.813632687767615153e+03 2.866596720894568628e-01
2.817704515101577726e+03 3.001518621719693747e-01
2.821776342435539391e+03 3.145616766629819594e-01
2.825848169769501510e+03 3.297557704090089969e-01
2.829919997103462720e+03 3.454671766118125875e-01
2.833991824437424384e+03 3.613153339000102493e-01
2.838063651771386503e+03 3.768812483857636453e-01
2.842135479105348622e+03 3.918236865711117733e-01
2.846207306439310742e+03 4.060035573130419406e-01
2.850279133773271496e+03 4.195740958613004556e-01
2.854350961107233616e+03 4.329989362748360437e-01
2.858422788441195735e+03 4.469788429234200500e-01
2.862494615775157854e+03 4.622957550835988805e-01
2.866566443109119973e+03 4.796110240125274204e-01
2.870638270443080728e+03 4.992735333096649519e-01
2.874710097777042847e+03 5.211956526886296626e-01
2.878781925111004966e+03 5.448389214987925389e-01
2.882853752444967085e+03 5.693214850150880579e-01
2.886925579778928750e+03 5.936249205675803164e-01
2.890997407112889960e+03 6.168500336276213636e-01
2.895069234446852079e+03 6.384579870481331687e-01
2.899141061780813743e+03 6.584380059639556304e-01
2.903212889114776317e+03 6.773630538653853117e-01
2.907284716448737981e+03 6.963229522669850402e-01
2.911356543782698736e+03 7.167517156433517167e-01
2.915428371116661310e+03 7.401856871308502006e-01
2.919500198450622975e+03 7.679986995702694497e-01
2.923572025784585094e+03 8.011611659882997838e-01
2.927643853118547213e+03 8.400648578764864371e-01
2.931715680452507968e+03 8.844465938697897434e-01
2.935787507786470087e+03 9.334322122927917187e-01
2.939859335120432206e+03 9.857051492214328192e-01
2.943931162454394325e+03 1.039780215866393132e+00
2.948002989788355080e+03 1.094334760551546548e+00
2.952074817122317199e+03 1.148523506309000242e+00
2.956146644456279319e+03 1.202191153936543300e+00
2.960218471790241438e+03 1.255909084322212932e+00
2.964290299124203557e+03 1.310803464926566964e+00
2.968362126458164312e+03 1.368204802235288620e+00
2.972433953792126431e+03 1.429214743843600033e+00
2.976505781126088550e+03 1.494329372367991349e+00
2.980577608460050669e+03 1.563257164471623550e+00
2.984649435794011424e+03 1.635015894567363848e+00
2.988721263127973543e+03 1.708298312841286748e+00
2.992793090461935662e+03 1.781993017849872185e+00
2.996864917795897327e+03 1.855675291749378619e+00
3.000936745129859901e+03 1.929876495241878986e+00
3.005008572463820656e+03 2.006010952347774268e+00
3.009080399797782320e+03 2.085966261022716761e+00
3.013152227131744894e+03 2.171500177254717556e+00
3.017224054465706558e+03 2.263678042102116983e+00
3.021295881799668678e+03 2.362585596401555854e+00
3.025367709133629887e+03 2.467452889320384646e+00
3.029439536467591552e+03 2.577157618900610458e+00
3.033511363801553671e+03 2.690905399677355980e+00
3.037583191135515790e+03 2.808783608342658944e+00
3.041655018469477909e+03 2.931906063410003149e+00
3.045726845803438664e+03 3.062012745632681110e+00
3.049798673137400783e+03 3.200613407156993162e+00
3.053870500471362902e+03 3.347979365933370310e+00
3.057942327805325021e+03 3.502402098308299738e+00
3.062014155139287141e+03 3.660091806077975463e+00
3.066085982473247896e+03 3.815886214369845764e+00
3.070157809807210015e+03 3.964646712869008383e+00
3.074229637141172134e+03 4.102944907738954150e+00
3.078301464475134253e+03 4.230496941660666366e+00
3.082373291809095917e+03 4.350849929934321736e+00
3.086445119143057127e+03 4.471055405264865890e+00
3.090516946477019246e+03 4.600396597372602869e+00
3.094588773810980911e+03 4.748545370228633544e+00
3.098660601144943485e+03 4.923693735340171074e+00
3.102732428478905149e+03 5.131172397271777541e+00
3.106804255812865904e+03 5.372854373281613860e+00
3.110876083146828478e+03 5.647338459783919795e+00
3.114947910480790142e+03 5.950642695897405687e+00
3.119019737814752261e+03 6.277019564584655598e+00
3.123091565148714380e+03 6.619573712247796671e+00
3.127163392482675135e+03 6.970576337690647328e+00
3.131235219816637255e+03 7.321619516273893069e+00
3.135307047150599374e+03 7.663912886209599762e+00
3.139378874484561493e+03 7.989008620106107905e+00
3.143450701818522248e+03 8.290043375831206873e+00
3.147522529152484367e+03 8.563289155856866230e+00
3.151594356486446486e+03 8.809543093393559232e+00
3.155666183820408605e+03 9.034788523993805498e+00
3.159738011154370724e+03 9.249692432825058930e+00
3.163809838488331479e+03 9.467837841538830901e+00
3.167881665822293598e+03 9.703006755177106868e+00
3.171953493156255718e+03 9.966171741439492138e+00
3.176025320490217837e+03 1.026298802820780409e+01
3.180097147824178592e+03 1.059244913303851021e+01
3.184168975158140711e+03 1.094702564156179747e+01
3.188240802492102830e+03 1.131417816836918533e+01
3.192312629826064494e+03 1.167877737620384870e+01
3.196384457160027068e+03 1.202579361599455510e+01
3.200456284493987823e+03 1.234266982721423389e+01
3.204528111827949488e+03 1.262100620387245797e+01
3.208599939161912062e+03 1.285744819115391735e+01
3.212671766495873726e+03 1.305386420866848596e+01
3.216743593829835845e+03 1.321696283057711341e+01
3.220815421163797055e+03 1.335744638194548450e+01
3.224887248497758719e+03 1.348870858337729928e+01
3.228959075831720838e+03 1.362505490595384217e+01
3.233030903165682957e+03 1.377951427794551975e+01
3.237102730499645077e+03 1.396150341708372444e+01
3.241174557833605832e+03 1.417481088670740519e+01
3.245246385167567951e+03 1.441646521271382042e+01
3.249318212501530070e+03 1.467694747200031280e+01
3.253390039835492189e+03 1.494189302741485292e+01
3.257461867169454308e+03 1.519498813673711446e+01
3.261533694503415063e+03 1.542136379551050140e+01
3.265605521837377182e+03 1.561058561764900787e+01
3.269677349171339301e+03 1.575843208475727408e+01
3.273749176505301421e+03 1.586702731043727432e+01
3.277821003839263540e+03 1.594341852801509063e+01
3.281892831173224295e+03 1.599716976671605551e+01
3.285964658507186869e+03 1.603780432209723017e+01
3.290036485841148533e+03 1.607288114785176703e+01
3.294108313175110197e+03 1.610716975998699851e+01
3.298180140509072771e+03 1.614293634169154856e+01
3.302251967843033526e+03 1.618095555999810387e+01
3.306323795176996100e+03 1.622166748412821846e+01
3.310395622510956855e+03 1.626596017431053554e+01
3.314467449844919429e+03 1.631531767761903140e+01
3.318539277178882003e+03 1.637139484046085869e+01
3.322611104512842758e+03 1.643531821066807908e+01
3.326682931846805332e+03 1.650707556960457367e+01
3.330754759180766087e+03 1.658524575698315928e+01
3.334826586514728660e+03 1.666711720788074302e+01
3.338898413848691234e+03 1.674906303375465555e+01
3.342970241182651989e+03 1.682697016313198191e+01
3.347042068516613654e+03 1.689657784034519494e+01
3.351113895850575318e+03 1.695371123861098539e+01
3.355185723184537892e+03 1.699450618716944206e+01
3.359257550518498647e+03 1.701573576858358194e+01
3.363329377852461221e+03 1.701525561887365967e+01
3.367401205186422885e+03 1.699244045588991270e+01
3.371473032520384550e+03 1.694838773217701799e+01
3.375544859854347123e+03 1.688569629206315170e+01
3.379616687188307878e+03 1.680780062353673898e+01
3.383688514522270452e+03 1.671808090223992949e+01
3.387760341856232117e+03 1.661914592476524177e+01
3.391832169190193781e+03 1.651268058806131123e+01
3.395903996524154536e+03 1.640002157985495046e+01
3.399975823858117110e+03 1.628324981555886808e+01
3.404047651192079684e+03 1.616623652809159850e+01
3.408119478526040439e+03 1.605494410568208963e+01
3.412191305860003013e+03 1.595648108669648124e+01
3.416263133193963768e+03 1.587691517460016222e+01
3.420334960527926341e+03 1.581847443613474447e+01
3.424406787861888915e+03 1.577723913531463040e+01
3.428478615195849670e+03 1.574249470248253147e+01
3.432550442529812244e+03 1.569847561359965837e+01
3.436622269863772999e+03 1.562838894955901559e+01
3.440694097197735573e+03 1.551966489369623581e+01
3.444765924531697237e+03 1.536872104795667227e+01
3.448837751865658902e+03 1.518345568148368940e+01
3.452909579199621476e+03 1.498229746406597584e+01
3.456981406533582231e+03 1.478976138496303250e+01
3.461053233867544805e+03 1.462969934524541848e+01
3.465125061201506469e+03 1.451832338436705605e+01
3.469196888535468133e+03 1.445926414017304396e+01
3.473268715869430707e+03 1.444230810539004395e+01
3.477340543203391462e+03 1.444624000389755381e+01
3.481412370537354036e+03 1.444483799836272375e+01
3.485484197871315700e+03 1.441403162219570788e+01
3.489556025205277365e+03 1.433790971690285332e+01
3.493627852539239939e+03 1.421176203530265170e+01
3.497699679873200694e+03 1.404145060848761872e+01
3.501771507207163268e+03 1.383970938115729155e+01
3.505843334541124023e+03 1.362098155691504431e+01
3.509915161875086596e+03 1.339677063933426737e+01
3.513986989209049170e+03 1.317310643613303078e+01
3.518058816543009925e+03 1.295079443167557542e+01
3.522130643876972499e+03 1.272800511413607794e+01
3.526202471210933254e+03 1.250389086538470984e+01
3.530274298544895828e+03 1.228159652202643848e+01
3.534346125878858402e+03 1.206933855528249566e+01
3.538417953212819157e+03 1.187901416563324197e+01
3.542489780546780821e+03 1.172275142915997925e+01
3.546561607880742486e+03 1.160857674322771693e+01
3.550633435214705059e+03 1.153670086061606881e+01
3.554705262548665814e+03 1.149772776509573902e+01
3.558777089882628388e+03 1.147347289414726390e+01
3.562848917216590053e+03 1.144026859707127031e+01
3.566920744550551717e+03 1.137390226016116301e+01
3.570992571884514291e+03 1.125489012516085907e+01
3.575064399218475046e+03 1.107273944582938263e+01
3.579136226552437620e+03 1.082816977057018804e+01
3.583208053886399284e+03 1.053282862691273536e+01
3.587279881220360949e+03 1.020667660358940942e+01
3.591351708554321704e+03 9.873764089011844547e+00
3.595423535888284277e+03 9.557452353489845009e+00
3.599495363222246851e+03 9.276185422948611148e+00
3.603567190556207606e+03 9.040704901498918034e+00
3.607639017890170180e+03 8.853185844601030752e+00
3.611710845224130935e+03 8.708268486095297689e+00
3.615782672558093509e+03 8.595496874160065914e+00
3.619854499892056083e+03 8.502369499204156966e+00
3.623926327226016838e+03 8.417136545144581206e+00
3.627998154559979412e+03 8.330656944850094447e+00
3.632069981893940167e+03 8.236996566176387091e+00
3.636141809227902741e+03 8.132887554925179785e+00
3.640213636561864405e+03 8.016534372539711129e+00
3.644285463895826069e+03 7.886423315548265478e+00
3.648357291229788643e+03 7.740714393810167238e+00
3.652429118563749398e+03 7.577500997300512964e+00
3.656500945897711972e+03 7.395826364675576414e+00
3.660572773231673636e+03 7.196997878157901596e+00
3.664644600565635301e+03 6.985574323025192989e+00
3.668716427899597875e+03 6.769482219684361368e+00
3.672788255233558630e+03 6.559015755702276351e+00
3.676860082567521204e+03 6.364878480558025409e+00
3.680931909901482868e+03 6.195782427096849787e+00
3.685003737235444532e+03 6.056299806638812733e+00
3.689075564569407106e+03 5.945601362124572020e+00
3.693147391903367861e+03 5.857442156454437665e+00
3.697219219237330435e+03 5.781374508423001046e+00
3.701291046571291190e+03 5.704816162181616690e+00
3.705362873905253764e+03 5.615395920357286741e+00
3.709434701239216338e+03 5.502992618263816915e+00
3.713506528573177093e+03 5.361053515996721863e+00
3.717578355907139667e+03 5.187042312663653121e+00
3.721650183241100422e+03 4.982121262569012110e+00
3.725722010575062541e+03 4.750333714123439854e+00
3.729793837909025569e+03 4.497589929941836928e+00
3.733865665242986324e+03 4.230691629988053926e+00
3.737937492576948898e+03 3.956516395007881215e+00
3.742009319910909653e+03 3.681383889091589090e+00
3.746081147244871772e+03 3.410580608893970744e+00
3.750152974578833437e+03 3.148030677099283636e+00
3.754224801912795556e+03 2.896138031275664382e+00
3.758296629246758130e+03 2.655849693058896399e+00
3.762368456580718885e+03 2.426971750435587882e+00
3.766440283914681004e+03 2.208707231939053717e+00
3.770512111248642668e+03 2.000303723898398278e+00
3.774583938582604787e+03 1.801638219901016580e+00
3.778655765916567361e+03 1.613561407023334171e+00
3.782727593250528116e+03 1.437884731088310941e+00
3.786799420584490235e+03 1.277003521632710470e+00
3.790871247918451900e+03 1.133268696727139258e+00
3.794943075252414019e+03 1.008303433226702683e+00
3.799014902586376593e+03 9.024784130328891152e-01
3.803086729920337348e+03 8.147043594513597720e-01
3.807158557254298103e+03 7.425951462926957403e-01
3.811230384588261131e+03 6.829378072872194227e-01
3.815302211922223250e+03 6.323178861625866620e-01
3.819374039256184005e+03 5.877167417332016530e-01
3.823445866590146579e+03 5.469264745016176876e-01
3.827517693924107334e+03 5.087013818163909074e-01
3.831589521258069908e+03 4.726526578701105707e-01
3.835661348592032482e+03 4.389650788354410027e-01
3.839733175925993237e+03 4.080502658120702675e-01
3.843805003259955811e+03 3.802458117223805334e-01
3.847876830593916566e+03 3.556325184734520084e-01
3.851948657927879140e+03 3.339911498132716039e-01
3.856020485261840804e+03 3.148741638041066548e-01
3.860092312595802468e+03 2.977399183437441921e-01
3.864164139929765042e+03 2.820912398702352109e-01
3.868235967263725797e+03 2.675733510214216571e-01
3.872307794597688371e+03 2.540094316678233044e-01
3.876379621931650036e+03 2.413760902782182693e-01
3.880451449265611700e+03 2.297385590317430337e-01
3.884523276599574274e+03 2.191731032051967565e-01
3.888595103933535029e+03 2.097022553787243893e-01
3.892666931267497603e+03 2.012598758502931739e-01
3.896738758601459267e+03 1.936915523359518665e-01
3.900810585935420931e+03 1.867850844777876052e-01
3.904882413269383505e+03 1.803183181597842188e-01
3.908954240603344260e+03 1.741086342119642361e-01
3.913026067937306834e+03 1.680499094952244421e-01
3.917097895271267589e+03 1.621277006036780099e-01
3.921169722605230163e+03 1.564100803207540691e-01
3.925241549939192737e+03 1.510181436913627384e-01
3.929313377273153492e+03 1.460851113256811662e-01
3.933385204607116066e+03 1.417151920468053272e-01
3.937457031941076821e+03 1.379526594956978214e-01
3.941528859275038940e+03 1.347683775931428907e-01
3.945600686609001968e+03 1.320662171007798702e-01
3.949672513942962723e+03 1.297066371270829688e-01
3.953744341276923478e+03 1.275403719628123711e-01
3.957816168610886052e+03 1.254426816488558860e-01
3.961887995944848171e+03 1.233386363324838475e-01
3.965959823278809836e+03 1.212125138799896862e-01
3.970031650612771955e+03 1.190990465610553412e-01
3.974103477946732710e+03 1.170597590491450762e-01
3.978175305280695284e+03 1.151523739718529615e-01
3.982247132614657403e+03 1.134036251154074415e-01
3.986318959948619067e+03 1.117948154214535583e-01
3.990390787282581186e+03 1.102651734661031363e-01
3.994462614616541941e+03 1.087318075910808785e-01
3.998534441950504515e+03 1.071190155665897592e-01
