# wavenumber(cm^-1)  total O H
4.071827333961817175e+00 2.688469960565876421e-02 8.670647146678795922e-03 1.821405245897996655e-02
8.143654667923634349e+00 2.807876786075468381e-02 9.102764924505245964e-03 1.897600293624943785e-02
1.221548200188545152e+01 3.001629257806174775e-02 9.804017716165874807e-03 2.021227486189586253e-02
1.628730933584726870e+01 3.262105675140539174e-02 1.074692885168353033e-02 2.187412789972185273e-02
2.035913666980908587e+01 3.579154297556207814e-02 1.189485830994143310e-02 2.389668466562062596e-02
2.443096400377090305e+01 3.940578579772205381e-02 1.320371634343821612e-02 2.620206945428381687e-02
2.850279133773272022e+01 4.332715405475663639e-02 1.462401096416443905e-02 2.870314309059218694e-02
3.257461867169453740e+01 4.741075613496263663e-02 1.610312382373666959e-02 3.130763231122594970e-02
3.664644600565635812e+01 5.151012969142688969e-02 1.758769752940413100e-02 3.392243216202275868e-02
4.071827333961817175e+01 5.548386486755570168e-02 1.902601221031582912e-02 3.645785265723986562e-02
4.479010067357999247e+01 5.920181733976034172e-02 2.037023053497991412e-02 3.883158680478043107e-02
4.886192800754180610e+01 6.255059408087015882e-02 2.157839837775655731e-02 4.097219570311359804e-02
5.293375534150362682e+01 6.543803921224390641e-02 2.261610256666957836e-02 4.282193664557430723e-02
5.700558267546544045e+01 6.779650707986567548e-02 2.345770687751733835e-02 4.433880020234833713e-02
6.107741000942726117e+01 6.958478124643119322e-02 2.408711158961666585e-02 4.549766965681454473e-02
6.514923734338907479e+01 7.078857716232628272e-02 2.449800911324904323e-02 4.629056804907723255e-02
6.922106467735089552e+01 7.141964807320966280e-02 2.469363684367130093e-02 4.672601122953835839e-02
7.329289201131271625e+01 7.151359322753329806e-02 2.468605676808453137e-02 4.682753645944875281e-02
7.736471934527452277e+01 7.112653974847123195e-02 2.449501770557265673e-02 4.663152204289856828e-02
8.143654667923634349e+01 7.033093014193267378e-02 2.414647874618375267e-02 4.618445139574891417e-02
8.550837401319816422e+01 6.921069257377132633e-02 2.367089003634735220e-02 4.553980253742397066e-02
8.958020134715998495e+01 6.785609802190736839e-02 2.310133841553952891e-02 4.475475960636784295e-02
9.365202868112179146e+01 6.635861566609624340e-02 2.247166983399044235e-02 4.388694583210579064e-02
9.772385601508361219e+01 6.480606523371665317e-02 2.181469773429271439e-02 4.299136749942392838e-02
1.017956833490454329e+02 6.327833365751614481e-02 2.116059692052999625e-02 4.211773673698615550e-02
1.058675106830072536e+02 6.184387579862382633e-02 2.053556661483450438e-02 4.130830918378931849e-02
1.099393380169690602e+02 6.055715874286301398e-02 1.996082560000477304e-02 4.059633314285823052e-02
1.140111653509308809e+02 5.945714074346723776e-02 1.945197810826495427e-02 4.000516263520227656e-02
1.180829926848927016e+02 5.856680423294648857e-02 1.901876321807994749e-02 3.954804101486654455e-02
1.221548200188545223e+02 5.789369257836263216e-02 1.866517484093189669e-02 3.922851773743073200e-02
1.262266473528163289e+02 5.743133727668784522e-02 1.838991574898197340e-02 3.904142152770587182e-02
1.302984746867781496e+02 5.716141032918238551e-02 1.818712915240309341e-02 3.897428117677929210e-02
1.343703020207399561e+02 5.705639890401636993e-02 1.804733640207440218e-02 3.900906250194197122e-02
1.384421293547017910e+02 5.708257822011168769e-02 1.795850036839232583e-02 3.912407785171935493e-02
1.425139566886635976e+02 5.720305466269317435e-02 1.790713134296888914e-02 3.929592331972429214e-02
1.465857840226254325e+02 5.738066391665042065e-02 1.787935583027168776e-02 3.950130808637872942e-02
1.506576113565872390e+02 5.758053654865167431e-02 1.786187775551291088e-02 3.971865879313875303e-02
1.547294386905490455e+02 5.777218306889526922e-02 1.784277540207307444e-02 3.992940766682218090e-02
1.588012660245108805e+02 5.793099833431741841e-02 1.781209446759934173e-02 4.011890386671806974e-02
1.628730933584726870e+02 5.803913701965638522e-02 1.776221645071244387e-02 4.027692056894392747e-02
1.669449206924344935e+02 5.808576347755260716e-02 1.768800054379971939e-02 4.039776293375288430e-02
1.710167480263963284e+02 5.806672658826021738e-02 1.758671478128488383e-02 4.048001180697534396e-02
1.750885753603581350e+02 5.798374970404984730e-02 1.745778705081121179e-02 4.052596265323862162e-02
1.791604026943199699e+02 5.784325491347184350e-02 1.730241769989212738e-02 4.054083721357970571e-02
1.832322300282817764e+02 5.765495800451803099e-02 1.712310222756213002e-02 4.053185577695589403e-02
1.873040573622435829e+02 5.743037521776981486e-02 1.692311472071074060e-02 4.050726049705906384e-02
1.913758846962054179e+02 5.718137575738293371e-02 1.670600047078577011e-02 4.047537528659715667e-02
1.954477120301672244e+02 5.691889663780586028e-02 1.647512014967232249e-02 4.044377648813353432e-02
1.995195393641290309e+02 5.665191111750934871e-02 1.623327888896833673e-02 4.041863222854101545e-02
2.035913666980908658e+02 5.638671154084549247e-02 1.598246264584884599e-02 4.040424889499664302e-02
2.076631940320526724e+02 5.612653492269416983e-02 1.572369248822154050e-02 4.040284243447263279e-02
2.117350213660145073e+02 5.587152803870757550e-02 1.545699600314930089e-02 4.041453203555826768e-02
2.158068486999763138e+02 5.561902075719300786e-02 1.518148490940523024e-02 4.043753584778777416e-02
2.198786760339381203e+02 5.536405394307908345e-02 1.489551991171776321e-02 4.046853403136133065e-02
2.239505033678999553e+02 5.510009285565085208e-02 1.459693837927731122e-02 4.050315447637353738e-02
2.280223307018617618e+02 5.481984915677018400e-02 1.428331778147923226e-02 4.053653137529093786e-02
2.320941580358235683e+02 5.451613429446024173e-02 1.395224790030163975e-02 4.056388639415858810e-02
2.361659853697854032e+02 5.418267330370973855e-02 1.360158733852000722e-02 4.058108596518970879e-02
2.402378127037472098e+02 5.381481961742982933e-02 1.322968423613694877e-02 4.058513538129286669e-02
2.443096400377090447e+02 5.341012660437279014e-02 1.283554674775401125e-02 4.057457985661876848e-02
2.483814673716708512e+02 5.296874840223318032e-02 1.241895502659429683e-02 4.054979337563886788e-02
2.524532947056326577e+02 5.249365940303964834e-02 1.198051253943409854e-02 4.051314686360555500e-02
2.565251220395944642e+02 5.199069691475659283e-02 1.152163992709353234e-02 4.046905698766305182e-02
2.605969493735562992e+02 5.146844387368286478e-02 1.104451889665625242e-02 4.042392497702661236e-02
2.646687767075181341e+02 5.093797727176803403e-02 1.055199652597607271e-02 4.038598074579193009e-02
2.687406040414799122e+02 5.041251292292973918e-02 1.004746180019659360e-02 4.036505112273315599e-02
2.728124313754417472e+02 4.990697850401439040e-02 9.534706273088042194e-03 4.037227223092633432e-02
2.768842587094035821e+02 4.943754502602880352e-02 9.017779678992750986e-03 4.041976534703604906e-02
2.809560860433653602e+02 4.902114284342495160e-02 8.500849434212951611e-03 4.052029340921198958e-02
2.850279133773271951e+02 4.867498295563802563e-02 7.988070625011705478e-03 4.068691233062630280e-02
2.890997407112890301e+02 4.841609866411587110e-02 7.483470644271234332e-03 4.093262801984462462e-02
2.931715680452508650e+02 4.826091747407162957e-02 6.990850424188165338e-03 4.127006704988346597e-02
2.972433953792126431e+02 4.822486911802859738e-02 6.513702451900161075e-03 4.171116666612841722e-02
3.013152227131744780e+02 4.832203310192018098e-02 6.055144582722352294e-03 4.226688851919781220e-02
3.053870500471363130e+02 4.856482831447856557e-02 5.617868111406433378e-03 4.294696020307212092e-02
3.094588773810980911e+02 4.896374779956066958e-02 5.204098559944376340e-03 4.375964923961629671e-02
3.135307047150599260e+02 4.952714334366207366e-02 4.815568050796597936e-03 4.471157529286547139e-02
3.176025320490217609e+02 5.026106649954305977e-02 4.453498770981627677e-03 4.580756772856141995e-02
3.216743593829835390e+02 5.116917441228688995e-02 4.118597695431808377e-03 4.705057671685508591e-02
3.257461867169453740e+02 5.225270972899229843e-02 3.811063245114146812e-03 4.844164648387814381e-02
3.298180140509072089e+02 5.351056346820326493e-02 3.530604768104615623e-03 4.997995870009865060e-02
3.338898413848689870e+02 5.493942769597603970e-02 3.276475573414576285e-03 5.166295212256145908e-02
3.379616687188308219e+02 5.653404112574056395e-02 3.047519711179735163e-03 5.348652141456082532e-02
3.420334960527926569e+02 5.828752549330661059e-02 2.842231839698442907e-03 5.544529365360815337e-02
3.461053233867544918e+02 6.019180414561958736e-02 2.658828466309209795e-03 5.753297567931039275e-02
3.501771507207162699e+02 6.223808729330658485e-02 2.495327748231876072e-03 5.974275954507470704e-02
3.542489780546781049e+02 6.441740150251258623e-02 2.349634057087127744e-03 6.206776744542543550e-02
3.583208053886399398e+02 6.672113497358131418e-02 2.219622800925436738e-03 6.450151217265587267e-02
3.623926327226017179e+02 6.914156566816329064e-02 2.103220680410708941e-03 6.703834498775257389e-02
3.664644600565635528e+02 7.167233698546379705e-02 1.998476700765295516e-03 6.967386028469849113e-02
3.705362873905253878e+02 7.430884586104860579e-02 1.903619877476799612e-03 7.240522598357178319e-02
3.746081147244871659e+02 7.704851105797543009e-02 1.817100609651906744e-03 7.523141044832351576e-02
3.786799420584490008e+02 7.989089499029891628e-02 1.737614044278512886e-03 7.815328094602039255e-02
3.827517693924108357e+02 8.283766037591058784e-02 1.664105271643085988e-03 8.117355510426747800e-02
3.868235967263726138e+02 8.589235285884919135e-02 1.595757710075724079e-03 8.429659514877346771e-02
3.908954240603344488e+02 8.906001180064249123e-02 1.531967390957975810e-03 8.752804440968450783e-02
3.949672513942962837e+02 9.234662293366882602e-02 1.472306897762815092e-03 9.087431603590602480e-02
3.990390787282580618e+02 9.575843766783297129e-02 1.416483339893079025e-03 9.434195432793987535e-02
4.031109060622198967e+02 9.930119373618287448e-02 1.364294898310928952e-03 9.793689883787194683e-02
4.071827333961817317e+02 1.029792798298890533e-01 1.315590166800172361e-03 1.016636896630888770e-01
4.112545607301435666e+02 1.067948923198620281e-01 1.270233786025122980e-03 1.055246585338368986e-01
4.153263880641053447e+02 1.107472346809703356e-01 1.228080829051112800e-03 1.095191538519192376e-01
4.193982153980671796e+02 1.148318096190699134e-01 1.188961180241653297e-03 1.136428484388282423e-01
4.234700427320290146e+02 1.190398501583250501e-01 1.152673902456152451e-03 1.178871762558689057e-01
4.275418700659907927e+02 1.233579292919825959e-01 1.118990454173599599e-03 1.222389388378089664e-01
4.316136973999526276e+02 1.277677786374667723e-01 1.087664721177968377e-03 1.266801139162888057e-01
4.356855247339144626e+02 1.322463354269979019e-01 1.058447254210824386e-03 1.311878881727870927e-01
4.397573520678762407e+02 1.367660247856524180e-01 1.031100897950684150e-03 1.357349238877017250e-01
4.438291794018380756e+02 1.412952713494582679e-01 1.005415154240195874e-03 1.402898561952180823e-01
4.479010067357999105e+02 1.457992216303650723e-01 9.812170960869916018e-04 1.448180045342780664e-01
4.519728340697616886e+02 1.502406468930355121e-01 9.583773554110736753e-04 1.492822695376244124e-01
4.560446614037235236e+02 1.545809863528872508e-01 9.368105403401572181e-04 1.536441758125470791e-01
4.601164887376853585e+02 1.587814828110316878e-01 9.164702819926788405e-04 1.578650125290390061e-01
4.641883160716471366e+02 1.628043578454454465e-01 8.973398574022298712e-04 1.619070179880432170e-01
4.682601434056089715e+02 1.666139716507812063e-01 8.794198954710722837e-04 1.657345517553101000e-01
4.723319707395708065e+02 1.701779136550019000e-01 8.627149873278592207e-04 1.693151986676740273e-01
4.764037980735326414e+02 1.734679740496606615e-01 8.472210674888572745e-04 1.726207529821717768e-01
4.804756254074944195e+02 1.764609530850420327e-01 8.329152205086172694e-04 1.756280378645334317e-01
4.845474527414562544e+02 1.791392739735937767e-01 8.197491446898963908e-04 1.783195248289038415e-01
4.886192800754180894e+02 1.814913759525747794e-01 8.076469400245929681e-04 1.806837290125501982e-01
4.926911074093798675e+02 1.835118758174675568e-01 7.965072661734213123e-04 1.827153685512941383e-01
4.967629347433417024e+02 1.852014983314698715e-01 7.862093246278281525e-04 1.844152890068420092e-01
5.008347620773035374e+02 1.865667876118578261e-01 7.766216347542767183e-04 1.857901659771035163e-01
5.049065894112653154e+02 1.876196221961534960e-01 7.676122549086967801e-04 1.868520099412447899e-01
5.089784167452271504e+02 1.883765653874225066e-01 7.590589804551109345e-04 1.876175064069673937e-01
5.130502440791889285e+02 1.888580891799258588e-01 7.508581351118737016e-04 1.881072310448139717e-01
5.171220714131508203e+02 1.890877142414441603e-01 7.429308378705673510e-04 1.883447834035736346e-01
5.211938987471125984e+02 1.890911099225752456e-01 7.352260291076022445e-04 1.883558838934676349e-01
5.252657260810743765e+02 1.888951971083219494e-01 7.277200151180902160e-04 1.881674770932038609e-01
5.293375534150362682e+02 1.885272931362275417e-01 7.204127722030306043e-04 1.878068803640245421e-01
5.334093807489980463e+02 1.880143323521172860e-01 7.133216744942134620e-04 1.873010106776230033e-01
5.374812080829598244e+02 1.873821886619549959e-01 7.064736201333177406e-04 1.866757150418216771e-01
5.415530354169217162e+02 1.866551182558850996e-01 6.998966924351764530e-04 1.859552215634499017e-01
5.456248627508834943e+02 1.858553321558033267e-01 6.936124923087524929e-04 1.851617196634945395e-01
5.496966900848452724e+02 1.850026999858724042e-01 6.876301241299745837e-04 1.843150698617423977e-01
5.537685174188071642e+02 1.841145789404421695e-01 6.819425383889918604e-04 1.834326364020531785e-01
5.578403447527689423e+02 1.832057557774316447e-01 6.765255750651337279e-04 1.825292302023664992e-01
5.619121720867307204e+02 1.822884851148782459e-01 6.713396647319583516e-04 1.816171454501462890e-01
5.659839994206926121e+02 1.813726045190188763e-01 6.663337838292697924e-04 1.807062707351896058e-01
5.700558267546543902e+02 1.804657058521786372e-01 6.614509740322666856e-04 1.798042548781463024e-01
5.741276540886162820e+02 1.795733429595924302e-01 6.566345584406736019e-04 1.789167084011517306e-01
5.781994814225780601e+02 1.786992577541681171e-01 6.518341380435810220e-04 1.780474236161245227e-01
5.822713087565398382e+02 1.778456097547524983e-01 6.470105309072710000e-04 1.771985992238452323e-01
5.863431360905017300e+02 1.770131977434428738e-01 6.421390066173177091e-04 1.763710587368255145e-01
5.904149634244635081e+02 1.762016660186453698e-01 6.372104382009128720e-04 1.755644555804444507e-01
5.944867907584252862e+02 1.754096913515108824e-01 6.322303022246071125e-04 1.747774610492862646e-01
5.985586180923871780e+02 1.746351498874071928e-01 6.272157608194970074e-04 1.740079341265877155e-01
6.026304454263489561e+02 1.738752656441448219e-01 6.221913156731398832e-04 1.732530743284717012e-01
6.067022727603107342e+02 1.731267438210092602e-01 6.171837005316659769e-04 1.725095601204775786e-01
6.107741000942726259e+02 1.723858928287834436e-01 6.122167549328795099e-04 1.717736760738506063e-01
6.148459274282344040e+02 1.716487388582726425e-01 6.073069919071637755e-04 1.710414318663654176e-01
6.189177547621961821e+02 1.709111360778799438e-01 6.024604452436729601e-04 1.703086756326362416e-01
6.229895820961580739e+02 1.701688743955779848e-01 5.976711795689681247e-04 1.695712032160089922e-01
6.270614094301198520e+02 1.694177853657838906e-01 5.929216002184638495e-04 1.688248637655654361e-01
6.311332367640816301e+02 1.686538454895320505e-01 5.881844456325599924e-04 1.680656610438995280e-01
6.352050640980435219e+02 1.678732750375195315e-01 5.834261182131268491e-04 1.672898489193063720e-01
6.392768914320053000e+02 1.670726297595373500e-01 5.786108403155182508e-04 1.664940189192218034e-01
6.433487187659670781e+02 1.662488825073185628e-01 5.737050311529587766e-04 1.656751774761656137e-01
6.474205460999289699e+02 1.653994919022626076e-01 5.686812969546399402e-04 1.648308106053079647e-01
6.514923734338907479e+02 1.645224556761437085e-01 5.635215073703555688e-04 1.639589341687733293e-01
6.555642007678525260e+02 1.636163471054832841e-01 5.582185809979388607e-04 1.630581285244853129e-01
6.596360281018144178e+02 1.626803339222355760e-01 5.527767982280765678e-04 1.621275571240075042e-01
6.637078554357761959e+02 1.617141800777318061e-01 5.472106712805732427e-04 1.611669694064512548e-01
6.677796827697379740e+02 1.607182316352056273e-01 5.415425992386960988e-04 1.601766890359669349e-01
6.718515101036998658e+02 1.596933887658279760e-01 5.357996931439029491e-04 1.591575890726840692e-01
6.759233374376616439e+02 1.586410662583545295e-01 5.300102526428994692e-04 1.581110560057115977e-01
6.799951647716234220e+02 1.575631451006088979e-01 5.242004004344859736e-04 1.570389447001744043e-01
6.840669921055853138e+02 1.564619175719944577e-01 5.183913334294645847e-04 1.559435262385650278e-01
6.881388194395470919e+02 1.553400279561141795e-01 5.125975397722810694e-04 1.548274304163418935e-01
6.922106467735089836e+02 1.542004105226442434e-01 5.068261766694034335e-04 1.536935843459748541e-01
6.962824741074707617e+02 1.530462259304827821e-01 5.010776288196575317e-04 1.525451483016631027e-01
7.003543014414325398e+02 1.518807967592927244e-01 4.953470966524075800e-04 1.513854496626402812e-01
7.044261287753944316e+02 1.507075425567858118e-01 4.896269214353287042e-04 1.502179156353505018e-01
7.084979561093562097e+02 1.495299146406507962e-01 4.839092596027293192e-04 1.490460053810480356e-01
7.125697834433179878e+02 1.483513309305886096e-01 4.781886829974491210e-04 1.478731422475911550e-01
7.166416107772798796e+02 1.471751112878460499e-01 4.724643080084497677e-04 1.467026469798375921e-01
7.207134381112416577e+02 1.460044141581259836e-01 4.667411388995808654e-04 1.455376730192264323e-01
7.247852654452034358e+02 1.448421756791887227e-01 4.610304353624557444e-04 1.443811452438262810e-01
7.288570927791653276e+02 1.436910527476341071e-01 4.553490623808911092e-04 1.432357036852532350e-01
7.329289201131271057e+02 1.425533717639501652e-01 4.497179301146690721e-04 1.421036538338355248e-01
7.370007474470888837e+02 1.414310848293759693e-01 4.441597614350904495e-04 1.409869250679408326e-01
7.410725747810507755e+02 1.403257350153479521e-01 4.386965171623591906e-04 1.398870384981855675e-01
7.451444021150125536e+02 1.392384319597226305e-01 4.333468519838703159e-04 1.388050851077387571e-01
7.492162294489743317e+02 1.381698384893327580e-01 4.281239628116980246e-04 1.377417145265210918e-01
7.532880567829362235e+02 1.371201682809470024e-01 4.230341290464054269e-04 1.366971341519006011e-01
7.573598841168980016e+02 1.360891938300188841e-01 4.180761410023462734e-04 1.356711176890165460e-01
7.614317114508597797e+02 1.350762632886656212e-01 4.132416842027414566e-04 1.346630216044628625e-01
7.655035387848216715e+02 1.340803241512834865e-01 4.085166120540143398e-04 1.336718075392294702e-01
7.695753661187834496e+02 1.330999513863078687e-01 4.038829166423727303e-04 1.326960684696654735e-01
7.736471934527452277e+02 1.321333774913152903e-01 3.993211138781055207e-04 1.317340563774371809e-01
7.777190207867071194e+02 1.311785221106729349e-01 3.948127072237499679e-04 1.307837094034491332e-01
7.817908481206688975e+02 1.302330192901931805e-01 3.903423899515623169e-04 1.298426769002416215e-01
7.858626754546306756e+02 1.292942411071965891e-01 3.858996886705885862e-04 1.289083414185259735e-01
7.899345027885925674e+02 1.283593172327159304e-01 3.814798336331514934e-04 1.279778373990828055e-01
7.940063301225543455e+02 1.274251508597374627e-01 3.770837516429123614e-04 1.270480671080945478e-01
7.980781574565161236e+02 1.264884322618175516e-01 3.727171993657345901e-04 1.261157150624518108e-01
8.021499847904780154e+02 1.255456519272094562e-01 3.683891714651473101e-04 1.251772627557443118e-01
8.062218121244397935e+02 1.245931156568679948e-01 3.641098134539830938e-04 1.242290058434139810e-01
8.102936394584015716e+02 1.236269641582204981e-01 3.598881310507136234e-04 1.232670760271697974e-01
8.143654667923634634e+02 1.226431994817396981e-01 3.557298087059685061e-04 1.222874696730337218e-01
8.184372941263252415e+02 1.216377201428377602e-01 3.516354282162014204e-04 1.212860847146215448e-01
8.225091214602871332e+02 1.206063659930477205e-01 3.475993182372272912e-04 1.202587666748105022e-01
8.265809487942490250e+02 1.195449729297030916e-01 3.436091764171899212e-04 1.192013637532859105e-01
8.306527761282106894e+02 1.184494364640632513e-01 3.396465007954532094e-04 1.181097899632677917e-01
8.347246034621726949e+02 1.173157821185471794e-01 3.356877608025924070e-04 1.169800943577445906e-01
8.387964307961343593e+02 1.161402397092368560e-01 3.317061450382296616e-04 1.158085335641986513e-01
8.428682581300961374e+02 1.149193178927528647e-01 3.276736550730481113e-04 1.145916442376798405e-01
8.469400854640580292e+02 1.136498749963667648e-01 3.235632800016363707e-04 1.133263117163651329e-01
8.510119127980199210e+02 1.123291821543518781e-01 3.193509886685158539e-04 1.120098311656833739e-01
8.550837401319815854e+02 1.109549751526908157e-01 3.150173135521434063e-04 1.106399578391386723e-01
8.591555674659433635e+02 1.095254921108068658e-01 3.105483656659848053e-04 1.092149437451408883e-01
8.632273947999052552e+02 1.080394951400499293e-01 3.059362033439138977e-04 1.077335589367060392e-01
8.672992221338670333e+02 1.064962753223142877e-01 3.011785671655568515e-04 1.061950967551487379e-01
8.713710494678289251e+02 1.048956416366966515e-01 2.962780759955076009e-04 1.045993635607011668e-01
8.754428768017908169e+02 1.032378957071240916e-01 2.912410440678163707e-04 1.029466546630562612e-01
8.795147041357524813e+02 1.015237953320993203e-01 2.860761181009628370e-04 1.012377192139983506e-01
8.835865314697144868e+02 9.975451058621975786e-02 2.807929424056739291e-04 9.947371764381407466e-02
8.876583588036761512e+02 9.793157677312885889e-02 2.754010390748027346e-04 9.765617573405407925e-02
8.917301861376379293e+02 9.605684861362424887e-02 2.699090440429712358e-04 9.578693956958128641e-02
8.958020134715998211e+02 9.413245975887932215e-02 2.643243759057089842e-04 9.386813538297361648e-02
8.998738408055617128e+02 9.216079105158236917e-02 2.586533428973467118e-04 9.190213770868503607e-02
9.039456681395233772e+02 9.014444997549744820e-02 2.529016250197214000e-04 8.989154835047773184e-02
9.080174954734851553e+02 8.808626252300384707e-02 2.470750127945700115e-04 8.783918751020927673e-02
9.120893228074470471e+02 8.598927737736541954e-02 2.411802490496071818e-04 8.574809712831581165e-02
9.161611501414088252e+02 8.385678096930812564e-02 2.352258098717783488e-04 8.362155515943633932e-02
9.202329774753707170e+02 8.169232074379786934e-02 2.292224759547141532e-04 8.146309826784317587e-02
9.243048048093326088e+02 7.949973297073387180e-02 2.231835829116820928e-04 7.927654938782220662e-02
9.283766321432942732e+02 7.728317074162693867e-02 2.171248924660045714e-04 7.706604584916094958e-02
9.324484594772562787e+02 7.504712747582263643e-02 2.110640873786981191e-04 7.483606338844395189e-02
9.365202868112179431e+02 7.279645134552933938e-02 2.050199522764912467e-04 7.259143139325287264e-02
9.405921141451797212e+02 7.053634651595722116e-02 1.990113514482410564e-04 7.033733516450897671e-02
9.446639414791416129e+02 6.827235794886263309e-02 1.930561461753918214e-04 6.807930180268725873e-02
9.487357688131035047e+02 6.601033766793819313e-02 1.871702039530868803e-04 6.582316746398511609e-02
9.528075961470652828e+02 6.375639174123129416e-02 1.813666390016486303e-04 6.357502510222964864e-02
9.568794234810269472e+02 6.151680869038129995e-02 1.756553900488571837e-04 6.134115330033244190e-02
9.609512508149888390e+02 5.929797147198514334e-02 1.700431926842539806e-04 5.912792827930089118e-02
9.650230781489506171e+02 5.710625647728593407e-02 1.645339469508902788e-04 5.694172253033506076e-02
9.690949054829125089e+02 5.494792405796659202e-02 1.591294245553885806e-04 5.478879463341122108e-02
9.731667328168744007e+02 5.282900582295442515e-02 1.538302122435546094e-04 5.267517561071086846e-02
9.772385601508361788e+02 5.075519430514442709e-02 1.486367552430960942e-04 5.060655754990132926e-02
9.813103874847980705e+02 4.873174054051716136e-02 1.435503516593043165e-04 4.858819018885785629e-02
9.853822148187597350e+02 4.676336464153404288e-02 1.385739568861363703e-04 4.662479068464790710e-02
9.894540421527215130e+02 4.485418362121570274e-02 1.337126849857713884e-04 4.472047093622993214e-02
9.935258694866834048e+02 4.300765960283993439e-02 1.289739373494047463e-04 4.287868566549053739e-02
9.975976968206452966e+02 4.122657022530508419e-02 1.243671414298668247e-04 4.110220308387523003e-02
1.001669524154607075e+03 3.951300163412647948e-02 1.199031364196285712e-04 3.939309849770684935e-02
1.005741351488568739e+03 3.786836304725965663e-02 1.155932908471794866e-04 3.775276975641248672e-02
1.009813178822530631e+03 3.629342061424628563e-02 1.114484725892497645e-04 3.618197214165704001e-02
1.013885006156492409e+03 3.478834724395533928e-02 1.074780100578299113e-04 3.468086923389750165e-02
1.017956833490454301e+03 3.335278433603718062e-02 1.036887821521669954e-04 3.324909555388501359e-02
1.022028660824416193e+03 3.198591096148182406e-02 1.000845545662878966e-04 3.188582640691552811e-02
1.026100488158377857e+03 3.068651601372614918e-02 9.666564442949175434e-05 3.058985036929665752e-02
1.030172315492339749e+03 2.945306917615794773e-02 9.342894935057467515e-05 2.935964022680737084e-02
1.034244142826301641e+03 2.828378717674399564e-02 9.036832736049016889e-05 2.819341884938351278e-02
1.038315970160263305e+03 2.717669265278008228e-02 8.747526796837411906e-05 2.708921738481171598e-02
1.042387797494225197e+03 2.612966393771811585e-02 8.473975788253379255e-05 2.604492417983558794e-02
1.046459624828187088e+03 2.514047510855950060e-02 8.215122270489027547e-05 2.505832388585461576e-02
1.050531452162148753e+03 2.420682659877524540e-02 7.969942073644629011e-05 2.412712717803880413e-02
1.054603279496110645e+03 2.332636750149660182e-02 7.737517711752534152e-05 2.324899232437907873e-02
1.058675106830072536e+03 2.249671129341213743e-02 7.517087362817167682e-05 2.242154041978397516e-02
1.062746934164034201e+03 2.171544705927625982e-02 7.308064730568728038e-05 2.164236641197057193e-02
1.066818761497996093e+03 2.098014837657759951e-02 7.110029392900658863e-05 2.090904808264859929e-02
1.070890588831957984e+03 2.028838184484171164e-02 6.922691416126516405e-05 2.021915493068045244e-02
1.074962416165919649e+03 1.963771685518580015e-02 6.745837487035559964e-05 1.957025848031544377e-02
1.079034243499881541e+03 1.902573765430951719e-02 6.579268117189033312e-05 1.895994497313763238e-02
1.083106070833843432e+03 1.845005813699200289e-02 6.422736317322075153e-05 1.838583077381879261e-02
1.087177898167805097e+03 1.790833918025501459e-02 6.275897451914364282e-05 1.784558020573587950e-02
1.091249725501766989e+03 1.739830778369005557e-02 6.138277913497352828e-05 1.733692500455508850e-02
1.095321552835728880e+03 1.691777686428827532e-02 6.009267145151788749e-05 1.685768419283676517e-02
1.099393380169690545e+03 1.646466431173430195e-02 5.888133869367038033e-05 1.640578297304064875e-02
1.103465207503652437e+03 1.603700986007525892e-02 5.774063700251373828e-05 1.597926922307275205e-02
1.107537034837614328e+03 1.563298846879148177e-02 5.666212158736392987e-05 1.557632634720412801e-02
1.111608862171575993e+03 1.525091920355583011e-02 5.563764921758004818e-05 1.519528155433825731e-02
1.115680689505537885e+03 1.488926901983238238e-02 5.465996209731676509e-05 1.483460905773506880e-02
1.119752516839499776e+03 1.454665132511978078e-02 5.372316655327202903e-05 1.449292815856651449e-02
1.123824344173461441e+03 1.422181966831361985e-02 5.282303703672416390e-05 1.416899663127689848e-02
1.127896171507423333e+03 1.391365732106996170e-02 5.195710291205963589e-05 1.386170021815790951e-02
1.131967998841385224e+03 1.362116383010724373e-02 5.112450821704850313e-05 1.357003932189021489e-02
1.136039826175347116e+03 1.334343980028118194e-02 5.032566813586982163e-05 1.329311413214532590e-02
1.140111653509308780e+03 1.307967120344706233e-02 4.956177540578161152e-05 1.303010942804128450e-02
1.144183480843270672e+03 1.282911440378280490e-02 4.883423105543879995e-05 1.278028017272737037e-02
1.148255308177232564e+03 1.259108286944320663e-02 4.814408380773731909e-05 1.254293878563547682e-02
1.152327135511194228e+03 1.236493623911770826e-02 4.749155991976343699e-05 1.231744467919795166e-02
1.156398962845156120e+03 1.215007207371419928e-02 4.687575075847962274e-05 1.210319632295572476e-02
1.160470790179118012e+03 1.194592029278817615e-02 4.629450132095467988e-05 1.189962579146723425e-02
1.164542617513079676e+03 1.175194001264554325e-02 4.574451285326390629e-05 1.170619549979227611e-02
1.168614444847041568e+03 1.156761829874830907e-02 4.522164115636554110e-05 1.152239665759194863e-02
1.172686272181003460e+03 1.139247023645088841e-02 4.472134369092947698e-05 1.134774889275996443e-02
1.176758099514965124e+03 1.122603971381948805e-02 4.423920728864713832e-05 1.118180050653084893e-02
1.180829926848927016e+03 1.106790038689249925e-02 4.377147713029448705e-05 1.102412890976220937e-02
1.184901754182888908e+03 1.091765643824667634e-02 4.331550813736858207e-05 1.087434093010931219e-02
1.188973581516850572e+03 1.077494291368812605e-02 4.287007182417487081e-05 1.073207284186395577e-02
1.193045408850812464e+03 1.063942559630498899e-02 4.243547311215574436e-05 1.059699012319283498e-02
1.197117236184774356e+03 1.051080052158107070e-02 4.201345941199793145e-05 1.046878706216907914e-02
1.201189063518736020e+03 1.038879332844694706e-02 4.160693435929976446e-05 1.034718639408765961e-02
1.205260890852697912e+03 1.027315866609277741e-02 4.121951660237021576e-05 1.023193914949041203e-02
1.209332718186659804e+03 1.016367983417241702e-02 4.085500599693333830e-05 1.012282482817547860e-02
1.213404545520621468e+03 1.006016873558406542e-02 4.051683239171523720e-05 1.001965190319235866e-02
1.217476372854583360e+03 9.962466087008965687e-03 4.020756416479559882e-05 9.922258522844177447e-03
1.221548200188545252e+03 9.870441689840596736e-03 3.992854463725476448e-05 9.830513145203348402e-03
1.225620027522506916e+03 9.783994441987410931e-03 3.967970586218944236e-05 9.744314736125228929e-03
1.229691854856468808e+03 9.703051695494815249e-03 3.945958382383847900e-05 9.663592111670980117e-03
1.233763682190430700e+03 9.627567555266601865e-03 3.926553047797644422e-05 9.588302024788631153e-03
1.237835509524392364e+03 9.557519779495576157e-03 3.909409041188418536e-05 9.518425689083698585e-03
1.241907336858354256e+03 9.492905080075251384e-03 3.894148710169791734e-05 9.453963592973560134e-03
1.245979164192316148e+03 9.433732816902304710e-03 3.880414895887089637e-05 9.394928667943438713e-03
1.250050991526277812e+03 9.380017309385165966e-03 3.867920057225325071e-05 9.341338108812914653e-03
1.254122818860239704e+03 9.331769220893768729e-03 3.856485031532656523e-05 9.293204370578438817e-03
1.258194646194201596e+03 9.288986674318700648e-03 3.846062085211106264e-05 9.250526053466592499e-03
1.262266473528163260e+03 9.251646898773207423e-03 3.836739175483182870e-05 9.213279507018373032e-03
1.266338300862125152e+03 9.219699264976193367e-03 3.828725016068974465e-05 9.181412014815509837e-03
1.270410128196087044e+03 9.193060526435816240e-03 3.822317234488465038e-05 9.154837354090934395e-03
1.274481955530048708e+03 9.171612943923053429e-03 3.817858249754780859e-05 9.133434361425501677e-03
1.278553782864010600e+03 9.155205743224238690e-03 3.815685164215415601e-05 9.117048891582083328e-03
1.282625610197972492e+03 9.143660063399856180e-03 3.816080729776982620e-05 9.105499256102083522e-03
1.286697437531934156e+03 9.136777225771604977e-03 3.819232223330619637e-05 9.098584903538303043e-03
1.290769264865896048e+03 9.134349828084132455e-03 3.825203895496108203e-05 9.096097789129170899e-03
1.294841092199857940e+03 9.136174879215716235e-03 3.833926718324776213e-05 9.097835612032468405e-03
1.298912919533819604e+03 9.142067968573064016e-03 3.845206732642957118e-05 9.103615901246637013e-03
1.302984746867781496e+03 9.151877334048650822e-03 3.858750728118164188e-05 9.113289826767472304e-03
1.307056574201743388e+03 9.165496665869229953e-03 3.874205636153018505e-05 9.126754609507705535e-03
1.311128401535705052e+03 9.182875562131655525e-03 3.891206198057121132e-05 9.143963500151088691e-03
1.315200228869666944e+03 9.204026725747955356e-03 3.909424428792569208e-05 9.164932481460028729e-03
1.319272056203628836e+03 9.229029243364900853e-03 3.928614258012593825e-05 9.189743100784774840e-03
1.323343883537590500e+03 9.258027589931942108e-03 3.948645495620128735e-05 9.218541134975744358e-03
1.327415710871552392e+03 9.291226330556168894e-03 3.969522814481386429e-05 9.251531102411350571e-03
1.331487538205514284e+03 9.328880817227616640e-03 3.991387539414521562e-05 9.288966941833471519e-03
1.335559365539475948e+03 9.371284478302179671e-03 4.014502379936386991e-05 9.331139454502819508e-03
1.339631192873437840e+03 9.418753554724056815e-03 4.039221518070242126e-05 9.378361339543358696e-03
1.343703020207399732e+03 9.471610336012688258e-03 4.065950354042282340e-05 9.430950832472266912e-03
1.347774847541361396e+03 9.530166083513879477e-03 4.095100474942494874e-05 9.489215078764450320e-03
1.351846674875323288e+03 9.594704894900382003e-03 4.127045890606340767e-05 9.553434435994323515e-03
1.355918502209285180e+03 9.665469761425014503e-03 4.162086235152042405e-05 9.623848899073500496e-03
1.359990329543246844e+03 9.742651997862217944e-03 4.200421534104425807e-05 9.700647782521169132e-03
1.364062156877208736e+03 9.826385084128008360e-03 4.242141458969142748e-05 9.783963669538311633e-03
1.368133984211170628e+03 9.916743746659628655e-03 4.287229980220111635e-05 9.873871446857428874e-03
1.372205811545132292e+03 1.001374882685062730e-02 4.335584269765968047e-05 9.970392984152965515e-03
1.376277638879094184e+03 1.011737813590221982e-02 4.387044875503544246e-05 1.007350768714718528e-02
1.380349466213056076e+03 1.022758308836485205e-02 4.441432831971696600e-05 1.018316876004512865e-02
1.384421293547017967e+03 1.034431045639317391e-02 4.498588647422042903e-05 1.029932456991895090e-02
1.388493120880979632e+03 1.046752811941964109e-02 4.558408090542179615e-05 1.042194403851421682e-02
1.392564948214941523e+03 1.059725323653535126e-02 4.620870361878778176e-05 1.055104453291655885e-02
1.396636775548903415e+03 1.073358088802186562e-02 4.686055456642435974e-05 1.068672033345544406e-02
1.400708602882865080e+03 1.087671097108809659e-02 4.754149117132137940e-05 1.082916947991677606e-02
1.404780430216826971e+03 1.102697104625844846e-02 4.825435503431870562e-05 1.097871669122413123e-02
1.408852257550788863e+03 1.118483296116968076e-02 4.900279342028266311e-05 1.113583016774939531e-02
1.412924084884750528e+03 1.135092145809677225e-02 4.979100631627076708e-05 1.130113045178049794e-02
1.416995912218712419e+03 1.152601360649402329e-02 5.062345835970870160e-05 1.147539014813431756e-02
1.421067739552674311e+03 1.171102876746168801e-02 5.150459790268225967e-05 1.165952416955901884e-02
1.425139566886635976e+03 1.190700983410842087e-02 5.243862286726058518e-05 1.185457121124115255e-02
1.429211394220597867e+03 1.211509760732772459e-02 5.342932557220209805e-05 1.206166828175552277e-02
1.433283221554559759e+03 1.233650123977112108e-02 5.448003769510983074e-05 1.228202120207600584e-02
1.437355048888521424e+03 1.257246857433931032e-02 5.559368367324507261e-05 1.251687489066605555e-02
1.441426876222483315e+03 1.282426077900931070e-02 5.677293794513482705e-05 1.276748784106417935e-02
1.445498703556445207e+03 1.309313581703679640e-02 5.802047014175778318e-05 1.303511534689504384e-02
1.449570530890406872e+03 1.338034490835414425e-02 5.933925392292015464e-05 1.332100565443122483e-02
1.453642358224368763e+03 1.368714520851136741e-02 6.073291037655614361e-05 1.362641229813480945e-02
1.457714185558330655e+03 1.401483050001345841e-02 6.220605594455413153e-05 1.395262444406890692e-02
1.461786012892292320e+03 1.436477987801959913e-02 6.376462737705382625e-05 1.430101525064254517e-02
1.465857840226254211e+03 1.473852241194754421e-02 6.541616152273741728e-05 1.467310625042480762e-02
1.469929667560216103e+03 1.513781382975869227e-02 6.717001489580279425e-05 1.507064381486289059e-02
1.474001494894177767e+03 1.556471969057647217e-02 6.903751596107423640e-05 1.549568217461540567e-02
1.478073322228139659e+03 1.602169857291457084e-02 7.103205114069384603e-05 1.595066652177387634e-02
1.482145149562101551e+03 1.651167876058407327e-02 7.316909313328521299e-05 1.643850966745079648e-02
1.486216976896063215e+03 1.703812292638574172e-02 7.546618702490677716e-05 1.696265673936084989e-02
1.490288804230025107e+03 1.760507744638106775e-02 7.794291590125672678e-05 1.752713453047981956e-02
1.494360631563986999e+03 1.821720612817575441e-02 8.062087342594829033e-05 1.813658525474980479e-02
1.498432458897948663e+03 1.887981204512908032e-02 8.352367628218245572e-05 1.879628836884690221e-02
1.502504286231910555e+03 1.959885541429102693e-02 8.667705441470255855e-05 1.951217835987633861e-02
1.506576113565872447e+03 2.038097948245186711e-02 9.010906120098164762e-05 2.029087042125089432e-02
1.510647940899834111e+03 2.123355954431765252e-02 9.385044809284913924e-05 2.113970909622480548e-02
1.514719768233796003e+03 2.216479183534903960e-02 9.793524750124478983e-05 2.206685658784779749e-02
1.518791595567757895e+03 2.318383849725115867e-02 1.024016020082843119e-04 2.308143689524287320e-02
1.522863422901719559e+03 2.430104162238423335e-02 1.072928655540074166e-04 2.419374875683023840e-02
1.526935250235681451e+03 2.552821328191814260e-02 1.126589814883012682e-04 2.541555430042984412e-02
1.531007077569643343e+03 2.687899946192480113e-02 1.185581123848040308e-04 2.676044134954001091e-02
1.535078904903605007e+03 2.836930434494635417e-02 1.250584574136638519e-04 2.824424588753268739e-02
1.539150732237566899e+03 3.001774811631269246e-02 1.322401463628996589e-04 2.988550796994979275e-02
1.543222559571528791e+03 3.184611752170891930e-02 1.401970481339059860e-04 3.170592047357501109e-02
1.547294386905490455e+03 3.387975511607852624e-02 1.490382803098897933e-04 3.373071683576862878e-02
1.551366214239452347e+03 3.614782207034625966e-02 1.588891611138088748e-04 3.598893290923244753e-02
1.555438041573414239e+03 3.868336214163212855e-02 1.698913124944079309e-04 3.851347082913773867e-02
1.559509868907375903e+03 4.152309246189574837e-02 1.822016101529056842e-04 4.134089085174284112e-02
1.563581696241337795e+03 4.470685138693133304e-02 1.959896893741066377e-04 4.451086169755723299e-02
1.567653523575299687e+03 4.827664556857978739e-02 2.114337593823388778e-04 4.806521180919744868e-02
1.571725350909261351e+03 5.227525789351483709e-02 2.287145560998228805e-04 5.204654333741502714e-02
1.575797178243223243e+03 5.674440452670270751e-02 2.480073731146199964e-04 5.649639715358809738e-02
1.579869005577185135e+03 6.172246184367489313e-02 2.694722493738986851e-04 6.145298959430098990e-02
1.583940832911146799e+03 6.724182066944421610e-02 2.932425520357709726e-04 6.694857811740843878e-02
1.588012660245108691e+03 7.332596348448142121e-02 3.194123631620568340e-04 7.300655112131937408e-02
1.592084487579070583e+03 7.998639716852609660e-02 3.480232459915986575e-04 7.963837392253450553e-02
1.596156314913032247e+03 8.721960623923866174e-02 3.790511152497831734e-04 8.684055512398888843e-02
1.600228142246994139e+03 9.500421621790969273e-02 4.123940508502422120e-04 9.459182216705948332e-02
1.604299969580956031e+03 1.032985708164238792e-01 4.478619610978957946e-04 1.028507088553260174e-01
1.608371796914917695e+03 1.120389277504386938e-01 4.851690084137947018e-04 1.115537587420249166e-01
1.612443624248879587e+03 1.211384646229523854e-01 5.239296499783795136e-04 1.206145349729740024e-01
1.616515451582841479e+03 1.304872579894867379e-01 5.636590149256657297e-04 1.299235989745610442e-01
1.620587278916803143e+03 1.399533560585626002e-01 6.037781419780672339e-04 1.393495779165845605e-01
1.624659106250765035e+03 1.493850103328743240e-01 6.436243457947165127e-04 1.487413859870795885e-01
1.628730933584726927e+03 1.586140668160741229e-01 6.824666814910021473e-04 1.579316001345831277e-01
1.632802760918688818e+03 1.674604471183378240e-01 7.195261541062048568e-04 1.667409209642315981e-01
1.636874588252650483e+03 1.757375785200448737e-01 7.539999958460670559e-04 1.749835785241988240e-01
1.640946415586612375e+03 1.832585648052395544e-01 7.850890328072585283e-04 1.824734757724323087e-01
1.645018242920574266e+03 1.898428314634643121e-01 8.120269082284563983e-04 1.890308045552358540e-01
1.649090070254536158e+03 1.953229342904267141e-01 8.341097422517916929e-04 1.944888245481749267e-01
1.653161897588498050e+03 1.995511933231927659e-01 8.507247055153866399e-04 1.987004686176774004e-01
1.657233724922459714e+03 2.024058071348301679e-01 8.613759765444334781e-04 2.015444311582857417e-01
1.661305552256421379e+03 2.037961171224081380e-01 8.657066448237698414e-04 2.029304104775843665e-01
1.665377379590383043e+03 2.036667273580719806e-01 8.635153091347536319e-04 2.028032120489372259e-01
1.669449206924345390e+03 2.020002410798849846e-01 8.547663934304085536e-04 2.011454746864545506e-01
1.673521034258306827e+03 1.988184467506139419e-01 8.395935428593199112e-04 1.979788532077546015e-01
1.677592861592268719e+03 1.941818703239171495e-01 8.182958479423010347e-04 1.933635744759748532e-01
1.681664688926230610e+03 1.881877005043358642e-01 7.913270492777401809e-04 1.873963734550581073e-01
1.685736516260192275e+03 1.809661844060190816e-01 7.592782709704022073e-04 1.802069061350486667e-01
1.689808343594154167e+03 1.726756760490952836e-01 7.228551914068638866e-04 1.719528208576884543e-01
1.693880170928116058e+03 1.634965938933710949e-01 6.828508609640874952e-04 1.628137430324070045e-01
1.697951998262077495e+03 1.536246012080813017e-01 6.401155982406763097e-04 1.529844856098406258e-01
1.702023825596039842e+03 1.432633607953245625e-01 5.955255259427007014e-04 1.426678352693818430e-01
1.706095652930001506e+03 1.326172311514130231e-01 5.499513380362432233e-04 1.320672798133767922e-01
1.710167480263963171e+03 1.218842638985140059e-01 5.042288218253021580e-04 1.213800350766887082e-01
1.714239307597924835e+03 1.112498332193022632e-01 4.591324998319239593e-04 1.107907007194703225e-01
1.718311134931886727e+03 1.008811795876323192e-01 4.153535205323518470e-04 1.004658260670999725e-01
1.722382962265848619e+03 9.092308613314337151e-02 3.734826328530590871e-04 9.054960350029032934e-02
1.726454789599810510e+03 8.149483132813015174e-02 3.339987489057564835e-04 8.116083257922439287e-02
1.730526616933772402e+03 7.268848176551678808e-02 2.972632563459643427e-04 7.239121850917082379e-02
1.734598444267734067e+03 6.456850920521117754e-02 2.635199093115153353e-04 6.430498929589967272e-02
1.738670271601695958e+03 5.717264214223313074e-02 2.328998264873243602e-04 5.693974231574581990e-02
1.742742098935657850e+03 5.051379857892596137e-02 2.054308743467910306e-04 5.030836770457915857e-02
1.746813926269619742e+03 4.458289716617043486e-02 1.810505263510768558e-04 4.440184663981937285e-02
1.750885753603581634e+03 3.935231089398387450e-02 1.596211728641021375e-04 3.919268972111979166e-02
1.754957580937543298e+03 3.477971218873555925e-02 1.409468142265410916e-04 3.463876537450902987e-02
1.759029408271504963e+03 3.081206037641181020e-02 1.247900979120469627e-04 3.068727027849976752e-02
1.763101235605466627e+03 2.738950049561532721e-02 1.108887522512473362e-04 2.727861174336408331e-02
1.767173062939428974e+03 2.444897381477453488e-02 9.897061225046088339e-05 2.435000320252407938e-02
1.771244890273390411e+03 2.192738174917037777e-02 8.876661320142471986e-05 2.183861513596895704e-02
1.775316717607352302e+03 1.976419232883345339e-02 8.002132924897873312e-05 1.968417099958447852e-02
1.779388544941314194e+03 1.790342794234015683e-02 7.250084084825669122e-05 1.783092710149190505e-02
1.783460372275275859e+03 1.629502096751728191e-02 6.599791212616509665e-05 1.622902305539111398e-02
1.787532199609237750e+03 1.489556677106271786e-02 6.033463366334917727e-05 1.483523213739936994e-02
1.791604026943199642e+03 1.366853879655104478e-02 5.536282811008702342e-05 1.361317596844096103e-02
1.795675854277161079e+03 1.258405630580514654e-02 5.096261871550648588e-05 1.253309368708964769e-02
1.799747681611123426e+03 1.161831096051358161e-02 4.703962126517890411e-05 1.157127133924840991e-02
1.803819508945085090e+03 1.075276390616570869e-02 4.352123858859020827e-05 1.070924266757712975e-02
1.807891336279046754e+03 9.973221239367363600e-03 4.035251737853556500e-05 9.932868721988835983e-03
1.811963163613008419e+03 9.268884249177320941e-03 3.749197580363876272e-05 9.231392273373682789e-03
1.816034990946970311e+03 8.631453625840158211e-03 3.490773537867369587e-05 8.596545890461491576e-03
1.820106818280932202e+03 8.054346162606494663e-03 3.257420088342148667e-05 8.021771961723071429e-03
1.824178645614894094e+03 7.532060587183829481e-03 3.046943705856575320e-05 7.501591150125265679e-03
1.828250472948855986e+03 7.059708109879844415e-03 2.857329901002940908e-05 7.031134810869815385e-03
1.832322300282817650e+03 6.632704776222122720e-03 2.686629209129770239e-05 6.605838484130830204e-03
1.836394127616779542e+03 6.246608009305583062e-03 2.532907209040420715e-05 6.221278937215185025e-03
1.840465954950741434e+03 5.897069545832892348e-03 2.394245131589374723e-05 5.873127094517003287e-03
1.844537782284703326e+03 5.579871509711994970e-03 2.268775195611138617e-05 5.557183757755893017e-03
1.848609609618665218e+03 5.291011351260641211e-03 2.154734409657462060e-05 5.269464007164078104e-03
1.852681436952626882e+03 5.026804143079766085e-03 2.050521943941012202e-05 5.006298923640363149e-03
1.856753264286588546e+03 4.783976327447963389e-03 1.954747912081084357e-05 4.764428848327157892e-03
1.860825091620550211e+03 4.559732373322840024e-03 1.866265025416856657e-05 4.541069723068678725e-03
1.864896918954512557e+03 4.351783827324702363e-03 1.784178582186374419e-05 4.333942041502841444e-03
1.868968746288473994e+03 4.158337935316301637e-03 1.707834141537603056e-05 4.141259593900928869e-03
1.873040573622435886e+03 3.978049561751349425e-03 1.636785590164973318e-05 3.961681705849704957e-03
1.877112400956397778e+03 3.809944984119870669e-03 1.570748825461431818e-05 3.794237495865265299e-03
1.881184228290359442e+03 3.653329005563074605e-03 1.509547769845022589e-05 3.638233527864635081e-03
1.885256055624321334e+03 3.507687694017527693e-03 1.453059848028476977e-05 3.493157095537255397e-03
1.889327882958283226e+03 3.372598138039624958e-03 1.401167481687386880e-05 3.358586463222758972e-03
1.893399710292245118e+03 3.247654301535434634e-03 1.353720770213894638e-05 3.234117093833306037e-03
1.897471537626207009e+03 3.132414863702488034e-03 1.310514594029234781e-05 3.119309717762205371e-03
1.901543364960168674e+03 3.026375383725854896e-03 1.271281199533997791e-05 3.013662571730520850e-03
1.905615192294130566e+03 2.928963737092196880e-03 1.235697204391517922e-05 2.916606765048290750e-03
1.909687019628092003e+03 2.839554948821294746e-03 1.203402165951148360e-05 2.827520927161790518e-03
1.913758846962053894e+03 2.757499588876475421e-03 1.174024588010102672e-05 2.745759342996380824e-03
1.917830674296016241e+03 2.682158941110750119e-03 1.147210622305002074e-05 2.670686834887709554e-03
1.921902501629977678e+03 2.612940208530005123e-03 1.122650780072312423e-05 2.601713700729290420e-03
1.925974328963939570e+03 2.549325945986241019e-03 1.100100646237131313e-05 2.538324939523876455e-03
1.930046156297901234e+03 2.490893491763263023e-03 1.079392750071715095e-05 2.480099564262560220e-03
1.934117983631863126e+03 2.437322119912958482e-03 1.060438204413966487e-05 2.426717737868823877e-03
1.938189810965825018e+03 2.388387658558233616e-03 1.043218267961272690e-05 2.377955475878628343e-03
1.942261638299786910e+03 2.343946142731735249e-03 1.027767401888428658e-05 2.333668468712857703e-03
1.946333465633748801e+03 2.303909476772313721e-03 1.014150502836304874e-05 2.293767971743952607e-03
1.950405292967710466e+03 2.268216931593003242e-03 1.002437670046482699e-05 2.258192554892544685e-03
1.954477120301672358e+03 2.236806544141941612e-03 9.926800407753847330e-06 2.226879743734197677e-03
1.958548947635633795e+03 2.209590152662308567e-03 9.848899105092652153e-06 2.199741253557219341e-03
1.962620774969596141e+03 2.186434996195146460e-03 9.790276134943235695e-06 2.176644720060208222e-03
1.966692602303558033e+03 2.167153685358613833e-03 9.749965978522122831e-06 2.157403719380094134e-03
1.970764429637519470e+03 2.151503094655281799e-03 9.726469448692394475e-06 2.141776625206600650e-03
1.974836256971481362e+03 2.139191514889910578e-03 9.717864219632909442e-06 2.129473650670283061e-03
1.978908084305443026e+03 2.129892394310657459e-03 9.721971797357834491e-06 2.120170422513307108e-03
1.982979911639404918e+03 2.123262303348708892e-03 9.736555298301830376e-06 2.113525748050406987e-03
1.987051738973366810e+03 2.118960441811446396e-03 9.759519492585333106e-06 2.109200922318859618e-03
1.991123566307328701e+03 2.116667074476825776e-03 9.789085701829592241e-06 2.106877988775004203e-03
1.995195393641290593e+03 2.116098685118708144e-03 9.823918975864244643e-06 2.106274766142853579e-03
1.999267220975252258e+03 2.117018293350158425e-03 9.863192675672244808e-06 2.107155100674498998e-03
2.003339048309214149e+03 2.119240171287461744e-03 9.906584972372239913e-06 2.109333586315090790e-03
2.007410875643175586e+03 2.122629007877717584e-03 9.954211464134680355e-06 2.112674796413590173e-03
2.011482702977137478e+03 2.127094286567344887e-03 1.000650675962965834e-05 2.117087779807728075e-03
2.015554530311099825e+03 2.132581178589692227e-03 1.006407432171031955e-05 2.122517104267991790e-03
2.019626357645061262e+03 2.139059554176745304e-03 1.012752730373111190e-05 2.128932026873023384e-03
2.023698184979023154e+03 2.146512759648451941e-03 1.019734318732186896e-05 2.136315416461140489e-03
2.027770012312984818e+03 2.154927618507076776e-03 1.027375187107104680e-05 2.144653866636012790e-03
2.031841839646946710e+03 2.164286739264558064e-03 1.035667103900706591e-05 2.153930068225563734e-03
2.035913666980908602e+03 2.174563723166911787e-03 1.044569508317837990e-05 2.164118028083742394e-03
2.039985494314870493e+03 2.185721342514686596e-03 1.054013570547259814e-05 2.175181206809223382e-03
2.044057321648832385e+03 2.197712283914027807e-03 1.063910476481152558e-05 2.187073179149214876e-03
2.048129148982794050e+03 2.210481686403768711e-03 1.074162403024562338e-05 2.199740062373527292e-03
2.052200976316755714e+03 2.223970496486041108e-03 1.084674304376327856e-05 2.213123753442283390e-03
2.056272803650717833e+03 2.238118629074753972e-03 1.095364571233811634e-05 2.227164983362424702e-03
2.060344630984679497e+03 2.252867056916045205e-03 1.106172853918398888e-05 2.241805328376869459e-03
2.064416458318641162e+03 2.268158219040924441e-03 1.117063816116594146e-05 2.256987580879768127e-03
2.068488285652603281e+03 2.283934491641533091e-03 1.128026233257154264e-05 2.272654229308970937e-03
2.072560112986564945e+03 2.300134843442859078e-03 1.139067570740857240e-05 2.288744167735462347e-03
2.076631940320526610e+03 2.316690142885024280e-03 1.150204866219502412e-05 2.305188094222838414e-03
2.080703767654488729e+03 2.333517845146566242e-03 1.161453297718346566e-05 2.321903312169392060e-03
2.084775594988450393e+03 2.350516927185863220e-03 1.172814167302095419e-05 2.338788785512848842e-03
2.088847422322412058e+03 2.367563941906624357e-03 1.184264121435937800e-05 2.355721300692275189e-03
2.092919249656374177e+03 2.384510932373403586e-03 1.195747254979123266e-05 2.372553459823622223e-03
2.096991076990335841e+03 2.401185706957692165e-03 1.207171334798442360e-05 2.389113993609719676e-03
2.101062904324297506e+03 2.417394664525843433e-03 1.218408793537426057e-05 2.405210576590476827e-03
2.105134731658259625e+03 2.432928022206366954e-03 1.229302470218077876e-05 2.420634997504193895e-03
2.109206558992221289e+03 2.447566985547573650e-03 1.239675409392925768e-05 2.435170231453648738e-03
2.113278386326182954e+03 2.461092155416506281e-03 1.249343469009411801e-05 2.448598720726419264e-03
2.117350213660145073e+03 2.473292320085905029e-03 1.258129107334877709e-05 2.460711029012562726e-03
2.121422040994106737e+03 2.483972751688315848e-03 1.265874572536146134e-05 2.471314005962957187e-03
2.125493868328068402e+03 2.492962213690503269e-03 1.272452822274502645e-05 2.480237685467757362e-03
2.129565695662030521e+03 2.500118074063982770e-03 1.277774836630126079e-05 2.487340325697689515e-03
2.133637522995992185e+03 2.505329177832739136e-03 1.281792504846840746e-05 2.492511252784274621e-03
2.137709350329953850e+03 2.508516424390398823e-03 1.284496888931026304e-05 2.495671455501096564e-03
2.141781177663915969e+03 2.509631278098220682e-03 1.285912305429124744e-05 2.496772155043933822e-03
2.145853004997877633e+03 2.508652676749587463e-03 1.286087230297802795e-05 2.495791804446615032e-03
2.149924832331839298e+03 2.505582961163090212e-03 1.285083442198072533e-05 2.492732126741117275e-03
2.153996659665801417e+03 2.500443512093589952e-03 1.282965021274377326e-05 2.487613861880853643e-03
2.158068486999763081e+03 2.493270743582231934e-03 1.279788788457314865e-05 2.480472855697666863e-03
2.162140314333724746e+03 2.484112974713345318e-03 1.275597513088833991e-05 2.471356999582462015e-03
2.166212141667686865e+03 2.473028506667058514e-03 1.270416774591201525e-05 2.460324338921148803e-03
2.170283969001648529e+03 2.460084999822648687e-03 1.264255803076185478e-05 2.447442441791894494e-03
2.174355796335610194e+03 2.445360011437133947e-03 1.257112026232250084e-05 2.432788891174821402e-03
2.178427623669572313e+03 2.428942352124286667e-03 1.248978501619980417e-05 2.416452567108092180e-03
2.182499451003533977e+03 2.410933777354691554e-03 1.239852992521039789e-05 2.398535247429478632e-03
2.186571278337495642e+03 2.391450467419560348e-03 1.229747210420483123e-05 2.379152995315355571e-03
2.190643105671457761e+03 2.370623772882710610e-03 1.218694729502999374e-05 2.358436825587686102e-03
2.194714933005419425e+03 2.348599807184807535e-03 1.206756278251443633e-05 2.336532244402300586e-03
2.198786760339381090e+03 2.325537637111751293e-03 1.194021499430812561e-05 2.313597422117447903e-03
2.202858587673343209e+03 2.301606029920268831e-03 1.180606785238412371e-05 2.289799962067884907e-03
2.206930415007304873e+03 2.276978932681597567e-03 1.166649364245445143e-05 2.265312439039143377e-03
2.211002242341266538e+03 2.251830053866714278e-03 1.152298359045004684e-05 2.240307070276262216e-03
2.215074069675228657e+03 2.226327062015343548e-03 1.137703971092815407e-05 2.214950022304418981e-03
2.219145897009190321e+03 2.200625991505293557e-03 1.123006220595124539e-05 2.189395929299342569e-03
2.223217724343151986e+03 2.174866440890591522e-03 1.108324737138377880e-05 2.163783193519205721e-03
2.227289551677114105e+03 2.149168066022745776e-03 1.093750952983660093e-05 2.138230556492913027e-03
2.231361379011075769e+03 2.123628719947029311e-03 1.079343717507532382e-05 2.112835282771956431e-03
2.235433206345037433e+03 2.098324395030137877e-03 1.065128876733901350e-05 2.087673106262800601e-03
2.239505033678999553e+03 2.073310906524687865e-03 1.051102814291848827e-05 2.062799878381776746e-03
2.243576861012961217e+03 2.048627049655324904e-03 1.037239407148873482e-05 2.038254655583842181e-03
2.247648688346922881e+03 2.024298791501356540e-03 1.023499387349418566e-05 2.014063797627868666e-03
2.251720515680885001e+03 2.000343946377589922e-03 1.009840783865533288e-05 1.990245538538931193e-03
2.255792343014846665e+03 1.976776742940191105e-03 9.962289895619935555e-06 1.966814453044572232e-03
2.259864170348808329e+03 1.953611727002558043e-03 9.826450733714821024e-06 1.943785276268841745e-03
2.263935997682770449e+03 1.930866550104629433e-03 9.690912243641676887e-06 1.921175637860992550e-03
2.268007825016732113e+03 1.908563355240518915e-03 9.555926330449227173e-06 1.899007428910062713e-03
2.272079652350694232e+03 1.886728665916228035e-03 9.421956256054844843e-06 1.877306709660177871e-03
2.276151479684655897e+03 1.865391887101497826e-03 9.289623965116102351e-06 1.856102263136381924e-03
2.280223307018617561e+03 1.844582710436357522e-03 9.159631593973661069e-06 1.835423078842382148e-03
2.284295134352579680e+03 1.824327858003935848e-03 9.032668900591677273e-06 1.815295189103340381e-03
2.288366961686541345e+03 1.804647681733332482e-03 8.909320204141056820e-06 1.795738361529190114e-03
2.292438789020503009e+03 1.785553149678406008e-03 8.789984348342447045e-06 1.776763165330064956e-03
2.296510616354465128e+03 1.767043695631137154e-03 8.674819237892107538e-06 1.758368876393241352e-03
2.300582443688426793e+03 1.749106293153563545e-03 8.563718940546294266e-06 1.740542574213008826e-03
2.304654271022388457e+03 1.731715954996715812e-03 8.456326716084128759e-06 1.723259628280624563e-03
2.308726098356350576e+03 1.714837675101778171e-03 8.352082287113753831e-06 1.706485592814662149e-03
2.312797925690312240e+03 1.698429646446372775e-03 8.250296914254835840e-06 1.690179349532117429e-03
2.316869753024273905e+03 1.682447426777896552e-03 8.150246036747312646e-06 1.674297180741147681e-03
2.320941580358236024e+03 1.666848605159485745e-03 8.051266903764804053e-06 1.658797338255722092e-03
2.325013407692197688e+03 1.651597458848487725e-03 7.952848054007326354e-06 1.643644610794481710e-03
2.329085235026159353e+03 1.636669088646919550e-03 7.854698752761984140e-06 1.628814389894154852e-03
2.333157062360121472e+03 1.622052580024028936e-03 7.756789363403583732e-06 1.614295790660624178e-03
2.337228889694083136e+03 1.607752848192696470e-03 7.659357689467164113e-06 1.600093490503224757e-03
2.341300717028044801e+03 1.593790973158713212e-03 7.562880990875117927e-06 1.586228092167837455e-03
2.345372544362006920e+03 1.580202996897771533e-03 7.468017996369925508e-06 1.572734978901400805e-03
2.349444371695968584e+03 1.567037319157982235e-03 7.375529165998804911e-06 1.559661789991980633e-03
2.353516199029930249e+03 1.554350971931488332e-03 7.286186172909061205e-06 1.547064785758585055e-03
2.357588026363892368e+03 1.542205159732758322e-03 7.200682723920476262e-06 1.535004477008836046e-03
2.361659853697854032e+03 1.530660512896749037e-03 7.119558299941829504e-06 1.523540954596804041e-03
2.365731681031815697e+03 1.519772509705712062e-03 7.043144286006803672e-06 1.512729365419703377e-03
2.369803508365777816e+03 1.509587482116753806e-03 6.971538609362878079e-06 1.502615943507388651e-03
2.373875335699739480e+03 1.500139536771011479e-03 6.904610912019124857e-06 1.493234925858987535e-03
2.377947163033701145e+03 1.491448609862107248e-03 6.842036042623733010e-06 1.484606573819484843e-03
2.382018990367663264e+03 1.483519746106885025e-03 6.783349859923622137e-06 1.476736396246957749e-03
2.386090817701624928e+03 1.476343564040298161e-03 6.728018516237780399e-06 1.469615545524054602e-03
2.390162645035586593e+03 1.469897756537468262e-03 6.675510904761322142e-06 1.463222245632706800e-03
2.394234472369548712e+03 1.464149388410982506e-03 6.625363979889973293e-06 1.457524024431082563e-03
2.398306299703510376e+03 1.459057699690801541e-03 6.577232147049699804e-06 1.452480467543744306e-03
2.402378127037472041e+03 1.454577106694840546e-03 6.530914612030215864e-06 1.448046192082809002e-03
2.406449954371434160e+03 1.450660111554380200e-03 6.486358057826831272e-06 1.444173753496545091e-03
2.410521781705395824e+03 1.447259878763350934e-03 6.443635755319199093e-06 1.440816243008024656e-03
2.414593609039357489e+03 1.444332305890881846e-03 6.402907664069320318e-06 1.437929398226816440e-03
2.418665436373319608e+03 1.441837494508513631e-03 6.364368747024668803e-06 1.435473125761484604e-03
2.422737263707281272e+03 1.439740606106969635e-03 6.328194238899392597e-06 1.433412411868055514e-03
2.426809091041242937e+03 1.438012156913088656e-03 6.294490779133429022e-06 1.431717666133942813e-03
2.430880918375205056e+03 1.436627857871447490e-03 6.263261153381796537e-06 1.430364596718058587e-03
2.434952745709166720e+03 1.435568137334984010e-03 6.234388084957938731e-06 1.429333749250015842e-03
2.439024573043128385e+03 1.434817493082837488e-03 6.207639444112908658e-06 1.428609853638713274e-03
2.443096400377090504e+03 1.434363809000205933e-03 6.182693869899235378e-06 1.428181115130305835e-03
2.447168227711052168e+03 1.434197744392558347e-03 6.159182633611281909e-06 1.428038561758934689e-03
2.451240055045013833e+03 1.434312266351409765e-03 6.136741083017109321e-06 1.428175525268392861e-03
2.455311882378975952e+03 1.434702354386369148e-03 6.115061554564047066e-06 1.428587292831794879e-03
2.459383709712937616e+03 1.435364867934167633e-03 6.093939430430996935e-06 1.429270928503726442e-03
2.463455537046899281e+03 1.436298536498078300e-03 6.073305066839448933e-06 1.430225231431236184e-03
2.467527364380861400e+03 1.437504012509339957e-03 6.053236461484642539e-06 1.431450776047847638e-03
2.471599191714823064e+03 1.438983920013861550e-03 6.033950434271772786e-06 1.432949969579584790e-03
2.475671019048784729e+03 1.440742837475269319e-03 6.015773329639596472e-06 1.434727064145613308e-03
2.479742846382746848e+03 1.442787168167995000e-03 5.999095329438099180e-06 1.436788072838549035e-03
2.483814673716708512e+03 1.445124873440010961e-03 5.984314937021532324e-06 1.439140558502984089e-03
2.487886501050670176e+03 1.447765068588601541e-03 5.971781693440921012e-06 1.441793286895150890e-03
2.491958328384632296e+03 1.450717504298341173e-03 5.961745497143269060e-06 1.444755758801189675e-03
2.496030155718593960e+03 1.453991975216730684e-03 5.954319976946258982e-06 1.448037655239767935e-03
2.500101983052555624e+03 1.457597708973818601e-03 5.949465351919594607e-06 1.451648243621888766e-03
2.504173810386517744e+03 1.461542792714897333e-03 5.946993398080435057e-06 1.455595799316796845e-03
2.508245637720479408e+03 1.465833690171820239e-03 5.946593942089889888e-06 1.459887096229725133e-03
2.512317465054441072e+03 1.470474891709469762e-03 5.947879182614616766e-06 1.464527012526858213e-03
2.516389292388403192e+03 1.475468724675426183e-03 5.950439553168546465e-06 1.469518285122251716e-03
2.520461119722364856e+03 1.480815334175738423e-03 5.953903159613071431e-06 1.474861431016116949e-03
2.524532947056326520e+03 1.486512827502080910e-03 5.957990292159705842e-06 1.480554837209904296e-03
2.528604774390288640e+03 1.492557560889220310e-03 5.962555199938842106e-06 1.486595005689284391e-03
2.532676601724250304e+03 1.498944536512603109e-03 5.967609124064681028e-06 1.492976927388528626e-03
2.536748429058211968e+03 1.505667871327304825e-03 5.973321249916162217e-06 1.499694550077374910e-03
2.540820256392174088e+03 1.512721297457333145e-03 5.979997376465021230e-06 1.506741300080859710e-03
2.544892083726135752e+03 1.520098655715076963e-03 5.988039259333013858e-06 1.514110616455738821e-03
2.548963911060097416e+03 1.527794348427237220e-03 5.997890313585253716e-06 1.521796458113656124e-03
2.553035738394059535e+03 1.535803723882488972e-03 6.009975274472631616e-06 1.529793748608002839e-03
2.557107565728021200e+03 1.544123371319957748e-03 6.024642241193542062e-06 1.538098729078759067e-03
2.561179393061982864e+03 1.552751311663127382e-03 6.042115158417208898e-06 1.546709196504706882e-03
2.565251220395944983e+03 1.561687074786513325e-03 6.062463282783419481e-06 1.555624611503719865e-03
2.569323047729906648e+03 1.570931659018302189e-03 6.085591758576172753e-06 1.564846067259717272e-03
2.573394875063868312e+03 1.580487373196627241e-03 6.111254438943952514e-06 1.574376118757679632e-03
2.577466702397830431e+03 1.590357566459814093e-03 6.139086965038307335e-06 1.584218479494764508e-03
2.581538529731792096e+03 1.600546256603121997e-03 6.168655299926788368e-06 1.594377601303179461e-03
2.585610357065753760e+03 1.611057674610976830e-03 6.199512804343941928e-06 1.604858161806630183e-03
2.589682184399715879e+03 1.621895750854346081e-03 6.231257830599274623e-06 1.615664493023736799e-03
2.593754011733677544e+03 1.633063576962691735e-03 6.263583847930547862e-06 1.626799993114752497e-03
2.597825839067639208e+03 1.644562885635462990e-03 6.296315281029460676e-06 1.638266570354429252e-03
2.601897666401601327e+03 1.656393597397254423e-03 6.329424366116565706e-06 1.650064173031137726e-03
2.605969493735562992e+03 1.668553487105589508e-03 6.363027094229910287e-06 1.662190460011356936e-03
2.610041321069524656e+03 1.681038022528263910e-03 6.397359318858941344e-06 1.674640663209396498e-03
2.614113148403486775e+03 1.693840421462200051e-03 6.432736923499802429e-06 1.687407684538697137e-03
2.618184975737448440e+03 1.706951962142540507e-03 6.469506173738959068e-06 1.700482455968793660e-03
2.622256803071410104e+03 1.720362564257882408e-03 6.507991705471225679e-06 1.713854572552408594e-03
2.626328630405372223e+03 1.734061635687628904e-03 6.548449844653761020e-06 1.727513185842971186e-03
2.630400457739333888e+03 1.748039154793375226e-03 6.591034089605717888e-06 1.741448120703760396e-03
2.634472285073295552e+03 1.762286932021777091e-03 6.635777747561878372e-06 1.755651154274214063e-03
2.638544112407257671e+03 1.776799970379088194e-03 6.682596174146961985e-06 1.770117374204945330e-03
2.642615939741219336e+03 1.791577824774062775e-03 6.731308186846767911e-06 1.784846516587218403e-03
2.646687767075181000e+03 1.806625847811231447e-03 6.781673425159379692e-06 1.799844174386069267e-03
2.650759594409143119e+03 1.821956206319589027e-03 6.833440109975516194e-06 1.815122766209614378e-03
2.654831421743104784e+03 1.837588559883608684e-03 6.886396140534946004e-06 1.830702163743069474e-03
2.658903249077066448e+03 1.853550310089845110e-03 6.940415969554462137e-06 1.846609894120291402e-03
2.662975076411028567e+03 1.869876356249967810e-03 6.995496280167502710e-06 1.862880859969812076e-03
2.667046903744990232e+03 1.886608328153215443e-03 7.051775062863040533e-06 1.879556553090358561e-03
2.671118731078951896e+03 1.903793306239783944e-03 7.109531027519998049e-06 1.896683775212255636e-03
2.675190558412914015e+03 1.921482081181205819e-03 7.169163050113152922e-06 1.914312918131087045e-03
2.679262385746875680e+03 1.939727044627133617e-03 7.231152153516838200e-06 1.932495892473618231e-03
2.683334213080837344e+03 1.958579837304611285e-03 7.296010963476362186e-06 1.951283826341145737e-03
2.687406040414799463e+03 1.978088906584626622e-03 7.364227325152975485e-06 1.970724679259482082e-03
2.691477867748761128e+03 1.998297140574397182e-03 7.436209574929284350e-06 1.990860930999464699e-03
2.695549695082722792e+03 2.019239748148647130e-03 7.512240732658175724e-06 2.011727507415995552e-03
2.699621522416684911e+03 2.040942543515714656e-03 7.592447654093924733e-06 2.033350095861620899e-03
2.703693349750646576e+03 2.063420770411376892e-03 7.676789143686170409e-06 2.055743981267695638e-03
2.707765177084608240e+03 2.086678566340138645e-03 7.765064467118786579e-06 2.078913501873023116e-03
2.711837004418570359e+03 2.110709123862995924e-03 7.856940982313150528e-06 2.102852182880684661e-03
2.715908831752532024e+03 2.135495556910008835e-03 7.951997104910176639e-06 2.127543559805098513e-03
2.719980659086493688e+03 2.161012429113058804e-03 8.049774880385004351e-06 2.152962654232678900e-03
2.724052486420455807e+03 2.187227852074000254e-03 8.149835306503217455e-06 2.179078016767498072e-03
2.728124313754417472e+03 2.214106018122438853e-03 8.251809374577987163e-06 2.205854208747862026e-03
2.732196141088379136e+03 2.241609997968389226e-03 8.355438577614845275e-06 2.233254559390772907e-03
2.736267968422341255e+03 2.269704611630898698e-03 8.460600236130742447e-06 2.261244011394764834e-03
2.740339795756302919e+03 2.298359173226498936e-03 8.567315174248845891e-06 2.289791858052252736e-03
2.744411623090264584e+03 2.327549917738380887e-03 8.675737720536689642e-06 2.318874180017839459e-03
2.748483450424226703e+03 2.357261940736572227e-03 8.786130362632140964e-06 2.348475810373947242e-03
2.752555277758188367e+03 2.387490518967030732e-03 8.898827326636322125e-06 2.378591691640390571e-03
2.756627105092150032e+03 2.418241728379568693e-03 9.014192623842522548e-06 2.409227535755723102e-03
2.760698932426112151e+03 2.449532333054107221e-03 9.132578553917034339e-06 2.440399754500201680e-03
2.764770759760073815e+03 2.481388979263185902e-03 9.254290243167249971e-06 2.472134689020019822e-03
2.768842587094035935e+03 2.513846788640449088e-03 9.379560620927151075e-06 2.504467228019532313e-03
2.772914414427997599e+03 2.546947497950352319e-03 9.508538496146966555e-06 2.537438959454208290e-03
2.776986241761959263e+03 2.580737335321036177e-03 9.641290365316459990e-06 2.571096044955724184e-03
2.781058069095921383e+03 2.615264849718699873e-03 9.777814570905513715e-06 2.605487035147793611e-03
2.785129896429883047e+03 2.650578918714489689e-03 9.918064732813068970e-06 2.640660853981682214e-03
2.789201723763844711e+03 2.686727147516065634e-03 1.006197823382211461e-05 2.676665169282245720e-03
2.793273551097806831e+03 2.723754839850884256e-03 1.020950510328832898e-05 2.713545334747603701e-03
2.797345378431768495e+03 2.761704670529636831e-03 1.036063294952625770e-05 2.751344037580112385e-03
2.801417205765730159e+03 2.800617124154913817e-03 1.051540456494249883e-05 2.790101719589977575e-03
2.805489033099692278e+03 2.840531689839420702e-03 1.067392629204076735e-05 2.829857763547380996e-03
2.809560860433653943e+03 2.881488724511286660e-03 1.083636694451658556e-05 2.870652357566772644e-03
2.813632687767615607e+03 2.923531824571087238e-03 1.100294874393304282e-05 2.912528875827155757e-03
2.817704515101577726e+03 2.966710484429585862e-03 1.117393308794529822e-05 2.955536551341650213e-03
2.821776342435539391e+03 3.011082777133995171e-03 1.134960479205621943e-05 2.999733172341943321e-03
2.825848169769501055e+03 3.056717771792641977e-03 1.153025861068235106e-05 3.045187513181959581e-03
2.829919997103463174e+03 3.103697407763776183e-03 1.171619131824585365e-05 3.091981216445542201e-03
2.833991824437424839e+03 3.152117577172808965e-03 1.190770150107272348e-05 3.140209875671745761e-03
2.838063651771386503e+03 3.202088223376112815e-03 1.210509765770207831e-05 3.189983125718419583e-03
2.842135479105348622e+03 3.253732339259038462e-03 1.230871348088435849e-05 3.241423625778159547e-03
2.846207306439310287e+03 3.307183839513998247e-03 1.251892758347220849e-05 3.294664911930529020e-03
2.850279133773271951e+03 3.362584377665919864e-03 1.273618370535491845e-05 3.349848193960564512e-03
2.854350961107234070e+03 3.420079273295716267e-03 1.296100681934796658e-05 3.407118266476365058e-03
2.858422788441195735e+03 3.479812799485905526e-03 1.319401067197565032e-05 3.466618788813934180e-03
2.862494615775157399e+03 3.541923147704809094e-03 1.343589317223090095e-05 3.528487254532582801e-03
2.866566443109119518e+03 3.606537431454311018e-03 1.368741758353204126e-05 3.592850013870781990e-03
2.870638270443081183e+03 3.673767107380265795e-03 1.394937948274968738e-05 3.659817727897518407e-03
2.874710097777042847e+03 3.743704181835218366e-03 1.422256164876501623e-05 3.729481620186452743e-03
2.878781925111004966e+03 3.816418533048413810e-03 1.450768111582916333e-05 3.801910851932580829e-03
2.882853752444966631e+03 3.891956617130561732e-03 1.480533426369600171e-05 3.877151282866867638e-03
2.886925579778928295e+03 3.970341744807742018e-03 1.511594675738169049e-05 3.955225798050366823e-03
2.890997407112890414e+03 4.051576020842646494e-03 1.543973522345734372e-05 4.036136285619188954e-03
2.895069234446852079e+03 4.135643935899079200e-03 1.577668670139660879e-05 4.119867249197684336e-03
2.899141061780813743e+03 4.222517497469697664e-03 1.612656020795193466e-05 4.206390937261742999e-03
2.903212889114775862e+03 4.312162688312155129e-03 1.648891238888225877e-05 4.295673775923279473e-03
2.907284716448737527e+03 4.404546952804381035e-03 1.686314649041888684e-05 4.387683806313964242e-03
2.911356543782699191e+03 4.499647338076321994e-03 1.724858110549927921e-05 4.482398756970826584e-03
2.915428371116661310e+03 4.597458861238802943e-03 1.764453269317401457e-05 4.579814328545632300e-03
2.919500198450622975e+03 4.698002639354407692e-03 1.805040405500733276e-05 4.679952235299405204e-03
2.923572025784584639e+03 4.801333307288647295e-03 1.846577002337394522e-05 4.782867537265283152e-03
2.927643853118546758e+03 4.907545262109286668e-03 1.889045170600437128e-05 4.888654810403282765e-03
2.931715680452508423e+03 5.016777312682458093e-03 1.932457174269725360e-05 4.997452740939764722e-03
2.935787507786470087e+03 5.129215380340504220e-03 1.976858503756053905e-05 5.109446795302945155e-03
2.939859335120432206e+03 5.245092990803566606e-03 2.022328209363517660e-05 5.224869708709931060e-03
2.943931162454393871e+03 5.364689417346137426e-03 2.068976507382150033e-05 5.343999652272321543e-03
2.948002989788355535e+03 5.488325476993516361e-03 2.116939967991990438e-05 5.467156077313605964e-03
2.952074817122317654e+03 5.616357139402003602e-03 2.166374852371051552e-05 5.594693390878298887e-03
2.956146644456279319e+03 5.749167273435380580e-03 2.217449355554210666e-05 5.726992779879837986e-03
2.960218471790240983e+03 5.887156018067718488e-03 2.270335610185046350e-05 5.864452661965874510e-03
2.964290299124203102e+03 6.030730408672868754e-03 2.325202304396011539e-05 6.007478385628916076e-03
2.968362126458164767e+03 6.180294002233082014e-03 2.382208667250350782e-05 6.156471915560580641e-03
2.972433953792126431e+03 6.336237310741586748e-03 2.441500392043443457e-05 6.311822306821164748e-03
2.976505781126088550e+03 6.498929858000182698e-03 2.503207825618622645e-05 6.473897779743999562e-03
2.980577608460050214e+03 6.668714611581932732e-03 2.567446481454228917e-05 6.643040146767397944e-03
2.984649435794011879e+03 6.845905404780141049e-03 2.634319668717029935e-05 6.819562208092972040e-03
2.988721263127973998e+03 7.030787755640437522e-03 2.703922799965004342e-05 7.003748527640791047e-03
2.992793090461935662e+03 7.223623222282519844e-03 2.776348772207745476e-05 7.195859734560444351e-03
2.996864917795897327e+03 7.424657124290285834e-03 2.851693726468149153e-05 7.396140187025610976e-03
3.000936745129859446e+03 7.634129134828483362e-03 2.930062486369785729e-05 7.604828509964789256e-03
3.005008572463821110e+03 7.852285938560531892e-03 3.011573052587752106e-05 7.822170208034651823e-03
3.009080399797782775e+03 8.079394890237519278e-03 3.096359673734303290e-05 8.048431293500179010e-03
3.013152227131744894e+03 8.315757430943464951e-03 3.184574204718000005e-05 8.283911688896292147e-03
3.017224054465706558e+03 8.561720951541760410e-03 3.276385675955717763e-05 8.528957094782203124e-03
3.021295881799668223e+03 8.817687855299408822e-03 3.371978205399476510e-05 8.783968073245421518e-03
3.025367709133630342e+03 9.084120771333364583e-03 3.471547566976785872e-05 9.049405295663597720e-03
3.029439536467592006e+03 9.361543200368235840e-03 3.575296865609791822e-05 9.325790231712139527e-03
3.033511363801553671e+03 9.650535311890882928e-03 3.683431849192915291e-05 9.613700993398957909e-03
3.037583191135515790e+03 9.951725120098496927e-03 3.796156407957552742e-05 9.913763556018920925e-03
3.041655018469477454e+03 1.026577579599132102e-02 3.913668774832508622e-05 1.022663910824299707e-02
3.045726845803439119e+03 1.059337036772829178e-02 4.036158855799592085e-05 1.055300877917030034e-02
3.049798673137401238e+03 1.093519546201285678e-02 4.163806999780571874e-05 1.089355739201505399e-02
3.053870500471362902e+03 1.129192599128747872e-02 4.296784377868629560e-05 1.124895814750879672e-02
3.057942327805324567e+03 1.166421275145950766e-02 4.435254995864737319e-05 1.161986020150085862e-02
3.062014155139286686e+03 1.205267473648463129e-02 4.579379224121830699e-05 1.200688094424341712e-02
3.066085982473248350e+03 1.245789759497357117e-02 4.729318603484876317e-05 1.241060440893872359e-02
3.070157809807210015e+03 1.288043907011186297e-02 4.885241581098237907e-05 1.283158665430087983e-02
3.074229637141172134e+03 1.332084152218776518e-02 5.047329747483173722e-05 1.327036822471294210e-02
3.078301464475133798e+03 1.377965079932931894e-02 5.215784087023773335e-05 1.372749295845908726e-02
3.082373291809095463e+03 1.425743987946548677e-02 5.390830717518489169e-05 1.420353157229030036e-02
3.086445119143057582e+03 1.475483494648377990e-02 5.572725580888435306e-05 1.469910769067490040e-02
3.090516946477019246e+03 1.527254097675239362e-02 5.761757557907596532e-05 1.521492340117332545e-02
3.094588773810980911e+03 1.581136357851490107e-02 5.958249517974238414e-05 1.575178108333515417e-02
3.098660601144943030e+03 1.637222380564542362e-02 6.162556884752071705e-05 1.631059823679789980e-02
3.102732428478904694e+03 1.695616298986931184e-02 6.375063404407993895e-05 1.689241235582522940e-02
3.106804255812866359e+03 1.756433529878317218e-02 6.596173948277677128e-05 1.749837355930038488e-02
3.110876083146828478e+03 1.819798669162826441e-02 6.826304366055072699e-05 1.812972364796771804e-02
3.114947910480790142e+03 1.885842013701192338e-02 7.065868624260356837e-05 1.878776145076931775e-02
3.119019737814751807e+03 1.954694827382173067e-02 7.315263707116977782e-05 1.947379563675055714e-02
3.123091565148713926e+03 2.026483601559555398e-02 7.574853006181713226e-05 2.018908748553373614e-02
3.127163392482675590e+03 2.101323678841408166e-02 7.844949158745853201e-05 2.093478729682662562e-02
3.131235219816637255e+03 2.179312702670098065e-02 8.125797487071346342e-05 2.171186905183026747e-02
3.135307047150599374e+03 2.260524412220629026e-02 8.417561313917463150e-05 2.252106850906710964e-02
3.139378874484561038e+03 2.345003315143266362e-02 8.720310460009870904e-05 2.336283004683255976e-02
3.143450701818522703e+03 2.432760735828767146e-02 9.034014147730342974e-05 2.423726721681036811e-02
3.147522529152484822e+03 2.523772654982200242e-02 9.358539333544059968e-05 2.514414115648655468e-02
3.151594356486446486e+03 2.617979632818075858e-02 9.693655172843464879e-05 2.608285977645232595e-02
3.155666183820408150e+03 2.715288952879789039e-02 1.003904390171104995e-04 2.705249908978078072e-02
3.159738011154370270e+03 2.815578949521289551e-02 1.039431793044530439e-04 2.805184631590843664e-02
3.163809838488331934e+03 2.918705304854969304e-02 1.075904242446044988e-04 2.907946262430508716e-02
3.167881665822293598e+03 3.024508936564795220e-02 1.113276214768209603e-04 3.013376174417113293e-02
3.171953493156255718e+03 3.132824961611564707e-02 1.151503091255255858e-04 3.121309930699011151e-02
3.176025320490217382e+03 3.243492125284351546e-02 1.190544166672765031e-04 3.231586683617623801e-02
3.180097147824179046e+03 3.356362039293155769e-02 1.230365508798676884e-04 3.344058384205169515e-02
3.184168975158141166e+03 3.471307580974576645e-02 1.270942458020937803e-04 3.458598156394367129e-02
3.188240802492102830e+03 3.588229867367260378e-02 1.312261577119744956e-04 3.575107251596062324e-02
3.192312629826064494e+03 3.707063327007671660e-02 1.354321899482232206e-04 3.693520108012849495e-02
3.196384457160026614e+03 3.827778538441716644e-02 1.397135376365844718e-04 3.813807184678058571e-02
3.200456284493988278e+03 3.950382673908502812e-02 1.440726485594792054e-04 3.935975409052554913e-02
3.204528111827949942e+03 4.074917563752199906e-02 1.485131029315313734e-04 4.060066253459047175e-02
3.208599939161912062e+03 4.201455565867547037e-02 1.530394210733529935e-04 4.186151623760210605e-02
3.212671766495873726e+03 4.330093570230972300e-02 1.576568132933684114e-04 4.314327888901635377e-02
3.216743593829835390e+03 4.460945579475024403e-02 1.623708901691381953e-04 4.444708490458110922e-02
3.220815421163797510e+03 4.594134374657479064e-02 1.671873534989541318e-04 4.577415639307583217e-02
3.224887248497759174e+03 4.729782797647118925e-02 1.721116883059101447e-04 4.712571628816527441e-02
3.228959075831720838e+03 4.868005159509725122e-02 1.771488744759819615e-04 4.850290272062126457e-02
3.233030903165682957e+03 5.008899223991934713e-02 1.823031331707677407e-04 4.990668910674857933e-02
3.237102730499644622e+03 5.152539126308249007e-02 1.875777185294433518e-04 5.133781354455304452e-02
3.241174557833606286e+03 5.298969481905459883e-02 1.929747599466131243e-04 5.279672005910798077e-02
3.245246385167568405e+03 5.448200830520393001e-02 1.984951550234778357e-04 5.428351315018044299e-02
3.249318212501530070e+03 5.600206459778176576e-02 2.041385087574792631e-04 5.579792608902428563e-02
3.253390039835491734e+03 5.754920569815209774e-02 2.099031111804926816e-04 5.733930258697159804e-02
3.257461867169453853e+03 5.912237682757368745e-02 2.157859438347903747e-04 5.890659088373889629e-02
3.261533694503415518e+03 6.072013171247214736e-02 2.217827053396674087e-04 6.049834900713248198e-02
3.265605521837377637e+03 6.234064777423438397e-02 2.278878477746575722e-04 6.211275992645970412e-02
3.269677349171339301e+03 6.398175012900908509e-02 2.340946183978417894e-04 6.374765551061124802e-02
3.273749176505300966e+03 6.564094363537936738e-02 2.403951048632186585e-04 6.540054853051614769e-02
3.277821003839263085e+03 6.731545260505836237e-02 2.467802860163201576e-04 6.706867231904202475e-02
3.281892831173224749e+03 6.900226811419343798e-02 2.532400939090718789e-04 6.874902802028436122e-02
3.285964658507186869e+03 7.069820303117997640e-02 2.597634953010008289e-04 7.043843953587897166e-02
3.290036485841148533e+03 7.239995484509340051e-02 2.663386021403225988e-04 7.213361624295308583e-02
3.294108313175110197e+03 7.410417610393106591e-02 2.729528200613163505e-04 7.383122328386974853e-02
3.298180140509072316e+03 7.580755175913114763e-02 2.795930417301884961e-04 7.552795871740096423e-02
3.302251967843033981e+03 7.750688200628684521e-02 2.862458880889425222e-04 7.722063611819790507e-02
3.306323795176996100e+03 7.919916838943932835e-02 2.928979955694258064e-04 7.890627039386990949e-02
3.310395622510956855e+03 8.088170010016312861e-02 2.995363417319627007e-04 8.058216375843117729e-02
3.314467449844919429e+03 8.255213666694034835e-02 3.061485961835752828e-04 8.224598807075675366e-02
3.318539277178881548e+03 8.420858270629480447e-02 3.127234787329884668e-04 8.389585922756179204e-02
3.322611104512842758e+03 8.584965018861549779e-02 3.192511031680496207e-04 8.553039908544744774e-02
3.326682931846805332e+03 8.747450382213502185e-02 3.257232832853872661e-04 8.714878053884962672e-02
3.330754759180766087e+03 8.908288570227891612e-02 3.321337781562634650e-04 8.875075192412265612e-02
3.334826586514728206e+03 9.067511629066361822e-02 3.384784561390491333e-04 9.033663783452457186e-02
3.338898413848690780e+03 9.225207001522445216e-02 3.447553616695110462e-04 9.190731465355495011e-02
3.342970241182651989e+03 9.381512521996970833e-02 3.509646749770390468e-04 9.346416054499265269e-02
3.347042068516613654e+03 9.536608971292392933e-02 3.571085620160793696e-04 9.500898115090783413e-02
3.351113895850575318e+03 9.690710462490992327e-02 3.631909193876834406e-04 9.654391370552224683e-02
3.355185723184537437e+03 9.844053056444690419e-02 3.692170261469776213e-04 9.807131353829989795e-02
3.359257550518499102e+03 9.996882101890051942e-02 3.751931204891612481e-04 9.959362789841134933e-02
3.363329377852461221e+03 1.014943885254547123e-01 3.811259238423097347e-04 1.011132626016123803e-01
3.367401205186422885e+03 1.030194692761451786e-01 3.870221375105272659e-04 1.026324471386346610e-01
3.371473032520384550e+03 1.045459915347683316e-01 3.928879375576653683e-04 1.041531035972106667e-01
3.375544859854346669e+03 1.060754525816588884e-01 3.987284921701154212e-04 1.056767240894887633e-01
3.379616687188308333e+03 1.076088079563928268e-01 4.045475225569382599e-04 1.072042604338358796e-01
3.383688514522270452e+03 1.091463756580143968e-01 4.103469239655596797e-04 1.087360287340488341e-01
3.387760341856232117e+03 1.106877568206706408e-01 4.161264581411617874e-04 1.102716303625294741e-01
3.391832169190193781e+03 1.122317733402218576e-01 4.218835231023794594e-04 1.118098898171194511e-01
3.395903996524154991e+03 1.137764220966173134e-01 4.276130009780604877e-04 1.133488090956392691e-01
3.399975823858117565e+03 1.153188448776310826e-01 4.333071802931987362e-04 1.148855376973378917e-01
3.404047651192079684e+03 1.168553129003388757e-01 4.389557458177531383e-04 1.164163571545211440e-01
3.408119478526040439e+03 1.183812249398689953e-01 4.445458270547899627e-04 1.179366791128142050e-01
3.412191305860003013e+03 1.198911184582669431e-01 4.500620956412827505e-04 1.194410563626256694e-01
3.416263133193964222e+03 1.213786936899723112e-01 4.554869022229273453e-04 1.209232067877493710e-01
3.420334960527926341e+03 1.228368512688015335e-01 4.608004444951645587e-04 1.223760508243063594e-01
3.424406787861888915e+03 1.242577445481024556e-01 4.659809597671812106e-04 1.237917635883352824e-01
3.428478615195849670e+03 1.256328481503245498e-01 4.710049372832774317e-04 1.251618432130413017e-01
3.432550442529811789e+03 1.269530443857707636e-01 4.758473473386075825e-04 1.264771970384321320e-01
3.436622269863773454e+03 1.282087289389394480e-01 4.804818857342701044e-04 1.277282470532051795e-01
3.440694097197735573e+03 1.293899366149079966e-01 4.848812331995602971e-04 1.289050553817084332e-01
3.444765924531697237e+03 1.304864869956732509e-01 4.890173300304099125e-04 1.299974696656428508e-01
3.448837751865658902e+03 1.314881486507589459e-01 4.928616663989676206e-04 1.309952869843599710e-01
3.452909579199621021e+03 1.323848191887594117e-01 4.963855886847643589e-04 1.318884336000746837e-01
3.456981406533582685e+03 1.331667170627611196e-01 4.995606218941900292e-04 1.326671564408668791e-01
3.461053233867544805e+03 1.338245797977416218e-01 5.023588078944743593e-04 1.333222209898471400e-01
3.465125061201506469e+03 1.343498623290506622e-01 5.047530588742481792e-04 1.338451092701763989e-01
3.469196888535468133e+03 1.347349285405889940e-01 5.067175251772959186e-04 1.342282110154116859e-01
3.473268715869430252e+03 1.349732289443323907e-01 5.082279763927836664e-04 1.344650009679395908e-01
3.477340543203391917e+03 1.350594577778335137e-01 5.092621942157163351e-04 1.345501955836178043e-01
3.481412370537354036e+03 1.349896835918509841e-01 5.098003749672008755e-04 1.344798832168837555e-01
3.485484197871315700e+03 1.347614485877035861e-01 5.098255386293867441e-04 1.342516230490741758e-01
3.489556025205277365e+03 1.343738334358986486e-01 5.093239396808289191e-04 1.338645094962178095e-01
3.493627852539239484e+03 1.338274859306925468e-01 5.082854728611580289e-04 1.333192004578314105e-01
3.497699679873201148e+03 1.331246134661898117e-01 5.067040642989083937e-04 1.326179094018909432e-01
3.501771507207163268e+03 1.322689408219021867e-01 5.045780353742097390e-04 1.317643627865279776e-01
3.505843334541124023e+03 1.312656360055060312e-01 5.019104235529241219e-04 1.307637255819530664e-01
3.509915161875086596e+03 1.301212078391422167e-01 4.987092416190783270e-04 1.296224985975231170e-01
3.513986989209048716e+03 1.288433795573153962e-01 4.949876547130319538e-04 1.283483919026023601e-01
3.518058816543009925e+03 1.274409429187792486e-01 4.907640538315150708e-04 1.269501788649477214e-01
3.522130643876972499e+03 1.259235972726588937e-01 4.860620053890974757e-04 1.254375352672697785e-01
3.526202471210933254e+03 1.243017777435725807e-01 4.809100593888470049e-04 1.238208676841837386e-01
3.530274298544895373e+03 1.225864763135551261e-01 4.753414038365365865e-04 1.221111349097185883e-01
3.534346125878857947e+03 1.207890591849776485e-01 4.693933601712061430e-04 1.203196658248064238e-01
3.538417953212819157e+03 1.189210835000135552e-01 4.631067233460047514e-04 1.184579767766675423e-01
3.542489780546780821e+03 1.169941163326932293e-01 4.565249602109194382e-04 1.165375913724822909e-01
3.546561607880742486e+03 1.150195588855747603e-01 4.496932902539520910e-04 1.145698655953207856e-01
3.550633435214704605e+03 1.130084789980962678e-01 4.426576826389147967e-04 1.125658213154573650e-01
3.554705262548666269e+03 1.109714553497424261e-01 4.354638118680530115e-04 1.105359915378743424e-01
3.558777089882628388e+03 1.089184370261287726e-01 4.281560203681754741e-04 1.084902810057606082e-01
3.562848917216590053e+03 1.068586222966620286e-01 4.207763390644616045e-04 1.064378459575975600e-01
3.566920744550551717e+03 1.048003604108953130e-01 4.133636160180826605e-04 1.043869967948772154e-01
3.570992571884513836e+03 1.027510798536920289e-01 4.059527982273306479e-04 1.023451270554646825e-01
3.575064399218475501e+03 1.007172457357746326e-01 3.985744028541365609e-04 1.003186713329204949e-01
3.579136226552437620e+03 9.870434781241002598e-02 3.912542019417094533e-04 9.831309361046831896e-02
3.583208053886399284e+03 9.671691905212691232e-02 3.840131299891417897e-04 9.633290592213776538e-02
3.587279881220360949e+03 9.475858281266244521e-02 3.768674076898465854e-04 9.438171540497260203e-02
3.591351708554322158e+03 9.283212467115979638e-02 3.698288590627442233e-04 9.246229581209705617e-02
3.595423535888284732e+03 9.093958299121296385e-02 3.629053845249887908e-04 9.057667760668794421e-02
3.599495363222246851e+03 8.908235060595311172e-02 3.561015405341821363e-04 8.872624906541892731e-02
3.603567190556207606e+03 8.726127876983083564e-02 3.494191684398685626e-04 8.691185960139095890e-02
3.607639017890170180e+03 8.547677397291292278e-02 3.428580119949410946e-04 8.513391596091798852e-02
3.611710845224131390e+03 8.372887846147000768e-02 3.364162650519449366e-04 8.339246219641807678e-02
3.615782672558093509e+03 8.201732643772233211e-02 3.300909983112352251e-04 8.168723543941108778e-02
3.619854499892056083e+03 8.034156990490287642e-02 3.238784261241037135e-04 8.001769147877879629e-02
3.623926327226016838e+03 7.870077087500174096e-02 3.177739903609810845e-04 7.838299688464074599e-02
3.627998154559978957e+03 7.709375997163843419e-02 3.117722569300000442e-04 7.678198771470841344e-02
3.632069981893940621e+03 7.551896507107283552e-02 3.058666401002746124e-04 7.521309843097254144e-02
3.636141809227902741e+03 7.397431720985510328e-02 3.000489886361761504e-04 7.367426822121890539e-02
3.640213636561864405e+03 7.245714420441624892e-02 2.943090841865336977e-04 7.216283512022970970e-02
3.644285463895826069e+03 7.096406494247238517e-02 2.886341148644255492e-04 7.067543082760796569e-02
3.648357291229788189e+03 6.949089882888512260e-02 2.830081942723106526e-04 6.920789063461282864e-02
3.652429118563749853e+03 6.803260518506470955e-02 2.774119975658888662e-04 6.775519318749879949e-02
3.656500945897711972e+03 6.658326639661718560e-02 2.718225811972059362e-04 6.631144381541999311e-02
3.660572773231673636e+03 6.513612628028149498e-02 2.662134419541180037e-04 6.486991283832736765e-02
3.664644600565635301e+03 6.368369162111574278e-02 2.605548545604561704e-04 6.342313676655528254e-02
3.668716427899597420e+03 6.221790035204161073e-02 2.548145066239550444e-04 6.196308584541765363e-02
3.672788255233559084e+03 6.073035474492594066e-02 2.489584266881025723e-04 6.048139631823783169e-02
3.676860082567521204e+03 5.921261265948681018e-02 2.429521773676700312e-04 5.896966048211913641e-02
3.680931909901482868e+03 5.765652479207510062e-02 2.367622629212492601e-04 5.741976252915385187e-02
3.685003737235444532e+03 5.605460141504721439e-02 2.303576809636285745e-04 5.582424373408358120e-02
3.689075564569406652e+03 5.440038868969741120e-02 2.237115329518269032e-04 5.417667715674556739e-02
3.693147391903368316e+03 5.268883258304841999e-02 2.168025988442016732e-04 5.247202998420421455e-02
3.697219219237330435e+03 5.091660792477960967e-02 2.096167787314144289e-04 5.070699114604818730e-02
3.701291046571291190e+03 4.908239128186889927e-02 2.021483085524106214e-04 4.888024297331648033e-02
3.705362873905253764e+03 4.718705904740545798e-02 1.944006679819180517e-04 4.699265837942354085e-02
3.709434701239215883e+03 4.523379624903434842e-02 1.863871154381688061e-04 4.504740913359617238e-02
3.713506528573177093e+03 4.322810678076996482e-02 1.781308066933576250e-04 4.304997597407660137e-02
3.717578355907139667e+03 4.117772166153563923e-02 1.696644782111377697e-04 4.100805718332450889e-02
3.721650183241100422e+03 3.909240808350140234e-02 1.610297023033632302e-04 3.893137838119802019e-02
3.725722010575062541e+03 3.698368797644020767e-02 1.522757466358743577e-04 3.683141222980433616e-02
3.729793837909025115e+03 3.486448014733827677e-02 1.434580937349204410e-04 3.472102205360335508e-02
3.733865665242986324e+03 3.274868438244802477e-02 1.346366953757194794e-04 3.261404768707229507e-02
3.737937492576947989e+03 3.065072893499880963e-02 1.258740508221359094e-04 3.052485488417666648e-02
3.742009319910909653e+03 2.858510438787636998e-02 1.172332059949443762e-04 2.846787118188141147e-02
3.746081147244871772e+03 2.656590691821230157e-02 1.087757724046594938e-04 2.645713114580763858e-02
3.750152974578833437e+03 2.460641256076070288e-02 1.005600602008276258e-04 2.450585250055987291e-02
3.754224801912795556e+03 2.271870133880018322e-02 9.263940952273276043e-05 2.262606192927744606e-02
3.758296629246757220e+03 2.091334636424400581e-02 8.506078943707858961e-05 2.082828557480692969e-02
3.762368456580718885e+03 1.919917852537807862e-02 7.786371536657760324e-05 1.912131481001149574e-02
3.766440283914681004e+03 1.758313253748469349e-02 7.107951548887545055e-05 1.751205302199582148e-02
3.770512111248642668e+03 1.607017528748859447e-02 6.473095562434096962e-05 1.600544433186424503e-02
3.774583938582604787e+03 1.466331289109885049e-02 5.883221208756412657e-05 1.460448067901127731e-02
3.778655765916566452e+03 1.336366898081941222e-02 5.338916414064055288e-05 1.331027981667876926e-02
3.782727593250528116e+03 1.217062366691558720e-02 4.839996309224314449e-05 1.212222370382333263e-02
3.786799420584490235e+03 1.108200049132976664e-02 4.385582445257708319e-05 1.103814466687718862e-02
3.790871247918451900e+03 1.009428757297734826e-02 3.974198324582330002e-05 1.005454558973152036e-02
3.794943075252414019e+03 9.202878988519850451e-03 3.603875061016562607e-05 9.166840237909678821e-03
3.799014902586375683e+03 8.402323143500400535e-03 3.272261186635978694e-05 8.369600531634041954e-03
3.803086729920337348e+03 7.686566309453500730e-03 2.976731172240885303e-05 7.656798997731091572e-03
3.807158557254298557e+03 7.049181443701672475e-03 2.714488041831154786e-05 7.022036563283359789e-03
3.811230384588261131e+03 6.483574665704624866e-03 2.482656449968518496e-05 6.458748101204936191e-03
3.815302211922223250e+03 5.983164136610135547e-03 2.278363661280668209e-05 5.960380499997322556e-03
3.819374039256184005e+03 5.541528396581380141e-03 2.098806935936593706e-05 5.520540327222019442e-03
3.823445866590146579e+03 5.152523309216056405e-03 1.941306808179393779e-05 5.133110241134256416e-03
3.827517693924107789e+03 4.810368535468603247e-03 1.803346588619056582e-05 4.792335069582406674e-03
3.831589521258069908e+03 4.509705845381923456e-03 1.682599086769724484e-05 4.492879854514223240e-03
3.835661348592032482e+03 4.245632550647268286e-03 1.576942020888776400e-05 4.229863130438377486e-03
3.839733175925993237e+03 4.013713917179775187e-03 1.484463859610549876e-05 3.998869278583671270e-03
3.843805003259955356e+03 3.809978636201014068e-03 1.403461942546537759e-05 3.795944016775551315e-03
3.847876830593917020e+03 3.630901356416251727e-03 1.332434685325902360e-05 3.617577009562993051e-03
3.851948657927879140e+03 3.473375981011069154e-03 1.270069525860601963e-05 3.460675285752467991e-03
3.856020485261840804e+03 3.334682985499802695e-03 1.215228052282085366e-05 3.322530704976976723e-03
3.860092312595802468e+03 3.212453484732616989e-03 1.166929505897512793e-05 3.200784189673644333e-03
3.864164139929764588e+03 3.104632227842744636e-03 1.124333605437644359e-05 3.093388891788360906e-03
3.868235967263726252e+03 3.009441173242778482e-03 1.086723414337447473e-05 2.998573939099402012e-03
3.872307794597688371e+03 2.925344822136115124e-03 1.053488784073571722e-05 2.914809934295377152e-03
3.876379621931650036e+03 2.851018085009229992e-03 1.024110758105511511e-05 2.840776977428178911e-03
3.880451449265611700e+03 2.785317126510122084e-03 9.981472098713342630e-06 2.775335654411411647e-03
3.884523276599573819e+03 2.727253376985867232e-03 9.752199065314431215e-06 2.717501177920550025e-03
3.888595103933535484e+03 2.675970705650905501e-03 9.550031272893269916e-06 2.666420674378010974e-03
3.892666931267497603e+03 2.630725610645938319e-03 9.372139106517564022e-06 2.621353471539419368e-03
3.896738758601459267e+03 2.590870185050271873e-03 9.216039507050928487e-06 2.581654145543221639e-03
3.900810585935420931e+03 2.555837556797623238e-03 9.079531037102951658e-06 2.546758025760524451e-03
3.904882413269383051e+03 2.525129468236193830e-03 8.960644027053433336e-06 2.516168824209145428e-03
3.908954240603344715e+03 2.498305653685311319e-03 8.857604129272524123e-06 2.489448049556038968e-03
3.913026067937306834e+03 2.474974688080318862e-03 8.768807013693428326e-06 2.466205881066631505e-03
3.917097895271267589e+03 2.454786014381064082e-03 8.692801477644310199e-06 2.446093212903419599e-03
3.921169722605230163e+03 2.437422908998819644e-03 8.628277995390356775e-06 2.428794631003427205e-03
3.925241549939192282e+03 2.422596208925297152e-03 8.574059756582575619e-06 2.414022149168714750e-03
3.929313377273153492e+03 2.410038695773066963e-03 8.529093562293591302e-06 2.401509602210771289e-03
3.933385204607116066e+03 2.399500103368249447e-03 8.492438545896346946e-06 2.391007664822347029e-03
3.937457031941076821e+03 2.390742778885535449e-03 8.463251504403200581e-06 2.382279527381135024e-03
3.941528859275038940e+03 2.383538074961899685e-03 8.440768568729155658e-06 2.375097306393175213e-03
3.945600686609001514e+03 2.377663575259037366e-03 8.424283889215799715e-06 2.369239291369820612e-03
3.949672513942962723e+03 2.372901254447005743e-03 8.413126839314742644e-06 2.364488127607696638e-03
3.953744341276924388e+03 2.369036644653824825e-03 8.406639830273436603e-06 2.360630004823547224e-03
3.957816168610886052e+03 2.365859026804824523e-03 8.404159096520382949e-06 2.357454867708304661e-03
3.961887995944848171e+03 2.363162593224495383e-03 8.405000711043074729e-06 2.354757592513449186e-03
3.965959823278809836e+03 2.360748446554530953e-03 8.408453628431633559e-06 2.352339992926100014e-03
3.970031650612771955e+03 2.358427220421289040e-03 8.413780787391422072e-06 2.350013439633897618e-03
3.974103477946733619e+03 2.356022040728337520e-03 8.420228335733956010e-06 2.347601812392604952e-03
3.978175305280695284e+03 2.353371503190694776e-03 8.427042001471137677e-06 2.344944461189222944e-03
3.982247132614657403e+03 2.350332330436962630e-03 8.433488669365701496e-06 2.341898841767585566e-03
3.986318959948619067e+03 2.346781394661243397e-03 8.438880471911546993e-06 2.338342514189334104e-03
3.990390787282581186e+03 2.342616849027416570e-03 8.442598279519501048e-06 2.334174250747897764e-03
3.994462614616542851e+03 2.337758197981613419e-03 8.444111446622229117e-06 2.329314086534995613e-03
3.998534441950504515e+03 2.332145244532862153e-03 8.442991055066917028e-06 2.323702253477797318e-03
