# wavenumber(cm^-1)  total O H
4.071827333961817175e+00 1.804507041250609858e-02 5.421336086545630595e-03 1.262373432596045411e-02
8.143654667923634349e+00 1.989079815180707853e-02 6.046006341011410552e-03 1.384479181079567404e-02
1.221548200188545152e+01 2.295917430589445446e-02 7.087998378034669408e-03 1.587117592785976944e-02
1.628730933584726870e+01 2.721492455370232155e-02 8.540131140385593192e-03 1.867479341331673010e-02
2.035913666980908587e+01 3.256964092799871646e-02 1.037810368577950226e-02 2.219153724221920379e-02
2.443096400377090305e+01 3.885900155284804924e-02 1.255182291448698507e-02 2.630717863836103815e-02
2.850279133773272022e+01 4.583115246528456088e-02 1.498037474431160657e-02 3.085077772097291615e-02
3.257461867169453740e+01 5.315170875577486520e-02 1.755262491438013689e-02 3.559908384139473525e-02
3.664644600565635812e+01 6.042649305357271350e-02 2.013400500987965608e-02 4.029248804369307824e-02
4.071827333961817175e+01 6.723858678680832979e-02 2.257851431906107015e-02 4.466007246774725270e-02
4.479010067357999247e+01 7.319281079465425610e-02 2.474376988542222044e-02 4.844904090923204953e-02
4.886192800754180610e+01 7.795925114840586423e-02 2.650635590432736874e-02 5.145289524407847120e-02
5.293375534150362682e+01 8.130812874857064332e-02 2.777484337670039355e-02 5.353328537187027059e-02
5.700558267546544045e+01 8.313074446084772751e-02 2.849854678115013029e-02 5.463219767969761109e-02
6.107741000942726117e+01 8.344452843169472556e-02 2.867108767655342574e-02 5.477344075514129634e-02
6.514923734338907479e+01 8.238337401475799571e-02 2.832883677620910701e-02 5.405453723854887482e-02
6.922106467735089552e+01 8.017664840826002615e-02 2.754506051851838416e-02 5.263158788974163504e-02
7.329289201131271625e+01 7.712118662903878763e-02 2.642099017109435927e-02 5.070019645794440755e-02
7.736471934527452277e+01 7.355032014049422973e-02 2.507508785293357037e-02 4.847523228756062119e-02
8.143654667923634349e+01 6.980304855986718682e-02 2.363163281038656999e-02 4.617141574948060989e-02
8.550837401319816422e+01 6.619542949087670047e-02 2.220955098462755462e-02 4.398587850624913892e-02
8.958020134715998495e+01 6.299559824284053922e-02 2.091227767966995221e-02 4.208332056317058006e-02
9.365202868112179146e+01 6.040369255421753486e-02 1.981940733640250030e-02 4.058428521781502762e-02
9.772385601508361219e+01 5.853817254970031941e-02 1.898088844340884915e-02 3.955728410629145986e-02
1.017956833490454329e+02 5.743019896447687511e-02 1.841445716723446799e-02 3.901574179724240365e-02
1.058675106830072536e+02 5.702744864301660666e-02 1.810676993694599127e-02 3.892067870607060498e-02
1.099393380169690602e+02 5.720777266330316635e-02 1.801825528810107116e-02 3.918951737520209172e-02
1.140111653509308809e+02 5.780151341437492207e-02 1.809111265352451176e-02 3.971040076085038950e-02
1.180829926848927016e+02 5.861947425193390210e-02 1.825927732029533623e-02 4.036019693163855893e-02
1.221548200188545223e+02 5.948204381040467226e-02 1.845872326195743818e-02 4.102332054844724102e-02
1.262266473528163289e+02 6.024436256099975628e-02 1.863634433427330608e-02 4.160801822672644673e-02
1.302984746867781496e+02 6.081300361158770151e-02 1.875591572531980222e-02 4.205708788626789929e-02
1.343703020207399561e+02 6.115138773381724457e-02 1.880025607247694588e-02 4.235113166134030216e-02
1.384421293547017910e+02 6.127365940220445839e-02 1.876954275026861477e-02 4.250411665193584709e-02
1.425139566886635976e+02 6.122935632474853923e-02 1.867656660244734063e-02 4.255278972230117085e-02
1.465857840226254325e+02 6.108319727036928132e-02 1.854033039272468680e-02 4.254286687764459451e-02
1.506576113565872390e+02 6.089515036380600127e-02 1.837963994763120931e-02 4.251551041617478155e-02
1.547294386905490455e+02 6.070542427871966629e-02 1.820815777297692811e-02 4.249726650574273124e-02
1.588012660245108805e+02 6.052734432526375025e-02 1.803185585863685547e-02 4.249548846662687396e-02
1.628730933584726870e+02 6.034876068905682678e-02 1.784908435101311558e-02 4.249967633804370426e-02
1.669449206924344935e+02 6.014037187149869068e-02 1.765277653558602888e-02 4.248759533591267568e-02
1.710167480263963284e+02 5.986775988369115453e-02 1.743382779731937268e-02 4.243393208637176450e-02
1.750885753603581350e+02 5.950340556309398343e-02 1.718452952294339392e-02 4.231887604015060339e-02
1.791604026943199699e+02 5.903551557428239616e-02 1.690111452962160532e-02 4.213440104466078390e-02
1.832322300282817764e+02 5.847184914677400203e-02 1.658488435491911259e-02 4.188696479185488597e-02
1.873040573622435829e+02 5.783837586397776870e-02 1.624188381278007798e-02 4.159649205119769072e-02
1.913758846962054179e+02 5.717399304464080428e-02 1.588150104657006650e-02 4.129249199807072390e-02
1.954477120301672244e+02 5.652329980240711205e-02 1.551458584311368044e-02 4.100871395929342467e-02
1.995195393641290309e+02 5.592944258228248894e-02 1.515166084302659207e-02 4.077778173925589861e-02
2.035913666980908658e+02 5.542846230124817697e-02 1.480160000926201112e-02 4.062686229198615717e-02
2.076631940320526724e+02 5.504571843528385799e-02 1.447087446094792035e-02 4.057484397433593765e-02
2.117350213660145073e+02 5.479421141304072207e-02 1.416323722072376085e-02 4.063097419231694041e-02
2.158068486999763138e+02 5.467423556394701567e-02 1.387961985063748335e-02 4.079461571330952885e-02
2.198786760339381203e+02 5.467383730927755092e-02 1.361806439694024720e-02 4.105577291233729331e-02
2.239505033678999553e+02 5.476989252230007182e-02 1.337366518646421545e-02 4.139622733583585290e-02
2.280223307018617618e+02 5.492999559046517211e-02 1.313865636128109388e-02 4.179133922918407129e-02
2.320941580358235683e+02 5.511551585613694987e-02 1.290286152183603950e-02 4.221265433430088782e-02
2.361659853697854032e+02 5.528599059894839796e-02 1.265467011116461725e-02 4.263132048778379979e-02
2.402378127037472098e+02 5.540453564678177872e-02 1.238253221044735217e-02 4.302200343633443003e-02
2.443096400377090447e+02 5.544337585568391569e-02 1.207673838542259147e-02 4.336663747026131555e-02
2.483814673716708512e+02 5.538820992708782392e-02 1.173107237903001261e-02 4.365713754805779917e-02
2.524532947056326577e+02 5.524015552884910252e-02 1.134387739074039884e-02 4.389627813810868806e-02
2.565251220395944642e+02 5.501454074423248880e-02 1.091819727685600094e-02 4.409634346737648786e-02
2.605969493735562992e+02 5.473668544871315711e-02 1.046091132948416720e-02 4.427577411922897777e-02
2.646687767075181341e+02 5.443576051530209237e-02 9.981087809760024257e-03 4.445467270554205597e-02
2.687406040414799122e+02 5.413848056762403382e-02 9.488026338847712141e-03 4.465045422877631648e-02
2.728124313754417472e+02 5.386451359364683583e-02 8.989551689258905298e-03 4.487496190438791666e-02
2.768842587094035821e+02 5.362499830253178446e-02 8.491026023457630412e-03 4.513397227907414710e-02
2.809560860433653602e+02 5.342458801590102557e-02 7.995297050489853785e-03 4.542929096541117873e-02
2.850279133773271951e+02 5.326630273447111735e-02 7.503485902558037698e-03 4.576281683191309874e-02
2.890997407112890301e+02 5.315754741239951675e-02 7.016252280119859332e-03 4.614129513227965829e-02
2.931715680452508650e+02 5.311525412724737993e-02 6.535046500256522922e-03 4.658020762699086742e-02
2.972433953792126431e+02 5.316836282833874855e-02 6.062905813401606864e-03 4.710545701493714515e-02
3.013152227131744780e+02 5.335668467893978084e-02 5.604547920269839154e-03 4.775213675866995383e-02
3.053870500471363130e+02 5.372632218057864922e-02 5.165778717584684591e-03 4.856054346299399499e-02
3.094588773810980911e+02 5.432288710525613740e-02 4.752465435033922936e-03 4.957042167022221446e-02
3.135307047150599260e+02 5.518442420321066633e-02 4.369450428955267557e-03 5.081497377425542999e-02
3.176025320490217609e+02 5.633601267390310474e-02 4.019761499794731810e-03 5.231625117410837467e-02
3.216743593829835390e+02 5.778746797589545681e-02 3.704333379812334553e-03 5.408313459608313223e-02
3.257461867169453740e+02 5.953458305057073019e-02 3.422255889467980088e-03 5.611232716110273189e-02
3.298180140509072089e+02 6.156324061045759244e-02 3.171385511499662593e-03 5.839185509895792464e-02
3.338898413848689870e+02 6.385484310737105096e-02 2.949060833722561351e-03 6.090578227364847053e-02
3.379616687188308219e+02 6.639112453865721186e-02 2.752672718320707881e-03 6.363845182033649184e-02
3.420334960527926569e+02 6.915665983138692685e-02 2.579938734048014583e-03 6.657672109733889232e-02
3.461053233867544918e+02 7.213821362303166063e-02 2.428869221527351317e-03 6.970934440150432232e-02
3.501771507207162699e+02 7.532122940412241952e-02 2.297532016109105936e-03 7.302369738801328669e-02
3.542489780546781049e+02 7.868488949918245323e-02 2.183781788853876409e-03 7.650110771032858636e-02
3.583208053886399398e+02 8.219789294585501394e-02 2.085104903202102469e-03 8.011278804265289932e-02
3.623926327226017179e+02 8.581711610765073439e-02 1.998658800378722445e-03 8.381845730727199850e-02
3.664644600565635528e+02 8.949055489574150868e-02 1.921492920198427344e-03 8.756906197554309434e-02
3.705362873905253878e+02 9.316456833710191898e-02 1.850865056544639562e-03 9.131370328055728181e-02
3.746081147244871659e+02 9.679385540049800785e-02 1.784538419642626213e-03 9.500931698085537946e-02
3.786799420584490008e+02 1.003513336651617460e-01 1.720964525887439672e-03 9.863036913927429594e-02
3.827517693924108357e+02 1.038346431747280002e-01 1.659309522238085546e-03 1.021753336524899025e-01
3.868235967263726138e+02 1.072666431307409962e-01 1.599340565916601868e-03 1.056673025648244002e-01
3.908954240603344488e+02 1.106889206524346303e-01 1.541230353930404069e-03 1.091476902985042130e-01
3.949672513942962837e+02 1.141495318549014260e-01 1.485349338351640283e-03 1.126641825165497907e-01
3.990390787282580618e+02 1.176882283741415569e-01 1.432098793730948727e-03 1.162561295804106221e-01
4.031109060622198967e+02 1.213235412359691123e-01 1.381807014664811553e-03 1.199417342213042748e-01
4.071827333961817317e+02 1.250457997419380796e-01 1.334682046390588215e-03 1.237111176955474762e-01
4.112545607301435666e+02 1.288184222654322197e-01 1.290799313326781864e-03 1.275276229521054294e-01
4.153263880641053447e+02 1.325871274645599174e-01 1.250103933523898179e-03 1.313370235310360457e-01
4.193982153980671796e+02 1.362939793484691520e-01 1.212419324743779997e-03 1.350815600237253999e-01
4.234700427320290146e+02 1.398913992045774657e-01 1.177465742168825246e-03 1.387139334624086229e-01
4.275418700659907927e+02 1.433511799080426086e-01 1.144896290023345465e-03 1.422062836180192913e-01
4.316136973999526276e+02 1.466652737474842816e-01 1.114351466994295851e-03 1.455509222804899638e-01
4.356855247339144626e+02 1.498381572087155167e-01 1.085520946726262247e-03 1.487526362619892850e-01
4.397573520678762407e+02 1.528738330594973660e-01 1.058191380395374697e-03 1.518156416791019980e-01
4.438291794018380756e+02 1.557627779635282761e-01 1.032258851789270501e-03 1.547305191117390177e-01
4.479010067357999105e+02 1.584744556048119923e-01 1.007696374627476158e-03 1.574667592301845498e-01
4.519728340697616886e+02 1.609591533516566975e-01 9.844861000509021534e-04 1.599746672516058066e-01
4.560446614037235236e+02 1.631594557108555499e-01 9.625437422091820839e-04 1.621969119686463845e-01
4.601164887376853585e+02 1.650278813049453897e-01 9.416699806701254137e-04 1.640862113242753106e-01
4.641883160716471366e+02 1.665445272818275035e-01 9.215555055835595102e-04 1.656229717762439657e-01
4.682601434056089715e+02 1.677280827934006235e-01 9.018451689607805567e-04 1.668262376244398215e-01
4.723319707395708065e+02 1.686355933750652847e-01 8.822409487649006919e-04 1.677533524263004061e-01
4.764037980735326414e+02 1.693502310185880932e-01 8.626043443598753555e-04 1.684876266742282303e-01
4.804756254074944195e+02 1.699606587900134858e-01 8.430152959268144303e-04 1.691176434940867279e-01
4.845474527414562544e+02 1.705387499929274797e-01 8.237592417041106905e-04 1.697149907512233713e-01
4.886192800754180894e+02 1.711231940833850551e-01 8.052412502222011919e-04 1.703179528331628667e-01
4.926911074093798675e+02 1.717145367942567447e-01 7.878553637164470002e-04 1.709266814305402671e-01
4.967629347433417024e+02 1.722831425050024290e-01 7.718563018278239282e-04 1.715112862031746011e-01
5.008347620773035374e+02 1.727869168188517768e-01 7.572813902353603584e-04 1.720296354286164342e-01
5.049065894112653154e+02 1.731921173195454799e-01 7.439522853046828550e-04 1.724481650342408190e-01
5.089784167452271504e+02 1.734895283182793513e-01 7.315558059528710086e-04 1.727579725123264964e-01
5.130502440791889285e+02 1.737000783321705488e-01 7.197728865892672042e-04 1.729803054455812950e-01
5.171220714131508203e+02 1.738679584920473642e-01 7.084062816751049733e-04 1.731595522103723250e-01
5.211938987471125984e+02 1.740439608544121497e-01 6.974583375030745085e-04 1.733465025169090845e-01
5.252657260810743765e+02 1.742653586651827236e-01 6.871294587290106967e-04 1.735782292064537158e-01
5.293375534150362682e+02 1.745398752776004536e-01 6.777381161629974018e-04 1.738621371614375022e-01
5.334093807489980463e+02 1.748397256418640633e-01 6.695925907450435898e-04 1.741701330511190582e-01
5.374812080829598244e+02 1.751080024525908385e-01 6.628620245912705995e-04 1.744451404279995788e-01
5.415530354169217162e+02 1.752752365015177727e-01 6.574936204139395033e-04 1.746177428811038213e-01
5.456248627508834943e+02 1.752804286339900153e-01 6.532049890431024112e-04 1.746272236449469273e-01
5.496966900848452724e+02 1.750894698418681283e-01 6.495530771940230715e-04 1.744399167646741022e-01
5.537685174188071642e+02 1.747050310281089702e-01 6.460544103771122476e-04 1.740589766177318698e-01
5.578403447527689423e+02 1.741651584198257718e-01 6.423151371814047640e-04 1.735228432826443901e-01
5.619121720867307204e+02 1.735317078888109765e-01 6.381285814162209000e-04 1.728935793073947680e-01
5.659839994206926121e+02 1.728729613881944682e-01 6.335116522156688558e-04 1.722394497359788224e-01
5.700558267546543902e+02 1.722462205525129575e-01 6.286733726352544162e-04 1.716175471798777052e-01
5.741276540886162820e+02 1.716855230622797990e-01 6.239305229845024635e-04 1.710615925392953152e-01
5.781994814225780601e+02 1.711973254835260083e-01 6.195996325261826643e-04 1.705777258509998950e-01
5.822713087565398382e+02 1.707640423687994402e-01 6.158976579475419506e-04 1.701481447108519340e-01
5.863431360905017300e+02 1.703528504395121490e-01 6.128765238341590382e-04 1.697399739156780218e-01
5.904149634244635081e+02 1.699259761422494963e-01 6.104035716163817545e-04 1.693155725706330939e-01
5.944867907584252862e+02 1.694490246812984102e-01 6.081863563946675018e-04 1.688408383249037636e-01
5.985586180923871780e+02 1.688954204627950151e-01 6.058304737584593478e-04 1.682895899890365921e-01
6.026304454263489561e+02 1.682469655636317507e-01 6.029149284260172399e-04 1.676440506352057380e-01
6.067022727603107342e+02 1.674920800645190999e-01 5.990700789604100915e-04 1.668930099855587268e-01
6.107741000942726259e+02 1.666239157151912509e-01 5.940460277556214612e-04 1.660298696874356605e-01
6.148459274282344040e+02 1.656401103849791390e-01 5.877622145352853983e-04 1.650523481704438966e-01
6.189177547621961821e+02 1.645447703662121230e-01 5.803309914916580849e-04 1.639644393747204942e-01
6.229895820961580739e+02 1.633518791822965999e-01 5.720497685869734006e-04 1.627798294137096369e-01
6.270614094301198520e+02 1.620883042989237077e-01 5.633594103459232949e-04 1.615249448885778261e-01
6.311332367640816301e+02 1.607942935052717459e-01 5.547720001477963059e-04 1.602395215051239663e-01
6.352050640980435219e+02 1.595199167439040333e-01 5.467784460415715591e-04 1.589731382978624152e-01
6.392768914320053000e+02 1.583171278871081666e-01 5.397535641179306660e-04 1.577773743229902159e-01
6.433487187659670781e+02 1.572286114686741731e-01 5.338801937658968055e-04 1.566947312749082943e-01
6.474205460999289699e+02 1.562758918710462630e-01 5.291120229432867954e-04 1.557467798481029786e-01
6.514923734338907479e+02 1.554499190772834494e-01 5.251864666090272100e-04 1.549247326106744649e-01
6.555642007678525260e+02 1.547072474088054816e-01 5.216860233050148654e-04 1.541855613855004636e-01
6.596360281018144178e+02 1.539739263438006933e-01 5.181329928375016979e-04 1.534557933509632099e-01
6.637078554357761959e+02 1.531574781170596256e-01 5.140928855100734265e-04 1.526433852315495776e-01
6.677796827697379740e+02 1.521652102450968824e-01 5.092597445318423986e-04 1.516559505005650177e-01
6.718515101036998658e+02 1.509251310947652969e-01 5.035028130049282093e-04 1.504216282817603667e-01
6.759233374376616439e+02 1.494044903130629653e-01 4.968663905268984674e-04 1.489076239225360920e-01
6.799951647716234220e+02 1.476209402082526156e-01 4.895290187572507931e-04 1.471314111894953536e-01
6.840669921055853138e+02 1.456427173629647465e-01 4.817394264415111893e-04 1.451609779365232722e-01
6.881388194395470919e+02 1.435768715726996880e-01 4.737513397477586923e-04 1.431031202329519636e-01
6.922106467735089836e+02 1.415477848610709743e-01 4.657762599674083797e-04 1.410820086011035923e-01
6.962824741074707617e+02 1.396710945996322006e-01 4.579643563094673315e-04 1.392131302433227691e-01
7.003543014414325398e+02 1.380297122753088024e-01 4.504124078872414759e-04 1.375792998674215672e-01
7.044261287753944316e+02 1.366582840002184551e-01 4.431884035334928210e-04 1.362150955966849875e-01
7.084979561093562097e+02 1.355401318463257121e-01 4.363580263087796706e-04 1.351037738200169536e-01
7.125697834433179878e+02 1.346170811954863766e-01 4.299997814225899116e-04 1.341870814140637969e-01
7.166416107772798796e+02 1.338087609279099977e-01 4.242017375322310610e-04 1.333845591903777272e-01
7.207134381112416577e+02 1.330352325725028817e-01 4.190410046960167298e-04 1.326161915678069070e-01
7.247852654452034358e+02 1.322361023324593599e-01 4.145540826685709113e-04 1.318215482497908098e-01
7.288570927791653276e+02 1.313808391286779287e-01 4.107097680205142520e-04 1.309701293606574390e-01
7.329289201131271057e+02 1.304682898005835034e-01 4.073955485588220764e-04 1.300608942520246891e-01
7.370007474470888837e+02 1.295171550586032561e-01 4.044240042716463123e-04 1.291127310543316031e-01
7.410725747810507755e+02 1.285520943823348916e-01 4.015594135394356143e-04 1.281505349687954987e-01
7.451444021150125536e+02 1.275911390570756976e-01 3.985586272085632183e-04 1.271925804298671414e-01
7.492162294489743317e+02 1.266389266389477686e-01 3.952160932136780875e-04 1.262437105457340780e-01
7.532880567829362235e+02 1.256874900453580080e-01 3.914017004540978157e-04 1.252960883449039109e-01
7.573598841168980016e+02 1.247231134607798414e-01 3.870819795253919527e-04 1.243360314812544665e-01
7.614317114508597797e+02 1.237354082193487526e-01 3.823194933886368005e-04 1.233530887259600972e-01
7.655035387848216715e+02 1.227241681310863863e-01 3.772508002175727418e-04 1.223469173308688041e-01
7.695753661187834496e+02 1.217008810515908812e-01 3.720487795828999024e-04 1.213288322720079970e-01
7.736471934527452277e+02 1.206843509872428805e-01 3.668790522444617631e-04 1.203174719349984212e-01
7.777190207867071194e+02 1.196925690786179997e-01 3.618616913951799830e-04 1.193307073872228452e-01
7.817908481206688975e+02 1.187346051874242914e-01 3.570479757930006943e-04 1.183775572116312902e-01
7.858626754546306756e+02 1.178062041498864343e-01 3.524178440565019894e-04 1.174537863058299214e-01
7.899345027885925674e+02 1.168910519863277375e-01 3.478979739985225755e-04 1.165431540123292170e-01
7.940063301225543455e+02 1.159671208333140774e-01 3.433945703882748733e-04 1.156237262629258022e-01
7.980781574565161236e+02 1.150152464131737606e-01 3.388306863860242779e-04 1.146764157267877310e-01
8.021499847904780154e+02 1.140261243201900199e-01 3.341765579338802422e-04 1.136919477622561209e-01
8.062218121244397935e+02 1.130026396546886525e-01 3.294635113061930229e-04 1.126731761433824724e-01
8.102936394584015716e+02 1.119565323576125898e-01 3.247769801021718750e-04 1.116317553775104110e-01
8.143654667923634634e+02 1.109009244430274321e-01 3.202305708626705183e-04 1.105806938721647648e-01
8.184372941263252415e+02 1.098420922261088561e-01 3.159289836175591896e-04 1.095261632424912868e-01
8.225091214602871332e+02 1.087742522948170476e-01 3.119311020318490534e-04 1.084623211927852049e-01
8.265809487942489113e+02 1.076798799899602033e-01 3.082246354790086707e-04 1.073716553544812047e-01
8.306527761282106894e+02 1.065357299587710860e-01 3.047203322820408273e-04 1.062310096264890147e-01
8.347246034621725812e+02 1.053222779802530651e-01 3.012680674346566436e-04 1.050210099128184443e-01
8.387964307961343593e+02 1.040327815734658073e-01 2.976908048909236368e-04 1.037350907685749002e-01
8.428682581300961374e+02 1.026781927667765326e-01 2.938274095743180687e-04 1.023843653572022450e-01
8.469400854640580292e+02 1.012857250754592570e-01 2.895729232745613895e-04 1.009961521521847011e-01
8.510119127980198073e+02 9.989132753525149788e-02 2.849057486228621168e-04 9.960642178662862389e-02
8.550837401319815854e+02 9.852866086773284793e-02 2.798947990551303722e-04 9.824876606867771756e-02
8.591555674659434771e+02 9.721848787085020371e-02 2.746849396185361094e-04 9.694380293123167069e-02
8.632273947999052552e+02 9.596220407650572770e-02 2.694644987105124690e-04 9.569273957779519946e-02
8.672992221338670333e+02 9.474167430738425488e-02 2.644228952206203413e-04 9.447725141216366251e-02
8.713710494678289251e+02 9.352525527155061691e-02 2.597085348421328634e-04 9.326554673670847673e-02
8.754428768017907032e+02 9.227775598542009572e-02 2.553967087900447424e-04 9.202235927663007797e-02
8.795147041357524813e+02 9.097087443606689805e-02 2.514745106053536917e-04 9.071939992546154685e-02
8.835865314697143731e+02 8.959070687317852166e-02 2.478455094515829801e-04 8.934286136372694698e-02
8.876583588036761512e+02 8.814011740149044205e-02 2.443521416881858500e-04 8.789576525980224986e-02
8.917301861376379293e+02 8.663555629818993353e-02 2.408096624277508138e-04 8.639474663576218738e-02
8.958020134715998211e+02 8.509965903957975031e-02 2.370430374150340027e-04 8.486261600216471468e-02
8.998738408055615992e+02 8.355209708807920244e-02 2.329179619338120843e-04 8.331917912614536514e-02
9.039456681395233772e+02 8.200143167623256957e-02 2.283593042200298372e-04 8.177307237201253409e-02
9.080174954734852690e+02 8.044021138008106142e-02 2.233540944907161851e-04 8.021685728559033168e-02
9.120893228074470471e+02 7.884454484718200762e-02 2.179406149392205472e-04 7.862660423224279715e-02
9.161611501414088252e+02 7.717822690260654761e-02 2.121888715386531857e-04 7.696603803106789876e-02
9.202329774753707170e+02 7.540048089374778995e-02 2.061796122197536449e-04 7.519430128152804205e-02
9.243048048093324951e+02 7.347565137443551331e-02 1.999885376123219124e-04 7.327566283682317161e-02
9.283766321432942732e+02 7.138278067011127881e-02 1.936796654304263508e-04 7.118910100468085755e-02
9.324484594772561650e+02 6.912293445222848776e-02 1.873079435876020974e-04 6.893562650864090702e-02
9.365202868112179431e+02 6.672242635707942293e-02 1.809275719874747432e-04 6.654149878509196814e-02
9.405921141451797212e+02 6.423076635871896589e-02 1.746004229665455384e-04 6.405616593575243212e-02
9.446639414791416129e+02 6.171321362143221412e-02 1.683992030059817198e-04 6.154481441842622746e-02
9.487357688131033910e+02 5.923912060001237934e-02 1.624024540854427713e-04 5.907671814592695136e-02
9.528075961470652828e+02 5.686852040541374304e-02 1.566821827882513337e-04 5.671183822262549495e-02
9.568794234810270609e+02 5.464023234557705000e-02 1.512883677542079647e-04 5.448894397782284155e-02
9.609512508149888390e+02 5.256476376345613211e-02 1.462364361459817441e-04 5.241852732731012987e-02
9.650230781489507308e+02 5.062428909194820192e-02 1.415032326631569326e-04 5.048278585928506201e-02
9.690949054829125089e+02 4.878013571625777756e-02 1.370341719381642977e-04 4.864310154431961131e-02
9.731667328168742870e+02 4.698598972990504496e-02 1.327601950233187793e-04 4.685322953488173237e-02
9.772385601508361788e+02 4.520315609818526675e-02 1.286193736406808237e-04 4.507453672454458937e-02
9.813103874847979569e+02 4.341334519288088389e-02 1.245759737349066228e-04 4.328876921914597692e-02
9.853822148187597350e+02 4.162500190950911561e-02 1.206303221892747056e-04 4.150437158731985071e-02
9.894540421527216267e+02 3.987106981233513869e-02 1.168157910662579488e-04 3.975425402126890606e-02
9.935258694866834048e+02 3.819873747889980520e-02 1.131835944977383542e-04 3.808555388440206663e-02
9.975976968206451829e+02 3.665428566266228788e-02 1.097803355231078012e-04 3.654450532713920952e-02
1.001669524154607075e+03 3.526777006679860521e-02 1.066258426584545732e-04 3.516114422414017004e-02
1.005741351488568853e+03 3.404236875958577269e-02 1.036988865979637689e-04 3.393866987298780474e-02
1.009813178822530631e+03 3.295174610904855889e-02 1.009358580875526412e-04 3.285081025096101698e-02
1.013885006156492523e+03 3.194622921913974067e-02 9.824329620735310726e-05 3.184798592293237862e-02
1.017956833490454301e+03 3.096581926869390600e-02 9.552071268134019197e-05 3.087029855601256673e-02
1.022028660824416079e+03 2.995599116271996029e-02 9.268693236035805425e-05 2.986330423035959275e-02
1.026100488158377857e+03 2.888152910671232254e-02 8.970216856439951550e-05 2.879182693814792693e-02
1.030172315492339749e+03 2.773447612275551505e-02 8.657950006831638531e-05 2.764789662268719861e-02
1.034244142826301641e+03 2.653428930741275060e-02 8.338272957469482910e-05 2.645090657783805838e-02
1.038315970160263305e+03 2.532076019267704217e-02 8.021163447958546983e-05 2.524054855819746895e-02
1.042387797494225197e+03 2.414234948192872654e-02 7.717907934890854815e-05 2.406517040257981355e-02
1.046459624828187088e+03 2.304365798763641573e-02 7.438634541181380483e-05 2.296927164222461321e-02
1.050531452162148753e+03 2.205556724348919917e-02 7.190293249237985230e-05 2.198366431099682550e-02
1.054603279496110645e+03 2.119033439627792531e-02 6.975525034891576388e-05 2.112057914592899849e-02
1.058675106830072536e+03 2.044214765365726799e-02 6.792579288639243127e-05 2.037422186077089692e-02
1.062746934164034201e+03 1.979198359889631012e-02 6.636153599075191468e-05 1.972562206290555051e-02
1.066818761497996093e+03 1.921457580601292417e-02 6.498824290679394450e-05 1.914958756310613380e-02
1.070890588831957984e+03 1.868513802197212248e-02 6.372654990613642063e-05 1.862141147206597402e-02
1.074962416165919649e+03 1.818408878118907973e-02 6.250613018458212305e-05 1.812158265100451138e-02
1.079034243499881541e+03 1.769905470209080442e-02 6.127551076628946422e-05 1.763777919132451105e-02
1.083106070833843432e+03 1.722445602532551509e-02 6.000668226961242352e-05 1.716444934305591530e-02
1.087177898167805097e+03 1.675964933732179349e-02 5.869497510520586738e-05 1.670095436221661483e-02
1.091249725501766989e+03 1.630676126704414669e-02 5.735546645264287752e-05 1.624940580059150430e-02
1.095321552835728880e+03 1.586905302875920437e-02 5.601738311276905063e-05 1.581303564564645603e-02
1.099393380169690545e+03 1.545012534654866335e-02 5.471774130294705793e-05 1.539540760524572838e-02
1.103465207503652437e+03 1.505376950428062577e-02 5.349507343913070096e-05 1.500027443084150577e-02
1.107537034837614328e+03 1.468399314735472500e-02 5.238375730556461547e-05 1.463160939004915645e-02
1.111608862171575993e+03 1.434476935337137063e-02 5.140929206344486231e-05 1.429336006130794284e-02
1.115680689505537885e+03 1.403930970457794442e-02 5.058483737502500813e-05 1.398872486720291464e-02
1.119752516839499776e+03 1.376899565863740245e-02 4.990934490893149302e-05 1.371908631372847909e-02
1.123824344173461441e+03 1.353235509618958173e-02 4.936755674504706782e-05 1.348298753944452907e-02
1.127896171507423333e+03 1.332453630433165156e-02 4.893196689211020984e-05 1.327560433743955881e-02
1.131967998841385224e+03 1.313759430974013875e-02 4.856655947427294907e-05 1.308902775026586293e-02
1.136039826175347116e+03 1.296163294418554469e-02 4.823182555895429375e-05 1.291340111862658568e-02
1.140111653509308780e+03 1.278655436845571938e-02 4.789031001078920607e-05 1.273866405844492448e-02
1.144183480843270672e+03 1.260396543976425102e-02 4.751181559191141679e-05 1.255645362417235310e-02
1.148255308177232564e+03 1.240874177284327813e-02 4.707741726556451817e-05 1.236166435557773356e-02
1.152327135511194228e+03 1.219985839163619835e-02 4.658160390249438398e-05 1.215327678773370570e-02
1.156398962845156120e+03 1.198031040351144050e-02 4.603214063079232596e-05 1.193427826288063348e-02
1.160470790179118012e+03 1.175619135992621994e-02 4.544760525792266616e-05 1.171074375466829055e-02
1.164542617513079676e+03 1.153519763145186353e-02 4.485296583684204646e-05 1.149034466561501752e-02
1.168614444847041568e+03 1.132493682842258993e-02 4.427398398205751066e-05 1.128066284444053519e-02
1.172686272181003460e+03 1.113142387425608212e-02 4.373156728826728358e-05 1.108769230696780156e-02
1.176758099514965124e+03 1.095806600581784515e-02 4.323734394275497968e-05 1.091482866187509261e-02
1.180829926848927016e+03 1.080530096243698460e-02 4.279158955303836390e-05 1.076250937288393550e-02
1.184901754182888908e+03 1.067089811455026668e-02 4.238415624701079212e-05 1.062851395830323974e-02
1.188973581516850572e+03 1.055079245740809211e-02 4.199830051953825022e-05 1.050879415688854915e-02
1.193045408850812464e+03 1.044021979327616756e-02 4.161646239737046369e-05 1.039860333087880284e-02
1.197117236184774356e+03 1.033487282479177843e-02 4.122637745974369258e-05 1.029364644733203951e-02
1.201189063518736020e+03 1.023180888702233428e-02 4.082566097800749199e-05 1.019098322604431589e-02
1.205260890852697912e+03 1.012990853879214281e-02 4.042333483265296654e-05 1.008948520395949386e-02
1.209332718186659804e+03 1.002979788074766232e-02 4.003763062941124995e-05 9.989760250118259743e-03
1.213404545520621468e+03 9.933283149237564363e-03 3.969055626909333669e-05 9.893592592968463925e-03
1.217476372854583360e+03 9.842472482310619941e-03 3.940078788918296862e-05 9.803071694421443966e-03
1.221548200188545252e+03 9.758843708641206163e-03 3.917707149084627763e-05 9.719666637150355115e-03
1.225620027522506916e+03 9.682533197406532205e-03 3.901425182585024172e-05 9.643518945580686896e-03
1.229691854856468808e+03 9.612060620755102230e-03 3.889328521363159732e-05 9.573167335541463152e-03
1.233763682190430700e+03 9.544581138427279954e-03 3.878537628543803203e-05 9.505795762141836663e-03
1.237835509524392364e+03 9.476603364389183867e-03 3.865910780052059584e-05 9.437944256588660236e-03
1.241907336858354256e+03 9.404973166686935587e-03 3.848852944524728875e-05 9.366484637241701688e-03
1.245979164192316148e+03 9.327842223447332937e-03 3.825992667378768633e-05 9.289582296773551268e-03
1.250050991526277812e+03 9.245342359888941708e-03 3.797546228911111372e-05 9.207366897599843225e-03
1.254122818860239704e+03 9.159772374718360560e-03 3.765288298393461080e-05 9.122119491734428931e-03
1.258194646194201596e+03 9.075246811720717038e-03 3.732165189477003493e-05 9.037925159825949822e-03
1.262266473528163260e+03 8.996910581755994396e-03 3.701681367854707918e-05 8.959893768077448889e-03
1.266338300862125152e+03 8.929940210785098503e-03 3.677233558700753000e-05 8.893167875198091515e-03
1.270410128196087044e+03 8.878595457354379605e-03 3.661551330043144375e-05 8.841979944053945939e-03
1.274481955530048708e+03 8.845543571348596021e-03 3.656341682740097332e-05 8.808980154521185019e-03
1.278553782864010600e+03 8.831571674220387719e-03 3.662156178350673167e-05 8.794950112436885487e-03
1.282625610197972492e+03 8.835672422491776951e-03 3.678433802653942276e-05 8.798888084465231185e-03
1.286697437531934156e+03 8.855383021267371202e-03 3.703643295812047553e-05 8.818346588309246281e-03
1.290769264865896048e+03 8.887214703420867612e-03 3.735460219469056552e-05 8.849860101226156989e-03
1.294841092199857940e+03 8.927039502695865297e-03 3.770953835533473204e-05 8.889329964340522000e-03
1.298912919533819604e+03 8.970383389604031504e-03 3.806802670767712830e-05 8.932315362896353292e-03
1.302984746867781496e+03 9.012667169197290107e-03 3.839580470322808466e-05 8.974271364494050204e-03
1.307056574201743388e+03 9.049492344479414738e-03 3.866141403516493245e-05 9.010830930444253817e-03
1.311128401535705052e+03 9.077058331317807219e-03 3.884087154766070228e-05 9.038217459770131121e-03
1.315200228869666944e+03 9.092720810455107855e-03 3.892237871186443078e-05 9.053798431743233233e-03
1.319272056203628836e+03 9.095591797085359614e-03 3.890982126300703914e-05 9.056681975822350461e-03
1.323343883537590500e+03 9.086992613222997020e-03 3.882374003880188990e-05 9.048168873184176536e-03
1.327415710871552392e+03 9.070550288646988396e-03 3.869890182744522818e-05 9.031851386819543873e-03
1.331487538205514284e+03 9.051798612490839085e-03 3.857848234535050545e-05 9.013220130145466191e-03
1.335559365539475948e+03 9.037290756599584973e-03 3.850591989961192662e-05 8.998784836699982859e-03
1.339631192873437840e+03 9.033399611609623306e-03 3.851633826776356719e-05 8.994883273341847812e-03
1.343703020207399732e+03 9.045107804592875111e-03 3.862974267196964346e-05 9.006478061920904221e-03
1.347774847541361396e+03 9.075117214460238363e-03 3.884780805196263835e-05 9.036269406408278110e-03
1.351846674875323288e+03 9.123519419118927137e-03 3.915509238268665175e-05 9.084364326736238046e-03
1.355918502209285180e+03 9.188091601701376884e-03 3.952423024234383644e-05 9.148567371459016134e-03
1.359990329543246844e+03 9.265081188273011428e-03 3.992351802584116673e-05 9.225157670247159311e-03
1.364062156877208736e+03 9.350192491506863213e-03 4.032467596777069251e-05 9.309867815539092303e-03
1.368133984211170628e+03 9.439446678623432396e-03 4.070866512476985352e-05 9.398738013498643407e-03
1.372205811545132292e+03 9.529667618325871753e-03 4.106819727368030875e-05 9.488599421052183042e-03
1.376277638879094184e+03 9.618518112375519860e-03 4.140672080212926334e-05 9.577111391573371948e-03
1.380349466213056076e+03 9.704206510643961087e-03 4.173479480748743453e-05 9.662471715836468827e-03
1.384421293547017967e+03 9.785126942939644662e-03 4.206550348383165071e-05 9.743061439455811060e-03
1.388493120880979632e+03 9.859731336326293255e-03 4.241069556203212049e-05 9.817320640764258532e-03
1.392564948214941523e+03 9.926841566212506185e-03 4.277935743663579572e-05 9.884062208775870606e-03
1.396636775548903415e+03 9.986423424767933849e-03 4.317853772868850701e-05 9.943244887039244528e-03
1.400708602882865080e+03 1.004062257318296889e-02 4.361624237670920848e-05 9.997006330806267049e-03
1.404780430216826971e+03 1.009468226067375060e-02 4.410492797212535367e-05 1.005057733270163511e-02
1.408852257550788863e+03 1.015729077411214355e-02 4.466387289862714825e-05 1.011262690121351483e-02
1.412924084884750528e+03 1.023998326489944030e-02 4.531890959201729553e-05 1.019466435530741802e-02
1.416995912218712419e+03 1.035544810930111650e-02 4.609872746865774622e-05 1.030934938183242049e-02
1.421067739552674311e+03 1.051491873150032716e-02 4.702804805790437403e-05 1.046789068344240389e-02
1.425139566886635976e+03 1.072518465805950144e-02 4.811916778576404694e-05 1.067706549027372040e-02
1.429211394220597867e+03 1.098602192908430114e-02 4.936432081973894941e-05 1.093665760826456092e-02
1.433283221554559759e+03 1.128891454663744943e-02 5.073167994849248834e-05 1.123818286668894911e-02
1.437355048888521424e+03 1.161774225712496923e-02 5.216731636605248610e-05 1.156557494075891208e-02
1.441426876222483315e+03 1.195164393216783388e-02 5.360401690598703755e-05 1.189803991526183422e-02
1.445498703556445207e+03 1.226962311972595518e-02 5.497576157519575078e-05 1.221464735815076634e-02
1.449570530890406872e+03 1.255582500496148918e-02 5.623447945773618552e-05 1.249959052550375996e-02
1.453642358224368763e+03 1.280400913415568470e-02 5.736422001768827408e-05 1.274664491413799415e-02
1.457714185558330655e+03 1.301976516130422951e-02 5.838783504786101324e-05 1.296137732625638264e-02
1.461786012892292320e+03 1.321954702555189556e-02 5.936301163602162147e-05 1.316018401391585123e-02
1.465857840226254211e+03 1.342653427895728474e-02 6.036773245399231478e-05 1.336616654650331359e-02
1.469929667560216103e+03 1.366439118965039404e-02 6.147899184894331905e-05 1.360291219780145229e-02
1.474001494894177767e+03 1.395080834866427658e-02 6.275147598544598667e-05 1.388805687267883129e-02
1.478073322228139659e+03 1.429293718829758794e-02 6.420363380866395391e-05 1.422873355448894123e-02
1.482145149562101551e+03 1.468630684193770672e-02 6.581651319583593307e-05 1.462049032874187041e-02
1.486216976896063215e+03 1.511766370851718930e-02 6.754637053174919730e-05 1.505011733798545040e-02
1.490288804230025107e+03 1.557078295476055710e-02 6.934688375514818726e-05 1.550143607100540853e-02
1.494360631563986999e+03 1.603319507418920348e-02 7.119285756502954617e-05 1.596200221662417984e-02
1.498432458897948663e+03 1.650141227464368976e-02 7.309637814932606762e-05 1.642831589649436722e-02
1.502504286231910555e+03 1.698282316008041526e-02 7.510913091691846202e-05 1.690771402916351612e-02
1.506576113565872447e+03 1.749376427180221114e-02 7.731018179647742520e-05 1.741645409000574379e-02
1.510647940899834111e+03 1.805485109050379913e-02 7.978475048680904423e-05 1.797506634001701242e-02
1.514719768233796003e+03 1.868579660196319214e-02 8.260368009655716360e-05 1.860319292186664308e-02
1.518791595567757895e+03 1.940213942543446424e-02 8.581339637683731776e-05 1.931632602905764690e-02
1.522863422901719559e+03 2.021540675324348668e-02 8.944176423393324386e-05 2.012596498900957181e-02
1.526935250235681451e+03 2.113659020848401848e-02 9.351799718597378808e-05 2.104307221129807226e-02
1.531007077569643343e+03 2.218112227064261005e-02 9.809772822267143395e-05 2.208302454241993854e-02
1.535078904903605007e+03 2.337259178589851105e-02 1.032807851517480611e-04 2.326931100074675768e-02
1.539150732237566899e+03 2.474274072744175185e-02 1.092111335264923347e-04 2.463352959391529318e-02
1.543222559571528791e+03 2.632682151997074727e-02 1.160555459057380939e-04 2.621076597406500619e-02
1.547294386905490455e+03 2.815557677348795584e-02 1.239671262894790108e-04 2.803160964719846743e-02
1.551366214239452347e+03 3.024699237669239982e-02 1.330477802710616450e-04 3.011394459642133259e-02
1.555438041573414239e+03 3.260167767425938001e-02 1.433263420002924688e-04 3.245835133225909164e-02
1.559509868907375903e+03 3.520480448021073849e-02 1.547646861829519549e-04 3.505003979402780689e-02
1.563581696241337795e+03 3.803524087257089542e-02 1.672940930202933599e-04 3.786794677955059724e-02
1.567653523575299687e+03 4.107972646918932325e-02 1.808723389374479852e-04 4.089885413025189792e-02
1.571725350909261351e+03 4.434781338829722058e-02 1.955434240249642372e-04 4.415226996427225326e-02
1.575797178243223243e+03 4.788277987258905688e-02 2.114803371656579162e-04 4.767129953542340731e-02
1.579869005577185135e+03 5.176509310731478020e-02 2.289976700262455489e-04 5.153609543728854964e-02
1.583940832911146799e+03 5.610771265369750294e-02 2.485325648466842757e-04 5.585918008885083774e-02
1.588012660245108691e+03 6.104541962147204404e-02 2.706042425421851475e-04 6.077481537892988339e-02
1.592084487579070583e+03 6.672213364968573868e-02 2.957687482092215400e-04 6.642636490147652006e-02
1.596156314913032247e+03 7.328000309439974824e-02 3.245833541739429192e-04 7.295541974022581866e-02
1.600228142246994139e+03 8.085196233403368904e-02 3.575849753959991421e-04 8.049437735863768095e-02
1.604299969580956031e+03 8.955640197023656546e-02 3.952735816783403363e-04 8.916112838855824729e-02
1.608371796914917695e+03 9.949009471949976646e-02 4.380816244967581210e-04 9.905201309500302753e-02
1.612443624248879587e+03 1.107149531548122234e-01 4.863097731216706686e-04 1.102286433816905831e-01
1.616515451582841479e+03 1.232361893523741259e-01 5.400199614541091250e-04 1.226961693909200402e-01
1.620587278916803143e+03 1.369734949588664319e-01 5.988960159242703862e-04 1.363745989429421823e-01
1.624659106250765035e+03 1.517314406140415350e-01 6.621027791689995277e-04 1.510693378348725857e-01
1.628730933584726927e+03 1.671784400750667143e-01 7.281878615081025267e-04 1.664502522135586360e-01
1.632802760918688818e+03 1.828437398757943588e-01 7.950691516936250281e-04 1.820486707241007474e-01
1.636874588252650483e+03 1.981384658623523420e-01 8.601342652526751051e-04 1.972783315970996487e-01
1.640946415586612375e+03 2.124006548675067829e-01 9.204496498997590589e-04 2.114802052176070479e-01
1.645018242920574266e+03 2.249574207947186988e-01 9.730463614337004404e-04 2.239843744332850051e-01
1.649090070254535931e+03 2.351923355843549834e-01 1.015227233651362637e-03 2.341771083507036277e-01
1.653161897588497823e+03 2.426045939882444658e-01 1.044834251405889723e-03 2.415597597368386029e-01
1.657233724922459714e+03 2.468491454924526263e-01 1.060427507454148868e-03 2.457887179849985171e-01
1.661305552256421379e+03 2.477527646437767128e-01 1.061353564482613119e-03 2.466914110792940984e-01
1.665377379590383271e+03 2.453078798055202125e-01 1.047711782367821351e-03 2.442601680231524242e-01
1.669449206924345162e+03 2.396514403998567522e-01 1.020251400629440010e-03 2.386311889992273616e-01
1.673521034258306827e+03 2.310383399309307584e-01 9.802420070706184888e-04 2.300580979238601165e-01
1.677592861592268719e+03 2.198174037252731972e-01 9.293534492138884762e-04 2.188880502760593150e-01
1.681664688926230610e+03 2.064136456271200570e-01 8.695626194775819091e-04 2.055440830076424863e-01
1.685736516260192275e+03 1.913153882920692328e-01 8.030826099279702104e-04 1.905123056821412253e-01
1.689808343594154167e+03 1.750611272189731005e-01 7.322939271651180814e-04 1.743288332918080108e-01
1.693880170928116058e+03 1.582202181051836631e-01 6.596541104183203984e-04 1.575605639947653680e-01
1.697951998262077723e+03 1.413638339719425763e-01 5.875720280032306663e-04 1.407762619439393847e-01
1.702023825596039615e+03 1.250271076503927659e-01 5.182515842718549192e-04 1.245088560661209293e-01
1.706095652930001506e+03 1.096680420405604373e-01 4.535284015949307842e-04 1.092145136389655047e-01
1.710167480263963171e+03 9.563168704661276220e-02 3.947341521442455448e-04 9.523695289446851286e-02
1.714239307597925063e+03 8.312803505419538719e-02 3.426218139677652446e-04 8.278541324022764547e-02
1.718311134931886954e+03 7.222904681337900812e-02 2.973715021496208173e-04 7.193167531122940384e-02
1.722382962265848619e+03 6.288529891384854464e-02 2.586756919473211496e-04 6.262662322190125364e-02
1.726454789599810510e+03 5.495770953982176410e-02 2.258821516673471959e-04 5.473182738815442205e-02
1.730526616933772402e+03 4.825636220234649082e-02 1.981597735879365183e-04 4.805820242875857851e-02
1.734598444267734067e+03 4.257762688372229015e-02 1.746506355720481600e-04 4.240297624815025923e-02
1.738670271601695958e+03 3.773258309152967283e-02 1.545806194006634914e-04 3.757800247212901568e-02
1.742742098935657850e+03 3.356327446837555767e-02 1.373165727568967723e-04 3.342595789561867564e-02
1.746813926269619515e+03 2.994718525591018310e-02 1.223743405541221924e-04 2.982481091535607587e-02
1.750885753603581406e+03 2.679322813005152043e-02 1.093936285308688455e-04 2.668383450152065142e-02
1.754957580937543298e+03 2.403372381173160544e-02 9.809971557226611111e-05 2.393562409615936429e-02
1.759029408271504963e+03 2.161632751302667438e-02 8.826879532462691925e-05 2.152805871770205326e-02
1.763101235605466854e+03 1.949822354777019234e-02 7.970603443881499849e-05 1.941851751333140141e-02
1.767173062939428746e+03 1.764304796517264518e-02 7.223713430832271647e-05 1.757081083086434181e-02
1.771244890273390411e+03 1.601967052590030222e-02 6.570847921347962328e-05 1.595396204668683704e-02
1.775316717607352302e+03 1.460153671284812604e-02 5.998928784113678769e-05 1.454154742500699676e-02
1.779388544941314194e+03 1.336564275555671491e-02 5.497103443378149553e-05 1.331067172112294569e-02
1.783460372275275859e+03 1.229097574400803833e-02 5.056292424587626550e-05 1.224041281976217740e-02
1.787532199609237750e+03 1.135690847008609568e-02 4.668529508890101863e-05 1.131022317499719154e-02
1.791604026943199642e+03 1.054226702157565893e-02 4.326408368620935437e-05 1.049900293788946955e-02
1.795675854277161307e+03 9.825539281567544775e-03 4.022872878577950879e-05 9.785310552781771934e-03
1.799747681611123198e+03 9.186163876239957990e-03 3.751389266698262805e-05 9.148649983572992167e-03
1.803819508945085090e+03 8.606340588364598879e-03 3.506341515881601601e-05 8.571277173205802541e-03
1.807891336279046754e+03 8.072586142839996426e-03 3.283397405119036156e-05 8.039752168788816961e-03
1.811963163613008646e+03 7.576404808134418883e-03 3.079633607749572913e-05 7.545608472056924455e-03
1.816034990946970538e+03 7.113848252292697891e-03 2.893344874253616066e-05 7.084914803550170295e-03
1.820106818280932202e+03 6.684191457292565711e-03 2.723614692328585590e-05 6.656955310369285818e-03
1.824178645614894094e+03 6.288246257304911692e-03 2.569818389277540730e-05 6.262548073412148482e-03
1.828250472948855986e+03 5.926868626990701612e-03 2.431230573447470435e-05 5.902556321256241002e-03
1.832322300282817650e+03 5.600022144921334988e-03 2.306833582496367976e-05 5.576953809096367107e-03
1.836394127616779542e+03 5.306467696840915307e-03 2.195322276401010355e-05 5.284514474076899837e-03
1.840465954950741434e+03 5.043908032694483998e-03 2.095226116729945534e-05 5.022955771527190180e-03
1.844537782284703098e+03 4.809320187356721024e-03 2.005051074726861516e-05 4.789269676609473822e-03
1.848609609618664990e+03 4.599263827211111377e-03 1.923376376329110694e-05 4.580030063447838688e-03
1.852681436952626882e+03 4.410089047193978609e-03 1.848894219138359112e-05 4.391600105002613219e-03
1.856753264286588546e+03 4.238087948664556390e-03 1.780419877511963582e-05 4.220283749889437025e-03
1.860825091620550438e+03 4.079675047720204145e-03 1.716905928583676276e-05 4.062505988434368318e-03
1.864896918954512330e+03 3.931636322316259258e-03 1.657472121064619758e-05 3.915061601105635815e-03
1.868968746288473994e+03 3.791402394301871676e-03 1.601433356802082000e-05 3.775388060733843483e-03
1.873040573622435886e+03 3.657242746605367592e-03 1.548295789244313880e-05 3.641759788712914479e-03
1.877112400956397778e+03 3.528287201157742116e-03 1.497705398180832436e-05 3.513310147175943265e-03
1.881184228290359442e+03 3.404354554762664253e-03 1.449365803862714009e-05 3.389860896724057170e-03
1.885256055624321334e+03 3.285662158931710632e-03 1.402970787535492839e-05 3.271632451056363713e-03
1.889327882958283226e+03 3.172547893181683083e-03 1.358201006973209623e-05 3.158965883111943939e-03
1.893399710292245118e+03 3.065322373881882150e-03 1.314806700756494622e-05 3.052174306874320172e-03
1.897471537626206782e+03 2.964290678161756419e-03 1.272750699788116624e-05 2.951563171163877706e-03
1.901543364960168674e+03 2.869882850403532998e-03 1.232343790579052420e-05 2.857559412497748599e-03
1.905615192294130566e+03 2.782766813266689988e-03 1.194291923525670862e-05 2.770823894031430434e-03
1.909687019628092230e+03 2.703823076317633800e-03 1.159602369714399423e-05 2.692227052620510975e-03
1.913758846962054122e+03 2.633935987428261995e-03 1.129353732172570280e-05 2.622642450106532890e-03
1.917830674296016014e+03 2.573661791276620706e-03 1.104396698372031918e-05 2.562617824292894465e-03
1.921902501629977678e+03 2.522913770140877612e-03 1.085089271782723895e-05 2.512062877423062827e-03
1.925974328963939570e+03 2.480816685006380015e-03 1.071163834774036222e-05 2.470105046658637241e-03
1.930046156297901462e+03 2.445818946496240102e-03 1.061775722325162782e-05 2.435201189272987159e-03
1.934117983631863126e+03 2.416041850779525671e-03 1.055714921263817697e-05 2.405484701566892088e-03
1.938189810965825018e+03 2.389743073533650251e-03 1.051703658059976326e-05 2.379226036953039497e-03
1.942261638299786910e+03 2.365723975998311815e-03 1.048677302259860399e-05 2.355237202975717439e-03
1.946333465633748574e+03 2.343537069000228845e-03 1.045962375197714150e-05 2.333077445248256908e-03
1.950405292967710466e+03 2.323435468910671573e-03 1.043312975822886053e-05 2.313002339152432467e-03
1.954477120301672358e+03 2.306108833657959361e-03 1.040822667021064959e-05 2.295700606987744266e-03
1.958548947635634022e+03 2.292324362394632629e-03 1.038768973383761098e-05 2.281936672660798190e-03
1.962620774969595914e+03 2.282608812469503340e-03 1.037458211586532312e-05 2.272234230353624342e-03
1.966692602303557805e+03 2.277068717805921620e-03 1.037120409417069465e-05 2.266697513711743960e-03
1.970764429637519470e+03 2.275376578495690548e-03 1.037870897483586481e-05 2.264997869520837641e-03
1.974836256971481362e+03 2.276885744638198952e-03 1.039724375785151838e-05 2.266488500880342941e-03
1.978908084305443253e+03 2.280802590563177530e-03 1.042631791367085739e-05 2.270376272649488221e-03
1.982979911639404918e+03 2.286348224767622162e-03 1.046513154675991037e-05 2.275883093220869204e-03
1.987051738973366810e+03 2.292870910108298424e-03 1.051273900262062356e-05 2.282358171105691638e-03
1.991123566307328701e+03 2.299902928165264634e-03 1.056807685662089843e-05 2.289334851308648649e-03
1.995195393641290366e+03 2.307174335970690448e-03 1.062996007848562781e-05 2.296544375892201669e-03
1.999267220975252258e+03 2.314596452317735711e-03 1.069712606487993947e-05 2.303899326252852736e-03
2.003339048309214149e+03 2.322218475887553348e-03 1.076832693287834835e-05 2.311450148954670263e-03
2.007410875643175814e+03 2.330155074280321030e-03 1.084240678149510058e-05 2.319312667498840512e-03
2.011482702977137706e+03 2.338489825384148200e-03 1.091830170034896821e-05 2.327571523683812961e-03
2.015554530311099597e+03 2.347176647927090749e-03 1.099496362072045270e-05 2.336181684306377730e-03
2.019626357645061262e+03 2.355976750099385026e-03 1.107128565904543904e-05 2.344905464440359428e-03
2.023698184979023154e+03 2.364468351315898460e-03 1.114613575628554455e-05 2.353322215559626712e-03
2.027770012312985045e+03 2.372144452526723200e-03 1.121855653142631043e-05 2.360925895995298184e-03
2.031841839646946710e+03 2.378577113353287902e-03 1.128808396844480479e-05 2.367289029384854211e-03
2.035913666980908602e+03 2.383592298715982421e-03 1.135503871697463249e-05 2.372237259999013335e-03
2.039985494314870493e+03 2.387386009649701199e-03 1.142061760865298352e-05 2.375965392041057885e-03
2.044057321648832158e+03 2.390529569801073690e-03 1.148668687790370814e-05 2.379042882923185134e-03
2.048129148982794050e+03 2.393853850819217203e-03 1.155532050549403904e-05 2.382298530313718861e-03
2.052200976316755714e+03 2.398250019966165648e-03 1.162826007317514145e-05 2.386621759892995111e-03
2.056272803650717833e+03 2.404455483256811958e-03 1.170651731551868389e-05 2.392748965941292761e-03
2.060344630984679497e+03 2.412893511548944853e-03 1.179026310992395319e-05 2.401103248439039224e-03
2.064416458318641162e+03 2.423604835497056732e-03 1.187898236534293186e-05 2.411725853131720197e-03
2.068488285652603281e+03 2.436265856875530558e-03 1.197171360605674919e-05 2.424294143269489603e-03
2.072560112986564945e+03 2.450254225550721997e-03 1.206713283811169395e-05 2.438187092712597228e-03
2.076631940320526610e+03 2.464715747595017711e-03 1.216333262106319685e-05 2.452552414973963382e-03
2.080703767654488729e+03 2.478609014606303687e-03 1.225735590593277489e-05 2.466351658700381005e-03
2.084775594988450393e+03 2.490741205051857313e-03 1.234476406736738714e-05 2.478396440984479733e-03
2.088847422322412058e+03 2.499836620681400445e-03 1.241962152231890240e-05 2.487416999159089773e-03
2.092919249656374177e+03 2.504678929829045556e-03 1.247518297633117599e-05 2.492203746852720420e-03
2.096991076990335841e+03 2.504334200913093875e-03 1.250528682996024135e-05 2.491828914083116676e-03
2.101062904324297506e+03 2.498408927992313774e-03 1.250610263316921613e-05 2.485902825359156791e-03
2.105134731658259625e+03 2.487252440325085547e-03 1.247761776154140750e-05 2.474774822563543652e-03
2.109206558992221289e+03 2.472002934285342721e-03 1.242422026275782133e-05 2.459578714022592379e-03
2.113278386326182954e+03 2.454413128372366464e-03 1.235398679997627988e-05 2.442059141572378283e-03
2.117350213660145073e+03 2.436465683528084899e-03 1.227673707030472574e-05 2.424188946457774864e-03
2.121422040994106737e+03 2.419871581084149636e-03 1.220139228786739927e-05 2.407670188796261386e-03
2.125493868328068402e+03 2.405601342408176298e-03 1.213347674455412671e-05 2.393467865663626102e-03
2.129565695662030521e+03 2.393603066010472485e-03 1.207359550642424017e-05 2.381529470504046165e-03
2.133637522995992185e+03 2.382807637097629234e-03 1.201740118762863703e-05 2.370790235909991852e-03
2.137709350329953850e+03 2.371428891030926637e-03 1.195705168559194412e-05 2.359471839345330790e-03
2.141781177663915969e+03 2.357469781133715060e-03 1.188365873654298927e-05 2.345586122397155544e-03
2.145853004997877633e+03 2.339280821093662251e-03 1.178992497047719732e-05 2.327490896123184539e-03
2.149924832331839298e+03 2.316006795488359440e-03 1.167216709429326916e-05 2.304334628394058473e-03
2.153996659665801417e+03 2.287802487688356083e-03 1.153120094277630914e-05 2.276271286745582857e-03
2.158068486999763081e+03 2.255777743561347519e-03 1.137198889557043495e-05 2.244405754665762705e-03
2.162140314333724746e+03 2.221715405633930933e-03 1.120234612319589247e-05 2.210513059510734769e-03
2.166212141667686865e+03 2.187663796776291060e-03 1.103122720531832414e-05 2.176632569570968907e-03
2.170283969001648529e+03 2.155523107167186050e-03 1.086711559863988907e-05 2.144655991568525724e-03
2.174355796335610194e+03 2.126724113412866313e-03 1.071686150353737596e-05 2.116007251909321572e-03
2.178427623669572313e+03 2.102053463506637146e-03 1.058507006531426937e-05 2.091468393441320728e-03
2.182499451003533977e+03 2.081632290559010806e-03 1.047394806142578521e-05 2.071158342497589778e-03
2.186571278337495642e+03 2.065019746829106339e-03 1.038344098928016622e-05 2.054636305839828165e-03
2.190643105671457761e+03 2.051396138833836390e-03 1.031152903760767717e-05 2.041084609796221631e-03
2.194714933005419425e+03 2.039778469485836829e-03 1.025463755014381612e-05 2.029523831935700975e-03
2.198786760339381090e+03 2.029226720732970994e-03 1.020817771486508258e-05 2.019018543018099264e-03
2.202858587673343209e+03 2.019005942456394108e-03 1.016721898761680366e-05 2.008838723468770772e-03
2.206930415007304873e+03 2.008675914529819626e-03 1.012721413523984704e-05 1.998548700394564993e-03
2.211002242341266538e+03 1.998090041868683976e-03 1.008460685828727554e-05 1.988005435010397216e-03
2.215074069675228657e+03 1.987302109682275667e-03 1.003712097114831288e-05 1.977264988711124535e-03
2.219145897009190321e+03 1.976403615589089526e-03 9.983601593632253097e-06 1.966420013995439330e-03
2.223217724343151986e+03 1.965339566952160541e-03 9.923440216078169198e-06 1.955416126736096195e-03
2.227289551677114105e+03 1.953766382504319027e-03 9.855800977084862736e-06 1.943910581527241374e-03
2.231361379011075769e+03 1.941011833775425953e-03 9.778986040595948732e-06 1.931232847734823052e-03
2.235433206345037433e+03 1.926170001824694528e-03 9.690265225729600041e-06 1.916479736598978873e-03
2.239505033678999553e+03 1.908319919216142340e-03 9.586337045708697682e-06 1.898733582170436963e-03
2.243576861012961217e+03 1.886809623521439050e-03 9.464339384557420411e-06 1.877345284136877970e-03
2.247648688346922881e+03 1.861515943600230722e-03 9.323087721095258567e-06 1.852192855879148704e-03
2.251720515680885001e+03 1.832988552324370506e-03 9.164089122265444234e-06 1.823824463202092499e-03
2.255792343014846665e+03 1.802418187582833890e-03 8.991920827318430703e-06 1.793426266755518157e-03
2.259864170348808329e+03 1.771424138745335275e-03 8.813763715434980205e-06 1.762610375029910730e-03
2.263935997682770449e+03 1.741715940229868372e-03 8.638168035430426493e-06 1.733077772194440303e-03
2.268007825016732113e+03 1.714726929465296146e-03 8.473391746165181981e-06 1.706253537719127494e-03
2.272079652350694232e+03 1.691327052271114802e-03 8.325791845688180321e-06 1.683001260425418585e-03
2.276151479684655897e+03 1.671695354972318418e-03 8.198717874996662371e-06 1.663496637097314993e-03
2.280223307018617561e+03 1.655378941893051719e-03 8.092174002294360603e-06 1.647286767890730145e-03
2.284295134352579680e+03 1.641504473879086372e-03 8.003258086412576929e-06 1.633501215792676573e-03
2.288366961686541345e+03 1.629062308860719250e-03 7.927152330813782427e-06 1.621135156529910238e-03
2.292438789020503009e+03 1.617167754728236588e-03 7.858312219587564062e-06 1.609309442508647953e-03
2.296510616354465128e+03 1.605222439788601269e-03 7.791511416464346612e-06 1.597430928372115238e-03
2.300582443688426793e+03 1.592942596580836784e-03 7.722525933385483970e-06 1.585220070647440187e-03
2.304654271022388457e+03 1.580272389528966561e-03 7.648414941980384942e-06 1.572623974586995731e-03
2.308726098356350576e+03 1.567239864196479787e-03 7.567501325388459907e-06 1.559672362871088441e-03
2.312797925690312240e+03 1.553826890013433517e-03 7.479218099698634482e-06 1.546347671913730817e-03
2.316869753024273905e+03 1.539909382250305089e-03 7.383955991106352684e-06 1.532525426259208345e-03
2.320941580358236024e+03 1.525288072880495987e-03 7.282955272038029175e-06 1.518005117608456182e-03
2.325013407692197688e+03 1.509788653398888136e-03 7.178189167070887691e-06 1.502610464231807219e-03
2.329085235026159353e+03 1.493379970654318181e-03 7.072141198045825503e-06 1.486307829456261567e-03
2.333157062360121472e+03 1.476251605911384907e-03 6.967410436090851634e-06 1.469284195475278280e-03
2.337228889694083136e+03 1.458809656369136707e-03 6.866172219597345980e-06 1.451943484149523667e-03
2.341300717028044801e+03 1.441584074356588689e-03 6.769629933211607047e-06 1.434814444423370035e-03
2.345372544362006920e+03 1.425078251028519781e-03 6.677657765478170037e-06 1.418400593263030064e-03
2.349444371695968584e+03 1.409616686840191747e-03 6.588813704261440186e-06 1.403027873135923205e-03
2.353516199029930249e+03 1.395249697974448953e-03 6.500792419451774558e-06 1.388748905554985143e-03
2.357588026363892368e+03 1.381754067308166214e-03 6.411226603508367750e-06 1.375342840704642071e-03
2.361659853697854032e+03 1.368733227391945133e-03 6.318597427458689554e-06 1.362414629964469638e-03
2.365731681031815697e+03 1.355783543462912421e-03 6.222944813767921756e-06 1.349560598649128182e-03
2.369803508365777816e+03 1.342668509640100507e-03 6.126112843136705816e-06 1.336542396796963367e-03
2.373875335699739480e+03 1.329439222872387614e-03 6.031415815640204289e-06 1.323407807056738248e-03
2.377947163033701145e+03 1.316458238048734755e-03 5.942813069463337991e-06 1.310515424979266565e-03
2.382018990367663264e+03 1.304317533395755666e-03 5.863858429580370629e-06 1.298453674966167353e-03
2.386090817701624928e+03 1.293677404427992852e-03 5.796773025314465224e-06 1.287880631402672262e-03
2.390162645035586593e+03 1.285078925226141623e-03 5.741944260447175022e-06 1.279336980965681790e-03
2.394234472369548712e+03 1.278789764772359384e-03 5.697995878108720906e-06 1.273091768894235240e-03
2.398306299703510376e+03 1.274730267999364848e-03 5.662365916476590514e-06 1.269067902082883677e-03
2.402378127037472041e+03 1.272499422101436989e-03 5.632152281298292030e-06 1.266867269820131162e-03
2.406449954371434160e+03 1.271488623458393724e-03 5.604907616198759671e-06 1.265883715842192579e-03
2.410521781705395824e+03 1.271045527425332736e-03 5.579112990732298504e-06 1.265466414434577615e-03
2.414593609039357489e+03 1.270638093469990577e-03 5.554209039678072298e-06 1.265083884430326031e-03
2.418665436373319608e+03 1.269972507334630324e-03 5.530248744215501919e-06 1.264442258590390590e-03
2.422737263707281272e+03 1.269035170927103155e-03 5.507380929682355927e-06 1.263527789997390821e-03
2.426809091041242937e+03 1.268052240897050986e-03 5.485420880419931370e-06 1.262566820016608124e-03
2.430880918375205056e+03 1.267383184584164324e-03 5.463700702643028550e-06 1.261919483881499340e-03
2.434952745709166720e+03 1.267381632408181094e-03 5.441250997467999163e-06 1.261940381410722040e-03
2.439024573043128385e+03 1.268263972745584112e-03 5.417211775863819056e-06 1.262846760969707147e-03
2.443096400377090504e+03 1.270022804219244142e-03 5.391270946523832926e-06 1.264631533272712882e-03
2.447168227711052168e+03 1.272409867625204707e-03 5.363922856595622042e-06 1.267045944768580706e-03
2.451240055045013833e+03 1.274994387522761924e-03 5.336424296285434323e-06 1.269657963226467762e-03
2.455311882378975952e+03 1.277281994526337922e-03 5.310458977465857926e-06 1.271971535548852006e-03
2.459383709712937616e+03 1.278861444881804199e-03 5.287643048309241013e-06 1.273573801833478153e-03
2.463455537046899281e+03 1.279536113024712374e-03 5.269062092855657654e-06 1.274267050931837675e-03
2.467527364380861400e+03 1.279398490123116738e-03 5.255003958725752060e-06 1.274143486164384942e-03
2.471599191714823064e+03 1.278819887976234693e-03 5.244959642598248043e-06 1.273574928333617851e-03
2.475671019048784729e+03 1.278351705856654863e-03 5.237852096330131244e-06 1.273113853760297898e-03
2.479742846382746848e+03 1.278562608435326875e-03 5.232371289949069512e-06 1.273330237145368915e-03
2.483814673716708512e+03 1.279858992957183528e-03 5.227276106441810111e-06 1.274631716850709029e-03
2.487886501050670176e+03 1.282345744430236911e-03 5.221570616529067196e-06 1.277124173813690144e-03
2.491958328384632296e+03 1.285775641628225663e-03 5.214544736706556213e-06 1.280561096891501272e-03
2.496030155718593960e+03 1.289610043966649827e-03 5.205743376628091650e-06 1.284404300590007153e-03
2.500101983052555624e+03 1.293178176843799015e-03 5.194957107928696843e-06 1.287983219735833185e-03
2.504173810386517744e+03 1.295889144343555927e-03 5.182298546066021073e-06 1.290706845797479768e-03
2.508245637720479408e+03 1.297431528426248870e-03 5.168358733233279281e-06 1.292263169693009736e-03
2.512317465054441072e+03 1.297897467560732432e-03 5.154363932874774304e-06 1.292743103627851803e-03
2.516389292388403192e+03 1.297791351982003835e-03 5.142214721067341673e-06 1.292649137260922995e-03
2.520461119722364856e+03 1.297919892660230265e-03 5.134309013172697837e-06 1.292785583647034636e-03
2.524532947056326520e+03 1.299197534669872811e-03 5.133124637689159917e-06 1.294064410032170695e-03
2.528604774390288640e+03 1.302426080364280092e-03 5.140636141791825970e-06 1.297285444222456147e-03
2.532676601724250304e+03 1.308111830681010779e-03 5.157723504888099119e-06 1.302954107176120674e-03
2.536748429058211968e+03 1.316367184082416555e-03 5.183761921674428456e-06 1.311183422160727002e-03
2.540820256392174088e+03 1.326913719118357621e-03 5.216546748343972150e-06 1.321697172370007306e-03
2.544892083726135752e+03 1.339172040731376190e-03 5.252616836929946452e-06 1.333919423894446704e-03
2.548963911060097416e+03 1.352401418772315039e-03 5.287924000300675987e-06 1.347113494772018971e-03
2.553035738394059535e+03 1.365846010796228915e-03 5.318694893535378613e-06 1.360527315902703566e-03
2.557107565728021200e+03 1.378853779146180930e-03 5.342275677549016520e-06 1.373511503468639178e-03
2.561179393061982864e+03 1.390952520342735033e-03 5.357753617718600267e-06 1.385594766725017218e-03
2.565251220395944983e+03 1.401885451843859487e-03 5.366207595880714463e-06 1.396519244247992203e-03
2.569323047729906648e+03 1.411618873743206160e-03 5.370530771915172936e-06 1.406248342971278681e-03
2.573394875063868312e+03 1.420333736865186242e-03 5.374866806866077703e-06 1.414958870058314472e-03
2.577466702397830431e+03 1.428404409895949953e-03 5.383782611630393835e-06 1.423020627284301426e-03
2.581538529731792096e+03 1.436358314826075358e-03 5.401350440904713638e-06 1.430956964385181676e-03
2.585610357065753760e+03 1.444806447022450174e-03 5.430324835861368880e-06 1.439376122186579454e-03
2.589682184399715879e+03 1.454340857274480717e-03 5.471577496230173527e-06 1.448869279778244173e-03
2.593754011733677544e+03 1.465409420777765911e-03 5.523902228287856306e-06 1.459885518549473502e-03
2.597825839067639208e+03 1.478194407584789219e-03 5.584231695278407161e-06 1.472610175889491405e-03
2.601897666401601327e+03 1.492531328042893263e-03 5.648228622277384064e-06 1.486883099420613710e-03
2.605969493735562992e+03 1.507901907550812139e-03 5.711139094754865580e-06 1.502190768456049264e-03
2.610041321069524656e+03 1.523518366081022014e-03 5.768738663863192317e-06 1.517749627417162156e-03
2.614113148403486775e+03 1.538489820497960896e-03 5.818176305689466568e-06 1.532671644192241424e-03
2.618184975737448440e+03 1.552034361861636888e-03 5.858535646299095623e-06 1.546175826215329119e-03
2.622256803071410104e+03 1.563682030194835614e-03 5.890987971906013225e-06 1.557791042222906805e-03
2.626328630405372223e+03 1.573411654392490103e-03 5.918498049498988143e-06 1.567493156342976424e-03
2.630400457739333888e+03 1.581680046738330458e-03 5.945143237547838126e-06 1.575734903500782512e-03
2.634472285073295552e+03 1.589330950505541806e-03 5.975195291690502900e-06 1.583355755213823601e-03
2.638544112407257671e+03 1.597404541399351750e-03 6.012170286238651329e-06 1.591392371113113397e-03
2.642615939741219336e+03 1.606895906279953105e-03 6.058060175484985361e-06 1.600837846104488475e-03
2.646687767075181000e+03 1.618524559580138177e-03 6.112916547443855795e-06 1.612411643032694592e-03
2.650759594409143119e+03 1.632573109171542042e-03 6.174873046952317245e-06 1.626398236124599293e-03
2.654831421743104784e+03 1.648833506972068432e-03 6.240588596482474779e-06 1.642592918375585442e-03
2.658903249077066448e+03 1.666670280666928804e-03 6.305995373466987373e-06 1.660364285293468864e-03
2.662975076411028567e+03 1.685180359564812918e-03 6.367168688391070582e-06 1.678813190876420275e-03
2.667046903744990232e+03 1.703406737060103463e-03 6.421117506327718742e-06 1.696985619553769429e-03
2.671118731078951896e+03 1.720553643052629257e-03 6.466328295934222360e-06 1.714087314756689451e-03
2.675190558412914015e+03 1.736155468714462502e-03 6.502970319533570454e-06 1.729652498394902531e-03
2.679262385746875680e+03 1.750167665661642082e-03 6.532764323865332054e-06 1.743634901337775232e-03
2.683334213080837344e+03 1.762969579049188888e-03 6.558600158453249153e-06 1.756410978890727724e-03
2.687406040414799463e+03 1.775289983577640982e-03 6.584036895757841741e-06 1.768705946681886285e-03
2.691477867748761128e+03 1.788080340638249863e-03 6.612818558955721893e-06 1.781467522079293762e-03
2.695549695082722792e+03 1.802365585385870203e-03 6.648494069107181367e-06 1.795717091316743289e-03
2.699621522416684911e+03 1.819098181667185964e-03 6.694162601845251182e-06 1.812404019065348790e-03
2.703693349750646576e+03 1.839031904621805068e-03 6.752305342719295113e-06 1.832279599279081680e-03
2.707765177084608240e+03 1.862622474215295913e-03 6.824638775135977165e-06 1.855797835440145191e-03
2.711837004418570359e+03 1.889957216388569224e-03 6.911945163576055547e-06 1.883045271224989374e-03
2.715908831752532024e+03 1.920717106103939174e-03 7.013893012226010779e-06 1.913703213091717120e-03
2.719980659086493688e+03 1.954179911246746795e-03 7.128924714901700580e-06 1.947050986531861927e-03
2.724052486420455807e+03 1.989277768736679580e-03 7.254323310904763544e-06 1.982023445425785523e-03
2.728124313754417472e+03 2.024720674147318950e-03 7.386547351572391677e-06 2.017334126795731000e-03
2.732196141088379136e+03 2.059185564973769859e-03 7.521838780935900456e-06 2.051663726192848054e-03
2.736267968422341255e+03 2.091550100599748763e-03 7.656990035852137251e-06 2.083893110563889497e-03
2.740339795756302919e+03 2.121127329413158204e-03 7.790052583071690974e-06 2.113337276830101231e-03
2.744411623090264584e+03 2.147842009540142615e-03 7.920732529871551139e-06 2.139921277010271416e-03
2.748483450424226703e+03 2.172290696582064064e-03 8.050281914891204088e-06 2.164240414667174730e-03
2.752555277758188367e+03 2.195650099637094094e-03 8.180850206953877574e-06 2.187469249430139782e-03
2.756627105092150032e+03 2.219437893432035271e-03 8.314460746397295179e-06 2.211123432685643559e-03
2.760698932426112151e+03 2.245175518684112449e-03 8.451945653148917534e-06 2.236723573030959412e-03
2.764770759760073815e+03 2.274037623603264099e-03 8.592236326698961778e-06 2.265445387276571968e-03
2.768842587094035935e+03 2.306583618216869261e-03 8.732324953123881545e-06 2.297851293263760558e-03
2.772914414427997599e+03 2.342647072416389944e-03 8.867999795657039060e-06 2.333779072620726942e-03
2.776986241761959263e+03 2.381413267313320110e-03 8.995182191727990259e-06 2.372418085121601877e-03
2.781058069095921383e+03 2.421659012632339236e-03 9.111456097817894392e-06 2.412547556534523022e-03
2.785129896429883047e+03 2.462081391798856024e-03 9.217274991203910743e-06 2.452864116807665449e-03
2.789201723763844711e+03 2.501619900146113094e-03 9.316404624351863530e-06 2.492303495521762044e-03
2.793273551097806831e+03 2.539686366989557867e-03 9.415395721703971339e-06 2.530270971267848529e-03
2.797345378431768495e+03 2.576253630031661961e-03 9.522198034327036386e-06 2.566731431997348531e-03
2.801417205765730159e+03 2.611801875472391597e-03 9.644313144425975797e-06 2.602157562327965350e-03
2.805489033099692278e+03 2.647162443044020954e-03 9.787035423227264785e-06 2.637375407620809464e-03
2.809560860433653943e+03 2.683318996324491734e-03 9.952296103739105212e-06 2.673366700220756315e-03
2.813632687767615607e+03 2.721221690514514721e-03 1.013842177285961561e-05 2.711083268741656081e-03
2.817704515101577726e+03 2.761648466126413303e-03 1.034082423106221253e-05 2.751307641895359059e-03
2.821776342435539391e+03 2.805122277723199643e-03 1.055336080161531527e-05 2.794568916921604061e-03
2.825848169769501055e+03 2.851876479262068116e-03 1.076993599598584156e-05 2.841106543266096532e-03
2.829919997103463174e+03 2.901858144515742036e-03 1.098590151367591621e-05 2.890872243002088997e-03
2.833991824437424839e+03 2.954766888607699739e-03 1.119893519867102335e-05 2.943567953409043786e-03
2.838063651771386503e+03 3.010134510524380830e-03 1.140927631846592322e-05 2.998725234205920111e-03
2.842135479105348622e+03 3.067448431361416167e-03 1.161938394026888538e-05 3.055829047421156769e-03
2.846207306439310287e+03 3.126306175323440364e-03 1.183320574881240343e-05 3.114472969574628991e-03
2.850279133773271951e+03 3.186565446856732750e-03 1.205527600581251689e-05 3.174510170850940345e-03
2.854350961107234070e+03 3.248438178731923118e-03 1.228982488804590762e-05 3.236148353843884204e-03
2.858422788441195735e+03 3.312480643915743234e-03 1.254002130705259704e-05 3.299940622608693239e-03
2.862494615775157399e+03 3.379460516276108165e-03 1.280742698174790629e-05 3.366653089294367740e-03
2.866566443109119518e+03 3.450127970442447636e-03 1.309172466719361666e-05 3.437036245775258736e-03
2.870638270443081183e+03 3.524962809058876725e-03 1.339078172764708412e-05 3.511572027331226822e-03
2.874710097777042847e+03 3.603991406740732640e-03 1.370108955626677706e-05 3.590290317184462177e-03
2.878781925111004966e+03 3.686751800658643816e-03 1.401855572082127575e-05 3.672733244937838315e-03
2.882853752444966631e+03 3.772434146067526854e-03 1.433952329179513565e-05 3.758094622775740717e-03
2.886925579778928295e+03 3.860155544468897582e-03 1.466178692491299602e-05 3.845493757543979110e-03
2.890997407112890414e+03 3.949271382322799145e-03 1.498532124140117576e-05 3.934286061081399867e-03
2.895069234446852079e+03 4.039605611540205560e-03 1.531247663501332339e-05 4.024293134905203295e-03
2.899141061780813743e+03 4.131510821958810607e-03 1.564753732145217823e-05 4.115863284637364880e-03
2.903212889114775862e+03 4.225735585099810177e-03 1.599573664630215631e-05 4.209739848453517182e-03
2.907284716448737527e+03 4.323154060702005981e-03 1.636201243365877469e-05 4.306792048268366126e-03
2.911356543782699191e+03 4.424468270694491105e-03 1.674988471930040921e-05 4.407718385975197689e-03
2.915428371116661310e+03 4.530002899749734774e-03 1.716080525094942173e-05 4.512842094498787683e-03
2.919500198450622975e+03 4.639672125618414175e-03 1.759417114297355316e-05 4.622077954475461818e-03
2.923572025784584639e+03 4.753125743460765579e-03 1.804797294224932090e-05 4.735077770518522980e-03
2.927643853118546758e+03 4.870009161739223373e-03 1.851984391685191755e-05 4.851489317822386092e-03
2.931715680452508423e+03 4.990229246783913289e-03 1.900816487408600076e-05 4.971221081909830974e-03
2.935787507786470087e+03 5.114121444048028500e-03 1.951288801826250602e-05 5.094608556029770439e-03
2.939859335120432206e+03 5.242458064337198083e-03 2.003585437778331816e-05 5.222422209959420511e-03
2.943931162454393871e+03 5.376300712332792234e-03 2.058053667100713654e-05 5.355720175661804992e-03
2.948002989788355535e+03 5.516753458477689082e-03 2.115128237145896643e-05 5.495602176106234235e-03
2.952074817122317654e+03 5.664697234586532279e-03 2.175222305576167761e-05 5.642945011530772770e-03
2.956146644456279319e+03 5.820576207068512559e-03 2.238605454120537247e-05 5.798190152527313637e-03
2.960218471790240983e+03 5.984275712463079690e-03 2.305290202245474478e-05 5.961222810440646412e-03
2.964290299124203102e+03 6.155098305286718988e-03 2.374948980868383901e-05 6.131348815478044473e-03
2.968362126458164767e+03 6.331824887626538029e-03 2.446883726373781610e-05 6.307356050362810350e-03
2.972433953792126431e+03 6.512844786407971133e-03 2.520067275845415920e-05 6.487644113649541910e-03
2.976505781126088550e+03 6.696342852190992345e-03 2.593265640834032954e-05 6.670410195782661665e-03
2.980577608460050214e+03 6.880529820130766930e-03 2.665231330997421206e-05 6.853877506820800145e-03
2.984649435794011879e+03 7.063887646320103804e-03 2.734933675466844722e-05 7.036538309565451565e-03
2.988721263127973998e+03 7.245381100898184296e-03 2.801771514489862164e-05 7.217363385753284427e-03
2.992793090461935662e+03 7.424578420672710462e-03 2.865707956424106686e-05 7.395921341108476280e-03
2.996864917795897327e+03 7.601645001993755611e-03 2.927283935559289686e-05 7.572372162638150300e-03
3.000936745129859446e+03 7.777228371233305126e-03 2.987505933595857198e-05 7.747353311897349319e-03
3.005008572463821110e+03 7.952320877894098264e-03 3.047651232069870661e-05 7.921844365573391805e-03
3.009080399797782775e+03 8.128231372524269763e-03 3.109071422419763591e-05 8.097140658300066435e-03
3.013152227131744894e+03 8.306780341978327320e-03 3.173081931324967355e-05 8.275049522665087892e-03
3.017224054465706558e+03 8.490738569741043684e-03 3.240992511463453669e-05 8.458328644626419285e-03
3.021295881799668223e+03 8.684380283337813505e-03 3.314268502776541742e-05 8.651237598310046462e-03
3.025367709133630342e+03 8.893879100413532024e-03 3.394739537882494104e-05 8.859931705034724755e-03
3.029439536467592006e+03 9.127216521364337615e-03 3.484724104417313362e-05 9.092369280320174510e-03
3.033511363801553671e+03 9.393356411601208253e-03 3.586942468330480381e-05 9.357486986917920579e-03
3.037583191135515790e+03 9.700669161234538179e-03 3.704155331981967732e-05 9.663627607914726525e-03
3.041655018469477454e+03 1.005490127842459391e-02 3.838573618216161061e-05 1.001651554224244206e-02
3.045726845803439119e+03 1.045726165255264455e-02 3.991196135712504192e-05 1.041734969119552552e-02
3.049798673137401238e+03 1.090330632534829321e-02 4.161299081574472468e-05 1.086169333453255136e-02
3.053870500471362902e+03 1.138316740129965456e-02 4.346288961170935612e-05 1.133970451168794802e-02
3.057942327805324567e+03 1.188329752721506427e-02 4.542032137406517255e-05 1.183787720584100929e-02
3.062014155139286686e+03 1.238939926019423307e-02 4.743618623546396493e-05 1.234196307395877233e-02
3.066085982473248350e+03 1.288975746043913295e-02 4.946360500239171498e-05 1.284029385543674143e-02
3.070157809807210015e+03 1.337797387809593758e-02 5.146728294827676098e-05 1.332650659514766911e-02
3.074229637141172134e+03 1.385422533937997330e-02 5.342934821320910075e-05 1.380079599116677824e-02
3.078301464475133798e+03 1.432461531141504887e-02 5.534990379299910106e-05 1.426926540762206083e-02
3.082373291809095463e+03 1.479881933634140390e-02 5.724238146482553934e-05 1.474157695487658334e-02
3.086445119143057582e+03 1.528681328213480836e-02 5.912566166164896038e-05 1.522768762047317474e-02
3.090516946477019246e+03 1.579579819326198259e-02 6.101610015598804950e-05 1.573478209310600479e-02
3.094588773810980911e+03 1.632836592653380894e-02 6.292259679988542170e-05 1.626544332973392862e-02
3.098660601144943030e+03 1.688250043726000765e-02 6.484661415059368456e-05 1.681765382310940887e-02
3.102732428478904694e+03 1.745333980718032085e-02 6.678704233670045270e-05 1.738655276484361856e-02
3.106804255812866359e+03 1.803597962727926385e-02 6.874777020378385929e-05 1.796723185707547327e-02
3.110876083146828478e+03 1.862821837757012988e-02 7.074455576118758495e-05 1.855747382180895216e-02
3.114947910480790142e+03 1.923217133260401307e-02 7.280781363579462602e-05 1.915936351896821779e-02
3.119019737814751807e+03 1.985410117482168391e-02 7.497929733300790715e-05 1.977912187748867567e-02
3.123091565148713926e+03 2.050247429199662103e-02 7.730288833216066545e-05 2.042517140366447229e-02
3.127163392482675590e+03 2.118490910697751195e-02 7.981201099944269057e-05 2.110509709597808287e-02
3.131235219816637255e+03 2.190509984171642305e-02 8.251772340074940097e-05 2.182258211831568373e-02
3.135307047150599374e+03 2.266083121836355921e-02 8.540170391815372387e-05 2.257542951444540744e-02
3.139378874484561038e+03 2.344384338298592663e-02 8.841705279134305130e-05 2.335542633019457859e-02
3.143450701818522703e+03 2.424169466964107289e-02 9.149746291541477642e-05 2.415019720672567302e-02
3.147522529152484822e+03 2.504111784975277324e-02 9.457266444058519536e-05 2.494654518531217585e-02
3.151594356486446486e+03 2.583189098940474188e-02 9.758599331110575335e-05 2.573430499609364111e-02
3.155666183820408150e+03 2.661009282066178691e-02 1.005091562579839108e-04 2.650958366440377828e-02
3.159738011154370270e+03 2.737981529029714228e-02 1.033500205378823128e-04 2.727646526975925634e-02
3.163809838488331934e+03 2.815287804016107856e-02 1.061512996936771224e-04 2.804672674046741060e-02
3.167881665822293598e+03 2.894666917425788716e-02 1.089806778646802438e-04 2.883768849639321841e-02
3.171953493156255718e+03 2.978074345438593701e-02 1.119153654164915281e-04 2.966882808896945806e-02
3.176025320490217382e+03 3.067310135001880683e-02 1.150255464238157449e-04 3.055807580359500009e-02
3.180097147824179046e+03 3.163708476468966857e-02 1.183612332684069106e-04 3.151872353142126659e-02
3.184168975158141166e+03 3.267957857144485057e-02 1.219457172918311143e-04 3.255763285415302910e-02
3.188240802492102830e+03 3.380079238384088580e-02 1.257765721516968394e-04 3.367501581168919761e-02
3.192312629826064494e+03 3.499544302351530189e-02 1.298327839443121350e-04 3.486561023957099326e-02
3.196384457160026614e+03 3.625479360580980553e-02 1.340848326301850944e-04 3.612070877317961198e-02
3.200456284493988278e+03 3.756882559077129313e-02 1.385039823446220951e-04 3.743032160842668654e-02
3.204528111827949942e+03 3.892786593336228229e-02 1.430677858055614941e-04 3.878479814755671218e-02
3.208599939161912062e+03 4.032323999771854350e-02 1.477605427803300488e-04 4.017547945493819134e-02
3.212671766495873726e+03 4.174689347259333272e-02 1.525695058676633737e-04 4.159432396672567422e-02
3.216743593829835390e+03 4.319030882973128038e-02 1.574792313211631533e-04 4.303282959841010780e-02
3.220815421163797510e+03 4.464331452920782678e-02 1.624670451255683904e-04 4.448084748408225042e-02
3.224887248497759174e+03 4.609345796903534243e-02 1.675019559697920636e-04 4.592595601306554559e-02
3.228959075831720838e+03 4.752645392321204476e-02 1.725477920501798917e-04 4.735390613116187419e-02
3.233030903165682957e+03 4.892786880495103574e-02 1.775695222228668721e-04 4.875029928272815727e-02
3.237102730499644622e+03 5.028576195235795465e-02 1.825403961114680862e-04 5.010322155624646889e-02
3.241174557833606286e+03 5.159361782590686507e-02 1.874472431620394230e-04 5.140617058274482565e-02
3.245246385167568405e+03 5.285269867539325178e-02 1.922921068551374174e-04 5.266040656853811230e-02
3.249318212501530070e+03 5.407300484648348143e-02 1.970899669646251342e-04 5.387591487951884361e-02
3.253390039835491734e+03 5.527234777578710762e-02 2.018639027988761723e-04 5.507048387298822678e-02
3.257461867169453853e+03 5.647353427076141907e-02 2.066399445280370532e-04 5.626689432623337844e-02
3.261533694503415518e+03 5.770018789992323316e-02 2.114436402088807699e-04 5.748874425971434166e-02
3.265605521837377637e+03 5.897213947195738271e-02 2.162991485613024577e-04 5.875584032339609131e-02
3.269677349171339301e+03 6.030148411146026011e-02 2.212300592779700053e-04 6.008025405218229975e-02
3.273749176505300966e+03 6.169027793307937241e-02 2.262599758682718549e-04 6.146401795721110478e-02
3.277821003839263085e+03 6.313046472584007973e-02 2.314108336701636457e-04 6.289905389216991771e-02
3.281892831173224749e+03 6.460608203374942904e-02 2.366981171332320716e-04 6.436938391661620185e-02
3.285964658507186414e+03 6.609723296965847039e-02 2.421240968262252345e-04 6.585510887283224646e-02
3.290036485841148533e+03 6.758486205898189825e-02 2.476719759099975425e-04 6.733719008307191556e-02
3.294108313175110197e+03 6.905514748048618978e-02 2.533044245589608900e-04 6.880184305592722260e-02
3.298180140509071862e+03 7.050237599702546820e-02 2.589688445337773749e-04 7.024340715249167977e-02
3.302251967843033981e+03 7.192950050709628895e-02 2.646090808826706380e-04 7.166489142621360053e-02
3.306323795176995645e+03 7.334613476958735945e-02 2.701801961011334515e-04 7.307595457348618762e-02
3.310395622510957310e+03 7.476440344938142801e-02 2.756607564022639035e-04 7.448874269297915685e-02
3.314467449844919429e+03 7.619368601799150764e-02 2.810570477215948264e-04 7.591262897026991585e-02
3.318539277178881093e+03 7.763570294707902719e-02 2.863961312873960618e-04 7.734930681579160749e-02
3.322611104512842758e+03 7.908144876110892452e-02 2.917089560036936410e-04 7.878973980510523001e-02
3.326682931846804877e+03 8.051110737516473104e-02 2.970092347895455414e-04 8.021409814037518127e-02
3.330754759180766541e+03 8.189733304068672060e-02 3.022765238430535472e-04 8.159505651684363647e-02
3.334826586514728206e+03 8.321131714278592884e-02 3.074514938494342549e-04 8.290386564893650889e-02
3.338898413848690325e+03 8.443016130027064525e-02 3.124475292220328269e-04 8.411771377104859670e-02
3.342970241182651989e+03 8.554354306329207958e-02 3.171767451572402334e-04 8.522636631813484964e-02
3.347042068516613654e+03 8.655771836309811285e-02 3.215825400807134941e-04 8.623613582301739577e-02
3.351113895850575773e+03 8.749560670938866247e-02 3.256673629780114420e-04 8.716993934641065200e-02
3.355185723184537437e+03 8.839287807813300812e-02 3.295050995000207549e-04 8.806337297863298108e-02
3.359257550518499102e+03 8.929123577360854880e-02 3.332324102258630823e-04 8.895800336338266501e-02
3.363329377852461221e+03 9.023101484876387690e-02 3.370208059336079857e-04 8.989399404283025807e-02
3.367401205186422885e+03 9.124541865418343833e-02 3.410383874679265553e-04 9.090438026671548988e-02
3.371473032520384550e+03 9.235806122271773833e-02 3.454141332784511518e-04 9.201264708943927839e-02
3.375544859854346669e+03 9.358415522078002147e-02 3.502166497043117084e-04 9.323393857107573068e-02
3.379616687188308333e+03 9.493415458157064557e-02 3.554535986115993492e-04 9.457870098295903527e-02
3.383688514522269998e+03 9.641752934328255698e-02 3.610897293828552049e-04 9.605643961389967456e-02
3.387760341856232117e+03 9.804412380984506292e-02 3.670738832160506298e-04 9.767704992662899766e-02
3.391832169190193781e+03 9.982142359120203812e-02 3.733616819727776258e-04 9.944806190922925171e-02
3.395903996524155446e+03 1.017478031287756962e-01 3.799225739455378914e-04 1.013678805548301476e-01
3.399975823858117565e+03 1.038038326335634365e-01 3.867269497438358735e-04 1.034171056838195935e-01
3.404047651192079229e+03 1.059452016061292884e-01 3.937184795826974889e-04 1.055514831265465803e-01
3.408119478526040893e+03 1.081010885545102412e-01 4.007848113883550538e-04 1.077003037431218807e-01
3.412191305860003013e+03 1.101805883300814304e-01 4.077428046791676999e-04 1.097728455254022573e-01
3.416263133193964677e+03 1.120873582368235449e-01 4.143508440147149587e-04 1.116730073928088179e-01
3.420334960527926341e+03 1.137397185533847166e-01 4.203513480548432620e-04 1.133193672053298406e-01
3.424406787861888461e+03 1.150910575488586080e-01 4.255346237236366856e-04 1.146655229251349606e-01
3.428478615195850125e+03 1.161444626903722910e-01 4.298052060711119522e-04 1.157146574843011810e-01
3.432550442529811789e+03 1.169565029200886341e-01 4.332278241305863157e-04 1.165232750959580427e-01
3.436622269863773909e+03 1.176278506065749629e-01 4.360341658678405330e-04 1.171918164407071139e-01
3.440694097197735573e+03 1.182821622370642117e-01 4.385828145415178632e-04 1.178435794225227012e-01
3.444765924531697237e+03 1.190381665765804925e-01 4.412795376427433016e-04 1.185968870389377677e-01
3.448837751865659357e+03 1.199820886786244351e-01 4.444784954501497065e-04 1.195376101831743254e-01
3.452909579199621021e+03 1.211476331442730980e-01 4.483921809352623637e-04 1.206992409633378394e-01
3.456981406533582685e+03 1.225086977733738092e-01 4.530363106961006600e-04 1.220556614626777114e-01
3.461053233867544805e+03 1.239864239092841602e-01 4.582257806065289990e-04 1.235281981286776437e-01
3.465125061201506469e+03 1.254682283939448362e-01 4.636224379591384246e-04 1.250046059559856981e-01
3.469196888535468133e+03 1.268333229841406284e-01 4.688198666606654724e-04 1.263645031174799871e-01
3.473268715869430252e+03 1.279778269758511389e-01 4.734397366248587987e-04 1.275043872392263022e-01
3.477340543203391917e+03 1.288332431325772132e-01 4.772119172210626740e-04 1.283560312153561311e-01
3.481412370537353581e+03 1.293744538132762800e-01 4.800170338165091178e-04 1.288944367794597756e-01
3.485484197871315700e+03 1.296166468297562102e-01 4.818830307863749217e-04 1.291347637989698482e-01
3.489556025205277365e+03 1.296036438961498116e-01 4.829421214797709433e-04 1.291207017746700547e-01
3.493627852539239029e+03 1.293920838022051822e-01 4.833663259023389630e-04 1.289087174763028365e-01
3.497699679873201148e+03 1.290363472874138662e-01 4.833049191026252719e-04 1.285530423683112766e-01
3.501771507207162813e+03 1.285780765338258858e-01 4.828442560185956605e-04 1.280952322778072805e-01
3.505843334541124477e+03 1.280421610861714465e-01 4.820010470370990644e-04 1.275601600391343404e-01
3.509915161875086596e+03 1.274388733364313353e-01 4.807477654797465486e-04 1.269581255709515966e-01
3.513986989209048261e+03 1.267701263667113665e-01 4.790577817886221930e-04 1.262910685849227832e-01
3.518058816543009925e+03 1.260370144041434437e-01 4.769516295959832933e-04 1.255600627745475095e-01
3.522130643876972044e+03 1.252459469084383215e-01 4.745262386312853217e-04 1.247714206698070649e-01
3.526202471210933709e+03 1.244115619563482267e-01 4.719554368435347922e-04 1.239396065195046970e-01
3.530274298544895373e+03 1.235558027588881114e-01 4.694600156219249721e-04 1.230863427432661861e-01
3.534346125878857492e+03 1.227036693612634094e-01 4.672557104586687543e-04 1.222364136508047316e-01
3.538417953212819157e+03 1.218769525658484065e-01 4.654943879370422978e-04 1.214114581779113522e-01
3.542489780546780821e+03 1.210876270745007977e-01 4.642156375126374880e-04 1.206234114369881538e-01
3.546561607880742940e+03 1.203325685856990734e-01 4.633226860078446126e-04 1.198692458996912236e-01
3.550633435214704605e+03 1.195909652380901245e-01 4.625895284368238252e-04 1.191283757096533169e-01
3.554705262548666269e+03 1.188253058734470569e-01 4.616977921958118330e-04 1.183636080812512509e-01
3.558777089882628388e+03 1.179861975574566790e-01 4.602945921257855589e-04 1.175259029653309140e-01
3.562848917216590053e+03 1.170205305806480273e-01 4.580582786202689032e-04 1.165624723020277920e-01
3.566920744550551717e+03 1.158817432873834735e-01 4.547582220409856807e-04 1.154269850653424634e-01
3.570992571884513836e+03 1.145402822163160694e-01 4.502972232175517578e-04 1.140899849930984977e-01
3.575064399218475501e+03 1.129920012753697633e-01 4.447296653588486822e-04 1.125472716100109349e-01
3.579136226552437165e+03 1.112623835256495997e-01 4.382537565422176462e-04 1.108241297691073823e-01
3.583208053886399284e+03 1.094051851390272362e-01 4.311809685198825953e-04 1.089740041705073714e-01
3.587279881220360949e+03 1.074953012124826718e-01 4.238892918528635928e-04 1.070714119206297998e-01
3.591351708554322613e+03 1.056170559003917764e-01 4.167688748518079455e-04 1.052002870255399763e-01
3.595423535888284732e+03 1.038503223525757968e-01 4.101689905667335991e-04 1.034401533620090685e-01
3.599495363222246397e+03 1.022574910443303647e-01 4.043542540036645623e-04 1.018531367903266899e-01
3.603567190556208061e+03 1.008740988715128989e-01 3.994758573366438909e-04 1.004746230141762842e-01
3.607639017890170180e+03 9.970493911491756789e-02 3.955606667518844852e-04 9.930937844816568882e-02
3.611710845224131845e+03 9.872599726477269966e-02 3.925178236050827301e-04 9.833347944116763162e-02
3.615782672558093509e+03 9.789107463291313316e-02 3.901596252115605316e-04 9.750091500770159680e-02
3.619854499892055628e+03 9.714094653955271386e-02 3.882315424078064446e-04 9.675271499714491186e-02
3.623926327226017293e+03 9.641265407380311681e-02 3.864456857292475995e-04 9.602620838807388037e-02
3.627998154559978957e+03 9.564705866076446406e-02 3.845128942554666544e-04 9.526254576650897143e-02
3.632069981893941076e+03 9.479381922846545627e-02 3.821704530488837090e-04 9.441164877541657896e-02
3.636141809227902741e+03 9.381403204594904177e-02 3.792044473113540372e-04 9.343482759863769305e-02
3.640213636561864405e+03 9.268146487249367960e-02 3.754670716778528775e-04 9.230599780081583106e-02
3.644285463895826524e+03 9.138337306160221329e-02 3.708892855383124016e-04 9.101248377606392659e-02
3.648357291229788189e+03 8.992134972459986386e-02 3.654881005741240289e-04 8.955586162402577599e-02
3.652429118563749853e+03 8.831184692685775661e-02 3.593662177928673603e-04 8.795248070906491744e-02
3.656500945897711972e+03 8.658535310851045441e-02 3.527008031882086043e-04 8.623265230532226044e-02
3.660572773231673636e+03 8.478310261513033463e-02 3.457189105496043160e-04 8.443738370458074571e-02
3.664644600565635301e+03 8.295077020406808888e-02 3.386598125807309986e-04 8.261211039148735891e-02
3.668716427899597420e+03 8.112969978250889058e-02 3.317287359086485191e-04 8.079797104660024765e-02
3.672788255233559084e+03 7.934740959587158193e-02 3.250507903669077854e-04 7.902235880550466385e-02
3.676860082567520749e+03 7.760989223253231262e-02 3.186364209065038408e-04 7.729125581162579750e-02
3.680931909901482868e+03 7.589819382632530254e-02 3.123690033980675842e-04 7.558582482292723614e-02
3.685003737235444532e+03 7.417081011237655619e-02 3.060207841170215848e-04 7.386478932825954469e-02
3.689075564569406197e+03 7.237182589423968304e-02 2.992961304974586529e-04 7.207252976374223241e-02
3.693147391903368316e+03 7.044297128901402805e-02 2.918931258565193171e-04 7.015107816315752087e-02
3.697219219237329980e+03 6.833648207773941607e-02 2.835685419381719571e-04 6.805291353580125713e-02
3.701291046571291645e+03 6.602530309219092897e-02 2.741893802393946989e-04 6.575111371195152543e-02
3.705362873905253764e+03 6.350791661172250357e-02 2.637574217018760986e-04 6.324415919002063236e-02
3.709434701239215428e+03 6.080668722426682549e-02 2.524007816587258736e-04 6.055428644260811566e-02
3.713506528573177093e+03 5.796056380695302490e-02 2.403360223630461047e-04 5.772022778458998915e-02
3.717578355907139212e+03 5.501462635270776280e-02 2.278128592385038950e-04 5.478681349346926910e-02
3.721650183241100876e+03 5.200977912804398418e-02 2.150581516118781761e-04 5.179472097643209733e-02
3.725722010575062541e+03 4.897563339260919274e-02 2.022352240499729554e-04 4.877339816855922466e-02
3.729793837909024660e+03 4.592841976401290660e-02 1.894289506507585829e-04 4.573899081336214867e-02
3.733865665242986324e+03 4.287405770124983612e-02 1.766584420247802783e-04 4.269739925922506896e-02
3.737937492576947989e+03 3.981486903298729618e-02 1.639105208839666773e-04 3.965095851210334588e-02
3.742009319910910108e+03 3.675737736142022094e-02 1.511812597046923367e-04 3.660619610171556015e-02
3.746081147244871772e+03 3.371847874639690573e-02 1.385114105677698478e-04 3.357996733582914450e-02
3.750152974578833437e+03 3.072798260034566992e-02 1.260047055433385780e-04 3.060197789480231800e-02
3.754224801912795556e+03 2.782680503284613166e-02 1.138243327343641496e-04 2.771298070011179310e-02
3.758296629246757220e+03 2.506149173418609905e-02 1.021700559383298206e-04 2.495932167824777698e-02
3.762368456580718885e+03 2.247680339193755886e-02 9.124405791551633196e-05 2.238555933402206627e-02
3.766440283914681004e+03 2.010851825103703028e-02 8.121603665605194901e-05 2.002730221438097855e-02
3.770512111248642668e+03 1.797833384343921689e-02 7.219699783839308776e-05 1.790613684560082505e-02
3.774583938582604787e+03 1.609195141406941088e-02 6.422740649605413648e-05 1.602772400757335874e-02
3.778655765916566452e+03 1.444041606859800334e-02 5.728049359758852297e-05 1.438313557500043097e-02
3.782727593250528116e+03 1.300390172625534579e-02 5.127727072355204620e-05 1.295262445553181652e-02
3.786799420584490235e+03 1.175662226935201768e-02 4.610740235911497693e-05 1.171051486699290628e-02
3.790871247918451900e+03 1.067151122949111519e-02 4.164990347971475560e-05 1.062986132601139930e-02
3.794943075252413564e+03 9.723670850159172457e-03 3.778924059325635028e-05 9.685881609565922395e-03
3.799014902586375683e+03 8.892162263187952664e-03 3.442488282518201166e-05 8.857737380362787349e-03
3.803086729920337348e+03 8.160272589053271103e-03 3.147466977748822250e-05 8.128797919275777134e-03
3.807158557254299012e+03 7.514777261090191396e-03 2.887383003698522268e-05 7.485903431053202162e-03
3.811230384588261131e+03 6.944836763036543043e-03 2.657187805825043068e-05 6.918264884978313212e-03
3.815302211922222796e+03 6.441050114622419442e-03 2.452916162553361694e-05 6.416520952996905558e-03
3.819374039256184460e+03 5.994932143572981320e-03 2.271399382493830346e-05 5.972218149748059063e-03
3.823445866590146579e+03 5.598812885085253238e-03 2.110054375223716343e-05 5.577712341333029844e-03
3.827517693924108244e+03 5.245976421299054088e-03 1.966725151791891887e-05 5.226309169781151107e-03
3.831589521258069908e+03 4.930808373947536197e-03 1.839550141410992851e-05 4.912412872533441013e-03
3.835661348592032027e+03 4.648790114048994074e-03 1.726847504272658890e-05 4.631521639006264124e-03
3.839733175925993692e+03 4.396304826452783129e-03 1.627030126327548044e-05 4.380034525189518274e-03
3.843805003259955356e+03 4.170335864850070740e-03 1.538567438443688706e-05 4.154950190465632118e-03
3.847876830593917475e+03 3.968190439967251779e-03 1.460000180344544346e-05 3.953590438163814141e-03
3.851948657927879140e+03 3.787357463767640486e-03 1.389994943372689293e-05 3.773457514333914894e-03
3.856020485261840804e+03 3.625529986026698390e-03 1.327409890559527045e-05 3.612255887121100517e-03
3.860092312595802923e+03 3.480734445699400215e-03 1.271340104706830156e-05 3.468021044652342538e-03
3.864164139929764588e+03 3.351454809653547570e-03 1.221121561592640806e-05 3.339243594037635474e-03
3.868235967263726252e+03 3.236643775917168175e-03 1.176290736530812009e-05 3.224880868551873933e-03
3.872307794597688371e+03 3.135571257393105285e-03 1.136513442668955765e-05 3.124206122966429605e-03
3.876379621931650036e+03 3.047543682292650977e-03 1.101504894053051756e-05 3.036528633352124362e-03
3.880451449265611700e+03 2.971597457080724265e-03 1.070961543285834337e-05 2.960887841647857899e-03
3.884523276599573819e+03 2.906294744726746655e-03 1.044517260007852937e-05 2.895849572126678317e-03
3.888595103933535484e+03 2.849718502321706148e-03 1.021727361140032861e-05 2.839501228710300182e-03
3.892666931267497148e+03 2.799689715562686532e-03 1.002078096556426046e-05 2.789668934597124006e-03
3.896738758601459267e+03 2.754143822603681048e-03 9.850173354249841529e-06 2.744293649249439013e-03
3.900810585935420931e+03 2.711540391728899449e-03 9.700022306916803588e-06 2.701840369421988283e-03
3.904882413269382596e+03 2.671164764512005962e-03 9.565584769198349352e-06 2.661599179742811516e-03
3.908954240603344715e+03 2.633217322158864018e-03 9.443419228720786873e-06 2.623773902930148436e-03
3.913026067937306379e+03 2.598659330811180224e-03 9.331881581906009693e-06 2.589327449229272479e-03
3.917097895271268044e+03 2.568864916997835868e-03 9.231328969645530985e-06 2.559633588028187301e-03
3.921169722605230163e+03 2.545186784288699586e-03 9.143891612556007131e-06 2.536042892676148783e-03
3.925241549939191827e+03 2.528559947588960091e-03 9.072775843653804739e-06 2.519487171745301082e-03
3.929313377273153492e+03 2.519241578028289484e-03 9.021210442697671916e-06 2.510220367585592680e-03
3.933385204607115611e+03 2.516730860126372045e-03 8.991287659760455186e-06 2.507739572466615927e-03
3.937457031941077275e+03 2.519854112868859415e-03 8.983019232095251078e-06 2.510871093636765465e-03
3.941528859275038940e+03 2.526959184320343339e-03 8.993889202227149660e-06 2.517965295118123996e-03
3.945600686609001059e+03 2.536150855000604207e-03 9.019045207923209739e-06 2.527131809792694875e-03
3.949672513942962723e+03 2.545513538894737544e-03 9.052076283247792454e-06 2.536461462611492787e-03
3.953744341276924388e+03 2.553295925243070658e-03 9.086148762675518714e-06 2.544209776480409885e-03
3.957816168610886507e+03 2.558057687004317449e-03 9.115176098888153750e-06 2.548942510905436235e-03
3.961887995944848171e+03 2.558788788808460165e-03 9.134713785833008942e-06 2.549654075022632360e-03
3.965959823278809836e+03 2.555004816944540704e-03 9.142384081453451550e-06 2.545862432863089421e-03
3.970031650612771955e+03 2.546804735770750051e-03 9.137798565171228321e-06 2.537666937205595302e-03
3.974103477946733619e+03 2.534863673393103478e-03 9.122098203855066867e-06 2.525741575189240605e-03
3.978175305280695284e+03 2.520334383079896306e-03 9.097320701523942121e-06 2.511237062378376267e-03
3.982247132614657403e+03 2.504650923635776127e-03 9.065812468156062010e-06 2.495585111167627004e-03
3.986318959948619067e+03 2.489260837861464321e-03 9.029838702251987564e-06 2.480230999159214501e-03
3.990390787282580732e+03 2.475344039253063455e-03 8.991443517275717057e-06 2.466352595735790340e-03
3.994462614616542851e+03 2.463592541698810499e-03 8.952512712761141050e-06 2.454640028986053261e-03
3.998534441950504515e+03 2.454115336291275845e-03 8.914925935246068717e-06 2.445200410356038884e-03
