# time(fs)  total O H
0.000000000000000000e+00 2.341411810922122000e-02 7.015151130283249752e-04 2.271260299619289741e-02
2.000000000000000000e+00 1.743895122114141188e-02 6.771893423234857717e-04 1.676176187881792817e-02
4.000000000000000000e+00 7.135844058382202412e-03 6.336310156261429089e-04 6.502213042756057985e-03
6.000000000000000000e+00 4.058501597937026230e-03 6.154412048345511135e-04 3.443060393102474574e-03
8.000000000000000000e+00 7.722059676031916946e-03 6.209013482871608139e-04 7.101158327744755590e-03
1.000000000000000000e+01 7.733376452831504204e-03 6.103352503118760885e-04 7.123041202519627899e-03
1.200000000000000000e+01 1.400500744656098012e-04 5.689436410782797941e-04 -4.288935666126701554e-04
1.400000000000000000e+01 -6.436835535596837840e-03 5.299240128545629853e-04 -6.966759548451400934e-03
1.600000000000000000e+01 -4.183289735241656378e-03 5.227570512153996473e-04 -4.706046786457055917e-03
1.800000000000000000e+01 2.407354649755379279e-03 5.294652399014626414e-04 1.877889409853916421e-03
2.000000000000000000e+01 3.052065652195245799e-03 5.104820113860320191e-04 2.541583640809213455e-03
2.200000000000000000e+01 -3.721453531526799138e-03 4.609081868739713745e-04 -4.182361718400770187e-03
2.400000000000000000e+01 -9.267154584809006446e-03 4.146026990571650452e-04 -9.681757283866171057e-03
2.600000000000000000e+01 -7.844607446915990295e-03 3.934794267194250588e-04 -8.238086873635416113e-03
2.800000000000000000e+01 -3.874621477442592807e-03 3.803975633356061737e-04 -4.255019040778198168e-03
3.000000000000000000e+01 -4.154482667692024206e-03 3.500978727783554526e-04 -4.504580540470379604e-03
3.200000000000000000e+01 -7.489617715536423144e-03 3.085432922457215362e-04 -7.798161007782142620e-03
3.400000000000000000e+01 -7.058482336480468092e-03 2.823479840205277798e-04 -7.340830320500995113e-03
3.600000000000000000e+01 -1.009885297425660352e-03 2.778293548227787424e-04 -1.287714652248439203e-03
3.800000000000000000e+01 4.766744083604529392e-03 2.717851475997382321e-04 4.494958936004792190e-03
4.000000000000000000e+01 4.979406135283160131e-03 2.445466334247523195e-04 4.734859501858408246e-03
4.200000000000000000e+01 1.725728755048332608e-03 2.051822723692585100e-04 1.520546482679073583e-03
4.400000000000000000e+01 3.800112570373561662e-04 1.742522930580435556e-04 2.057589639793126648e-04
4.600000000000000000e+01 1.763530134286100167e-03 1.540539000315326165e-04 1.609476234254567442e-03
4.800000000000000000e+01 2.122831865778979695e-03 1.301765729226916240e-04 1.992655292856288125e-03
5.000000000000000000e+01 -2.420318636074601760e-04 9.733266020835461578e-05 -3.393645238158147647e-04
5.200000000000000000e+01 -2.257594548702460992e-03 6.825698246938898418e-05 -2.325851531171850301e-03
5.400000000000000000e+01 -8.397987835963705147e-04 5.425413184944417660e-05 -8.940529154458146371e-04
5.600000000000000000e+01 2.598268773736402571e-03 4.878983656286215191e-05 2.549478937173540148e-03
5.800000000000000000e+01 4.362485996613931286e-03 3.753284186240801794e-05 4.324953154751522665e-03
6.000000000000000000e+01 3.439107157839639637e-03 1.733626406993123685e-05 3.421770893769709478e-03
6.200000000000000000e+01 1.970787631634869728e-03 -3.320891734397308133e-06 1.974108523369266788e-03
6.400000000000000000e+01 1.501465629146734064e-03 -1.920605627993970187e-05 1.520671685426673667e-03
6.600000000000000000e+01 1.115974932225404555e-03 -3.430709183887931758e-05 1.150282024064283853e-03
6.800000000000000000e+01 -3.083503404732143333e-04 -5.228365839331441001e-05 -2.560666820798999368e-04
7.000000000000000000e+01 -1.903643572830055527e-03 -6.881496067216816715e-05 -1.834828612157887685e-03
7.200000000000000000e+01 -1.972278331025691719e-03 -7.731314457272986927e-05 -1.894965186452961334e-03
7.400000000000000000e+01 -3.830776951371492366e-04 -7.801181493044863911e-05 -3.050658802067005839e-04
7.600000000000000000e+01 1.379553663823473563e-03 -7.702059853673900211e-05 1.456574262360212308e-03
7.800000000000000000e+01 2.148924044319930077e-03 -7.854397405469616428e-05 2.227468018374626282e-03
8.000000000000000000e+01 2.044713593804322205e-03 -8.198411954420544670e-05 2.126697713348527259e-03
8.200000000000000000e+01 1.572188145283752447e-03 -8.593877658397032352e-05 1.658126921867722568e-03
8.400000000000000000e+01 7.145569224824303758e-04 -9.104467149443861676e-05 8.056015939768691823e-04
8.600000000000000000e+01 -6.841190905799623273e-04 -9.773683645813431131e-05 -5.863822541218278398e-04
8.800000000000000000e+01 -2.215806885516096499e-03 -1.038768503441087727e-04 -2.111930035171987428e-03
9.000000000000000000e+01 -3.091172503560694982e-03 -1.063211950429691487e-04 -2.984851308517725427e-03
9.200000000000000000e+01 -2.902445439735688859e-03 -1.039306443040093585e-04 -2.798514795431679934e-03
9.400000000000000000e+01 -1.907046466820633279e-03 -9.796846672901126860e-05 -1.809078000091622011e-03
9.600000000000000000e+01 -6.724610478288800281e-04 -9.046307680312713566e-05 -5.819979710257527569e-04
9.800000000000000000e+01 3.251517298674426655e-04 -8.320308461827412142e-05 4.083548144857168140e-04
1.000000000000000000e+02 8.121963706482920615e-04 -7.770098842167917185e-05 8.898973590699710843e-04
1.020000000000000000e+02 6.976115802914112764e-04 -7.482609428462382798e-05 7.724376745760351722e-04
1.040000000000000000e+02 6.680299316700995184e-05 -7.421711421238387865e-05 1.410201073793937898e-04
1.060000000000000000e+02 -8.566900096228728233e-04 -7.458745193079519139e-05 -7.821025576920777539e-04
1.080000000000000000e+02 -1.747108556052307318e-03 -7.450414422866349397e-05 -1.672604411823644041e-03
1.100000000000000000e+02 -2.205507050027363108e-03 -7.264636895565692882e-05 -2.132860681071705854e-03
1.120000000000000000e+02 -1.909239162512599590e-03 -6.791117489991858446e-05 -1.841327987612680680e-03
1.140000000000000000e+02 -9.022283094608929280e-04 -6.026919655306595954e-05 -8.419591129078269481e-04
1.160000000000000000e+02 3.266211629670438062e-04 -5.144295864314910179e-05 3.780641216101929486e-04
1.180000000000000000e+02 1.206829980672703174e-03 -4.391389977631787690e-05 1.250743880449021106e-03
1.200000000000000000e+02 1.521797162395062105e-03 -3.902771183609543695e-05 1.560824874231157454e-03
1.220000000000000000e+02 1.380505823151703670e-03 -3.655744343970147853e-05 1.417063266591405291e-03
1.240000000000000000e+02 8.586801239485440402e-04 -3.598254565940715302e-05 8.946626696079510712e-04
1.260000000000000000e+02 -4.563702554681208564e-05 -3.707968713397867192e-05 -8.557338412833410333e-06
1.280000000000000000e+02 -1.069640316851836175e-03 -3.888466409426886365e-05 -1.030755652757567569e-03
1.300000000000000000e+02 -1.619280748904800655e-03 -3.922364367732017839e-05 -1.580057105227480104e-03
1.320000000000000000e+02 -1.302044631816404998e-03 -3.647276855983377518e-05 -1.265571863256571318e-03
1.340000000000000000e+02 -3.824139636943846678e-04 -3.142060727912137237e-05 -3.509933564152633158e-04
1.360000000000000000e+02 5.230609117771506302e-04 -2.643914586140469632e-05 5.495000576385553536e-04
1.380000000000000000e+02 1.099185876926197158e-03 -2.303702017121519576e-05 1.122222897097412391e-03
1.400000000000000000e+02 1.419522149404931453e-03 -2.121876869810815656e-05 1.440740918103039590e-03
1.420000000000000000e+02 1.470630962527646243e-03 -2.105687502844588363e-05 1.491687837556091977e-03
1.440000000000000000e+02 9.979329891261256094e-04 -2.336515597277145250e-05 1.021298145098897218e-03
1.460000000000000000e+02 -1.182934882919141459e-05 -2.806985369386673579e-05 1.624050486467533137e-05
1.480000000000000000e+02 -1.010566973923516122e-03 -3.303906747303564254e-05 -9.775279064504806010e-04
1.500000000000000000e+02 -1.366698096040878333e-03 -3.580487032276038459e-05 -1.330893225718117901e-03
1.520000000000000000e+02 -1.028500459798118967e-03 -3.604154054117544170e-05 -9.924589192569434511e-04
1.540000000000000000e+02 -4.493852994581370064e-04 -3.536155487037909081e-05 -4.140237445877579495e-04
1.560000000000000000e+02 5.353181922194415356e-05 -3.498704316385798144e-05 8.851886238580212822e-05
1.580000000000000000e+02 5.241928380699325011e-04 -3.491150954400204910e-05 5.591043476139347535e-04
1.600000000000000000e+02 9.377052240553123297e-04 -3.542696468161288074e-05 9.731321887369252105e-04
1.620000000000000000e+02 9.467064483079263302e-04 -3.793548673593667979e-05 9.846419350438631590e-04
1.640000000000000000e+02 3.057687470861953608e-04 -4.326936423425165512e-05 3.490381113204469752e-04
1.660000000000000000e+02 -6.643517454949041806e-04 -5.002518739038361556e-05 -6.143265581045206057e-04
1.680000000000000000e+02 -1.341474865703821181e-03 -5.572672721487000221e-05 -1.285748138488951179e-03
1.700000000000000000e+02 -1.454042554101817606e-03 -5.931864983184008888e-05 -1.394723904269977530e-03
1.720000000000000000e+02 -1.212392032501070699e-03 -6.153278154704048381e-05 -1.150859250954030513e-03
1.740000000000000000e+02 -8.416922277121533912e-04 -6.306832326819735346e-05 -7.786239044439559158e-04
1.760000000000000000e+02 -3.116657610463135120e-04 -6.373332614505533371e-05 -2.479324349012581512e-04
1.780000000000000000e+02 3.633446754417234224e-04 -6.373244145258345143e-05 4.270771168943069416e-04
1.800000000000000000e+02 8.453407950896888378e-04 -6.459523769871918820e-05 9.099360327884081345e-04
1.820000000000000000e+02 7.619072718059667669e-04 -6.779715520866990612e-05 8.297044270146366595e-04
1.840000000000000000e+02 1.727465355330158711e-04 -7.293482966518991960e-05 2.456813651982057501e-04
1.860000000000000000e+02 -4.831168038166733930e-04 -7.816994460805151755e-05 -4.049468592086218890e-04
1.880000000000000000e+02 -8.723645155646223915e-04 -8.223964261567635284e-05 -7.901248729489459980e-04
1.900000000000000000e+02 -9.953762893900675382e-04 -8.517785457527024995e-05 -9.101984348147974238e-04
1.920000000000000000e+02 -9.317868843519048431e-04 -8.715297750206917851e-05 -8.446339068498353664e-04
1.940000000000000000e+02 -6.210933085198259767e-04 -8.773965225109389623e-05 -5.333536562687321483e-04
1.960000000000000000e+02 -3.844819378863666268e-05 -8.686208293313752631e-05 4.841388914450087718e-05
1.980000000000000000e+02 5.714739172825924075e-04 -8.570357016816662989e-05 6.571774874507590103e-04
2.000000000000000000e+02 8.426043660620117018e-04 -8.585642337152056644e-05 9.284607894335323089e-04
2.020000000000000000e+02 6.507628454064274138e-04 -8.774614657146564078e-05 7.385089919778930817e-04
2.040000000000000000e+02 1.898929805105896223e-04 -9.049570494710360079e-05 2.803886854576932231e-04
2.060000000000000000e+02 -2.896669073828809647e-04 -9.315088905951338810e-05 -1.965160183233675224e-04
2.080000000000000000e+02 -6.764621377163442580e-04 -9.537070812096758740e-05 -5.810914295953766842e-04
2.100000000000000000e+02 -9.153560456571939365e-04 -9.689308711956629006e-05 -8.184629585376273619e-04
2.120000000000000000e+02 -8.999621507937485007e-04 -9.711838269327118423e-05 -8.028437681004774520e-04
2.140000000000000000e+02 -5.735475342014690735e-04 -9.574224760699044548e-05 -4.778052865944786010e-04
2.160000000000000000e+02 -7.186346833765167291e-05 -9.343722490292071588e-05 2.157375656526902265e-05
2.180000000000000000e+02 3.417988403583322745e-04 -9.143043955249844073e-05 4.332292799108306068e-04
2.200000000000000000e+02 4.855522255432833116e-04 -9.048006069275454769e-05 5.760322862360378864e-04
2.220000000000000000e+02 3.482251323860315203e-04 -9.056388949901085863e-05 4.387890218850424196e-04
2.240000000000000000e+02 1.094379838335716743e-05 -9.136995918283599412e-05 1.023137575661931615e-04
2.260000000000000000e+02 -4.223556574850549162e-04 -9.259369582700312576e-05 -3.297619616580517226e-04
2.280000000000000000e+02 -8.134020834304281095e-04 -9.372754516230666084e-05 -7.196745382681213809e-04
2.300000000000000000e+02 -1.005008851861486892e-03 -9.403831715052446698e-05 -9.109705347109624523e-04
2.320000000000000000e+02 -9.184773850974987117e-04 -9.308534282974425557e-05 -8.253920422677547136e-04
2.340000000000000000e+02 -6.132976310407365446e-04 -9.112025893869804723e-05 -5.221773721020384973e-04
2.360000000000000000e+02 -2.273556608827420264e-04 -8.882019515900093211e-05 -1.385354657237410536e-04
2.380000000000000000e+02 1.099344519093977556e-04 -8.678310094141218319e-05 1.967175528508099524e-04
2.400000000000000000e+02 2.942983036806206014e-04 -8.540578579657116310e-05 3.797040894771917916e-04
2.420000000000000000e+02 2.448614355185510451e-04 -8.498889973749706496e-05 3.298503352560482049e-04
2.440000000000000000e+02 -3.604983062768666105e-05 -8.558005127964111406e-05 4.953022065195440557e-05
2.460000000000000000e+02 -4.145633441770499869e-04 -8.671416177625718212e-05 -3.278491824007927777e-04
2.480000000000000000e+02 -7.009941651579566779e-04 -8.760604678550805891e-05 -6.133881183724486461e-04
2.500000000000000000e+02 -7.887389447530010738e-04 -8.771917897823660096e-05 -7.010197657747645542e-04
2.520000000000000000e+02 -6.916253733821487327e-04 -8.703365139471818605e-05 -6.045917219874304789e-04
2.540000000000000000e+02 -4.618181560768910105e-04 -8.578704633367142084e-05 -3.760311097432196981e-04
2.560000000000000000e+02 -1.430599064550202432e-04 -8.422464197362702085e-05 -5.883526448139323589e-05
2.580000000000000000e+02 1.782176760488205403e-04 -8.271689232983243305e-05 2.609345683786528920e-04
2.600000000000000000e+02 3.541348725288909162e-04 -8.183984015431632964e-05 4.359747126832073136e-04
2.620000000000000000e+02 2.815255323738351462e-04 -8.201546730242127985e-05 3.635409996762562499e-04
2.640000000000000000e+02 1.333605523233070487e-05 -8.308086157168877313e-05 9.641691680401945428e-05
2.660000000000000000e+02 -2.882200204325964261e-04 -8.441079466047353257e-05 -2.038092257721228935e-04
2.680000000000000000e+02 -4.985569890011427429e-04 -8.545692269924013665e-05 -4.131000663019026740e-04
2.700000000000000000e+02 -5.871363244328667861e-04 -8.600864935402489030e-05 -5.011276750788418687e-04
2.720000000000000000e+02 -5.503239151806371340e-04 -8.600060750108271315e-05 -4.643233076795542989e-04
2.740000000000000000e+02 -3.716033885976002512e-04 -8.538084023663515087e-05 -2.862225483609651274e-04
2.760000000000000000e+02 -8.660451866129384468e-05 -8.432644704630769250e-05 -2.278071614986138622e-06
2.780000000000000000e+02 1.729515349042704182e-04 -8.337260921384813807e-05 2.563241441181185833e-04
2.800000000000000000e+02 2.660746332520218249e-04 -8.307335092186012894e-05 3.491479841738818861e-04
2.820000000000000000e+02 1.640355690830287857e-04 -8.355494766308200637e-05 2.475905167461107514e-04
2.840000000000000000e+02 -4.984311745855124411e-05 -8.452019316964744342e-05 3.467707571109619931e-05
2.860000000000000000e+02 -2.824983646122950051e-04 -8.560776972861942077e-05 -1.968905948836755979e-04
2.880000000000000000e+02 -4.825654151370084403e-04 -8.656023245961778283e-05 -3.960051826773907388e-04
2.900000000000000000e+02 -6.011266339969946644e-04 -8.710224696703556093e-05 -5.140243870299591577e-04
2.920000000000000000e+02 -5.764159803033850607e-04 -8.695126529580874666e-05 -4.894647150075764766e-04
2.940000000000000000e+02 -3.997049348537967716e-04 -8.609698722466582320e-05 -3.136079476291309077e-04
2.960000000000000000e+02 -1.614266283268841703e-04 -8.492966000514753943e-05 -7.649696832173660376e-05
2.980000000000000000e+02 1.246213691796887743e-05 -8.394713053003510534e-05 9.640926744800397429e-05
3.000000000000000000e+02 6.061898318918503611e-05 -8.338687415444013564e-05 1.440058573436251582e-04
3.020000000000000000e+02 -1.642234282743710575e-06 -8.322122943036006754e-05 8.157899514761636777e-05
3.040000000000000000e+02 -1.429966607272538316e-04 -8.337261653306386039e-05 -5.962404419418997124e-05
3.060000000000000000e+02 -3.363286803089616129e-04 -8.372599589968833435e-05 -2.526026844092732785e-04
3.080000000000000000e+02 -5.208137719319384708e-04 -8.397293026221254615e-05 -4.368408416697260738e-04
3.100000000000000000e+02 -6.031841877667907127e-04 -8.368498784247216306e-05 -5.194991999243186174e-04
3.120000000000000000e+02 -5.341374552539569949e-04 -8.266690025118162311e-05 -4.514705550027754396e-04
3.140000000000000000e+02 -3.610253666329030263e-04 -8.113073736417876654e-05 -2.798946292687243004e-04
3.160000000000000000e+02 -1.790420253174909129e-04 -7.945006513804256311e-05 -9.959196017944834983e-05
3.180000000000000000e+02 -4.829800460538478290e-05 -7.784894922736149852e-05 2.955094462197669191e-05
3.200000000000000000e+02 1.616916704795653623e-05 -7.641402128999837335e-05 9.258318833795489602e-05
3.220000000000000000e+02 -8.774101561270916325e-08 -7.526563333075556126e-05 7.517789231514286565e-05
3.240000000000000000e+02 -1.120070882488985860e-04 -7.449081582366448334e-05 -3.751627242523410940e-05
3.260000000000000000e+02 -2.846788181142570723e-04 -7.391060692864816976e-05 -2.107682111856089161e-04
3.280000000000000000e+02 -4.252642809030414547e-04 -7.310247835010226459e-05 -3.521618025529392850e-04
3.300000000000000000e+02 -4.562601152495042206e-04 -7.175530646980312808e-05 -3.845048087797010654e-04
3.320000000000000000e+02 -3.792841398786631459e-04 -6.990474591251941388e-05 -3.093793939661437049e-04
3.340000000000000000e+02 -2.506131062998853513e-04 -6.777153059419641307e-05 -1.828415757056889247e-04
3.360000000000000000e+02 -1.158299924974082114e-04 -6.550440381538647232e-05 -5.032558868202172554e-05
3.380000000000000000e+02 2.907715534426074876e-06 -6.319700223287994900e-05 6.610471776730602938e-05
3.400000000000000000e+02 7.263037007247520149e-05 -6.105193781893995971e-05 1.336823078914151476e-04
3.420000000000000000e+02 5.160294613515725205e-05 -5.930195783216186571e-05 1.109049039673191381e-04
3.440000000000000000e+02 -6.073600385596641818e-05 -5.793941705710390803e-05 -2.796586798862504648e-06
3.460000000000000000e+02 -2.014935543238284468e-04 -5.665933056132830403e-05 -1.448342237625001631e-04
3.480000000000000000e+02 -2.949258147505081891e-04 -5.514310254492071943e-05 -2.397827122055874900e-04
3.500000000000000000e+02 -3.117354974453359498e-04 -5.330836329015923187e-05 -2.584271341551766976e-04
3.520000000000000000e+02 -2.661965308684452426e-04 -5.122499939764590775e-05 -2.149715314707993077e-04
3.540000000000000000e+02 -1.778334505276720162e-04 -4.892894604007353961e-05 -1.289045044875984495e-04
3.560000000000000000e+02 -6.340156600936120476e-05 -4.645345532861216655e-05 -1.694811068074904498e-05
3.580000000000000000e+02 3.952804040838816136e-05 -4.398793705910579709e-05 8.351597746749395168e-05
3.600000000000000000e+02 7.889639545562141302e-05 -4.181955517310444946e-05 1.207159506287258557e-04
3.620000000000000000e+02 3.336519258038285728e-05 -4.006255248682734848e-05 7.342774506721019899e-05
3.640000000000000000e+02 -6.497657534822261942e-05 -3.855175792893068061e-05 -2.642481741929193203e-05
3.660000000000000000e+02 -1.639908253306451695e-04 -3.704632268418184889e-05 -1.269445026464633883e-04
3.680000000000000000e+02 -2.330243202478346227e-04 -3.544290989905970010e-05 -1.975814103487749294e-04
3.700000000000000000e+02 -2.613910984633000998e-04 -3.372830297590947003e-05 -2.276627954873906433e-04
3.720000000000000000e+02 -2.371605037480084620e-04 -3.183596350539358896e-05 -2.053245402426148866e-04
3.740000000000000000e+02 -1.557011381066553222e-04 -2.970035258926654023e-05 -1.260007855173887379e-04
3.760000000000000000e+02 -4.707850111166672109e-05 -2.743481755857900446e-05 -1.964368355308772002e-05
3.780000000000000000e+02 3.305625243628097483e-05 -2.531283873880763559e-05 5.836909117508861381e-05
3.800000000000000000e+02 4.930136959292415796e-05 -2.352566482983686953e-05 7.282703442276100038e-05
3.820000000000000000e+02 1.213205039511678553e-05 -2.202834850571840395e-05 3.416039890083516576e-05
3.840000000000000000e+02 -4.762761845570174059e-05 -2.066473990105028698e-05 -2.696287855465145022e-05
3.860000000000000000e+02 -1.113688415078154648e-04 -1.935044750318172023e-05 -9.201839400463376830e-05
3.880000000000000000e+02 -1.673816720542951105e-04 -1.805582514182866295e-05 -1.493258469124664374e-04
3.900000000000000000e+02 -1.920684023567304443e-04 -1.668722319614245734e-05 -1.753811791605880378e-04
3.920000000000000000e+02 -1.610661911116857952e-04 -1.511223712440996004e-05 -1.459539539872758572e-04
3.940000000000000000e+02 -8.212268197564922211e-05 -1.332854570299978299e-05 -6.879413627264947470e-05
3.960000000000000000e+02 3.214917939083652848e-06 -1.151139466216222113e-05 1.472631260124588118e-05
3.980000000000000000e+02 5.580584518320122912e-05 -9.856592848401226901e-06 6.566243803160246788e-05
4.000000000000000000e+02 6.669399974218972918e-05 -8.423317134827190350e-06 7.511731687701692800e-05
4.020000000000000000e+02 4.657461093733792186e-05 -7.158125857845670291e-06 5.373273679518358707e-05
4.040000000000000000e+02 3.755072708336266519e-06 -6.011555322930786397e-06 9.766628031267064774e-06
4.060000000000000000e+02 -5.230608991712963358e-05 -4.948271965329580062e-06 -4.735781795180006283e-05
4.080000000000000000e+02 -9.788311555810041281e-05 -3.880041799876468846e-06 -9.400307375822393550e-05
4.100000000000000000e+02 -1.048200221704166283e-04 -2.677551063676816630e-06 -1.021424711067398265e-04
4.120000000000000000e+02 -6.770036688830068398e-05 -1.286188681159282625e-06 -6.641417820714139056e-05
4.140000000000000000e+02 -8.986101837870035845e-06 2.172327880891334316e-07 -9.203334625959174359e-06
4.160000000000000000e+02 4.519971090676870676e-05 1.709795654363736523e-06 4.348991525240496219e-05
4.180000000000000000e+02 8.341563272109642300e-05 3.121663239802844362e-06 8.029396948129355577e-05
4.200000000000000000e+02 1.006671230246587148e-04 4.431555716529632691e-06 9.623556730812909228e-05
4.220000000000000000e+02 8.772293254088298596e-05 5.613132942958487186e-06 8.210979959792448946e-05
4.240000000000000000e+02 4.363207665279927281e-05 6.657637903087623402e-06 3.697443874971165364e-05
4.260000000000000000e+02 -9.235981604195366387e-06 7.638366672063008045e-06 -1.687434827625837613e-05
4.280000000000000000e+02 -3.799744470544731434e-05 8.688712162601631614e-06 -4.668615686804893241e-05
4.300000000000000000e+02 -3.118625616277226440e-05 9.885541898339839564e-06 -4.107179806111213615e-05
4.320000000000000000e+02 -5.115808064094903934e-06 1.119001857857651250e-05 -1.630582664267142236e-05
4.340000000000000000e+02 2.287285398098231124e-05 1.252489977130848119e-05 1.034795420967383343e-05
4.360000000000000000e+02 5.248440278726998264e-05 1.386109701595170760e-05 3.862330577131829876e-05
4.380000000000000000e+02 8.498630426491376305e-05 1.519096024990169370e-05 6.979534401501207952e-05
4.400000000000000000e+02 1.021938400132809955e-04 1.645329057022293904e-05 8.574054944305804294e-05
4.420000000000000000e+02 8.274028243074100944e-05 1.756804664024992551e-05 6.517223579049107377e-05
4.440000000000000000e+02 3.451534840310525236e-05 1.854803300385153629e-05 1.596731539925372285e-05
4.460000000000000000e+02 -5.863405798699875918e-06 1.951822046514261724e-05 -2.538162626384250163e-05
4.480000000000000000e+02 -1.214953092337299259e-05 2.059213934545637252e-05 -3.274167026882936172e-05
4.500000000000000000e+02 4.875186362732561321e-06 2.176015285909964394e-05 -1.688496649636708600e-05
4.520000000000000000e+02 2.169876932519363945e-05 2.294579337115076970e-05 -1.247024045957113946e-06
4.540000000000000000e+02 3.650420775785081443e-05 2.412472009884807171e-05 1.237948765900273934e-05
4.560000000000000000e+02 6.403067793306886244e-05 2.532682431402456504e-05 3.870385361904429741e-05
4.580000000000000000e+02 1.001286485496355054e-04 2.652730867723450799e-05 7.360133987240097709e-05
4.600000000000000000e+02 1.141331234826908556e-04 2.761438711160999987e-05 8.651873637108085230e-05
4.620000000000000000e+02 8.828115835453261570e-05 2.851784304421183428e-05 5.976331531032079159e-05
4.640000000000000000e+02 4.525044682282648929e-05 2.930836769990464080e-05 1.594207912292184510e-05
4.660000000000000000e+02 2.378645890761162061e-05 3.012187448088599068e-05 -6.335415573274357356e-06
4.680000000000000000e+02 3.308278298145607839e-05 3.100307348301660200e-05 2.079709498439461562e-06
4.700000000000000000e+02 4.848695140639920262e-05 3.187997865790133167e-05 1.660697274849788112e-05
4.720000000000000000e+02 5.368291018217208202e-05 3.270350605714154662e-05 2.097940412503051507e-05
4.740000000000000000e+02 6.239836262251420465e-05 3.351888004059627713e-05 2.887948258191795124e-05
4.760000000000000000e+02 9.077067581536009476e-05 3.436824457627957825e-05 5.640243123908055038e-05
4.780000000000000000e+02 1.237997286612114859e-04 3.518170248113383777e-05 8.861802618007766168e-05
4.800000000000000000e+02 1.294892381795824138e-04 3.583986498885200942e-05 9.364937319073041795e-05
4.820000000000000000e+02 1.040153742325892799e-04 3.633739012159595847e-05 6.767798411099333502e-05
4.840000000000000000e+02 7.849564730913333719e-05 3.678928110281163769e-05 4.170636620632168595e-05
4.860000000000000000e+02 7.935061079141521171e-05 3.727966873147169405e-05 4.207094205994350411e-05
4.880000000000000000e+02 9.776381800636097679e-05 3.776959973631240769e-05 5.999421827004856232e-05
4.900000000000000000e+02 1.092711668778448942e-04 3.818732739740951547e-05 7.108383948043538549e-05
4.920000000000000000e+02 1.119096239069525657e-04 3.855370594611020495e-05 7.335591796084238111e-05
4.940000000000000000e+02 1.233451790677247788e-04 3.893281196013219256e-05 8.441236710759262012e-05
4.960000000000000000e+02 1.471372021314860663e-04 3.930430400564153762e-05 1.078328981258445490e-04
4.980000000000000000e+02 1.613495370343177621e-04 3.956351325944891967e-05 1.217860237748688492e-04
5.000000000000000000e+02 1.478852141606915656e-04 3.965911272803681280e-05 1.082261014326547460e-04
5.020000000000000000e+02 1.189957200683176435e-04 3.966301205467511181e-05 7.933270801364252487e-05
5.040000000000000000e+02 1.002876890870726511e-04 3.966102467287085486e-05 6.062666441420180982e-05
5.060000000000000000e+02 9.838245961085324951e-05 3.964406013552182858e-05 5.873839947533143448e-05
5.080000000000000000e+02 9.897505456705900817e-05 3.955487803739854039e-05 5.942017652966048811e-05
5.100000000000000000e+02 9.341258760554288347e-05 3.940148227758684857e-05 5.401110532795603490e-05
5.120000000000000000e+02 9.057832232650343200e-05 3.925010182003186275e-05 5.132822050647158280e-05
5.140000000000000000e+02 9.740166060105989547e-05 3.910823990302211584e-05 5.829342069803781351e-05
5.160000000000000000e+02 1.028775743800200253e-04 3.889468655912093991e-05 6.398288782089909892e-05
5.180000000000000000e+02 9.230894662630587729e-05 3.855094461403993074e-05 5.375800201226596010e-05
5.200000000000000000e+02 6.963134091439779740e-05 3.812451902304932769e-05 3.150682189134846971e-05
5.220000000000000000e+02 5.255223864086337829e-05 3.769532126387819561e-05 1.485691737698517929e-05
5.240000000000000000e+02 4.859958538395276438e-05 3.726175525708501606e-05 1.133783012686774323e-05
5.260000000000000000e+02 4.952542950932864072e-05 3.676592276995095004e-05 1.275950673937769069e-05
5.280000000000000000e+02 5.049586985610959037e-05 3.621193105112859207e-05 1.428393880498099152e-05
5.300000000000000000e+02 5.968243214462870452e-05 3.567479963179684394e-05 2.400763251283186058e-05
5.320000000000000000e+02 8.199381004207657332e-05 3.517913447196668674e-05 4.681467557010989336e-05
5.340000000000000000e+02 1.043210841558118421e-04 3.464057444951084807e-05 6.968050970630099400e-05
5.360000000000000000e+02 1.092986796030184017e-04 3.397655912725004810e-05 7.532212047576838075e-05
5.380000000000000000e+02 9.879427472743762030e-05 3.322345906930366567e-05 6.557081565813395463e-05
5.400000000000000000e+02 9.036532431702049765e-05 3.247608166710428448e-05 5.788924264991621995e-05
5.420000000000000000e+02 9.234239259111173749e-05 3.174705111607738727e-05 6.059534147503435700e-05
5.440000000000000000e+02 9.481441114412460908e-05 3.096071443402887910e-05 6.385369671009572998e-05
5.460000000000000000e+02 8.968714076317175913e-05 3.009252441739879098e-05 5.959461634577297492e-05
5.480000000000000000e+02 8.624097508398901701e-05 2.922620895481902145e-05 5.701476612916999217e-05
5.500000000000000000e+02 9.708803447637767464e-05 2.843338972687200068e-05 6.865464474950568074e-05
5.520000000000000000e+02 1.158299699875267743e-04 2.766002349133442985e-05 8.816994649619232412e-05
5.540000000000000000e+02 1.217072189940097537e-04 2.679729291588673750e-05 9.490992607812302295e-05
5.560000000000000000e+02 1.063216814640920795e-04 2.583625895656128390e-05 8.048542250753080573e-05
5.580000000000000000e+02 8.353002861793639810e-05 2.487225081509258055e-05 5.865777780284382433e-05
5.600000000000000000e+02 7.062096099515816343e-05 2.396610045093598465e-05 4.665486054422216184e-05
5.620000000000000000e+02 6.677564012554920302e-05 2.306666531997841012e-05 4.370897480557079290e-05
5.640000000000000000e+02 5.986451742544037245e-05 2.210900445389475685e-05 3.775551297154561899e-05
5.660000000000000000e+02 4.791956582098134986e-05 2.112794809458783319e-05 2.679161772639351667e-05
5.680000000000000000e+02 4.315288321551318635e-05 2.021372007503619985e-05 2.293916314047698651e-05
5.700000000000000000e+02 5.367528563745973343e-05 1.938166199628912884e-05 3.429362364117061136e-05
5.720000000000000000e+02 6.805665441253518880e-05 1.854223952041153382e-05 4.951441489212364143e-05
5.740000000000000000e+02 6.781251374078201921e-05 1.762315470424809013e-05 5.018935903653393247e-05
5.760000000000000000e+02 4.906903483577785158e-05 1.665975930250488511e-05 3.240927553327296309e-05
5.780000000000000000e+02 2.664821438701701930e-05 1.573771439516118012e-05 1.091049999185583918e-05
5.800000000000000000e+02 1.525991281708469357e-05 1.487652280762035934e-05 3.833900094643420060e-07
5.820000000000000000e+02 1.314014984574150033e-05 1.401791423774369487e-05 -8.777643920021972995e-07
5.840000000000000000e+02 9.741965204533359338e-06 1.312860084654129372e-05 -3.386635642007928457e-06
5.860000000000000000e+02 2.633313264588425842e-06 1.225495435310734056e-05 -9.621641088518908787e-06
5.880000000000000000e+02 1.533985816656169375e-06 1.145895267208526334e-05 -9.924966855429096296e-06
5.900000000000000000e+02 1.290898852842807551e-05 1.072692132946330534e-05 2.182067198964768890e-06
5.920000000000000000e+02 2.865585528325112244e-05 9.987750958258172768e-06 1.866810432499295137e-05
5.940000000000000000e+02 3.419895160553447733e-05 9.207231108447597087e-06 2.499172049708688363e-05
5.960000000000000000e+02 2.568056819627835923e-05 8.427239126341394321e-06 1.725332906993695814e-05
5.980000000000000000e+02 1.481547363173312017e-05 7.704173335305214995e-06 7.111300296427913647e-06
6.000000000000000000e+02 1.426350479383591799e-05 7.037798088010426586e-06 7.225706705825484628e-06
6.020000000000000000e+02 2.367711690740798982e-05 6.389754065935795993e-06 1.728736284147219891e-05
6.040000000000000000e+02 3.213733940862131941e-05 5.744783596207688915e-06 2.639255581241362541e-05
6.060000000000000000e+02 3.417280721613081570e-05 5.131875826154513340e-06 2.904093138997629981e-05
6.080000000000000000e+02 3.667700117095984197e-05 4.577641411767320785e-06 3.209935975919252118e-05
6.100000000000000000e+02 4.672947035539746569e-05 4.063592964686333683e-06 4.266587739071113624e-05
6.120000000000000000e+02 5.746120907341937520e-05 3.542229924086126592e-06 5.391897914933324945e-05
6.140000000000000000e+02 5.316989749181042174e-05 2.987555443511135506e-06 5.018234204829927946e-05
6.160000000000000000e+02 3.059392380092498137e-05 2.425829346765080466e-06 2.816809445415989201e-05
6.180000000000000000e+02 5.689344285851760578e-06 1.903355039695965596e-06 3.785989246155799005e-06
6.200000000000000000e+02 -5.473858838490635564e-06 1.436213907267408148e-06 -6.910072745758037572e-06
6.220000000000000000e+02 -6.427622722528312377e-06 9.997689438361869440e-07 -7.427391666364503979e-06
6.240000000000000000e+02 -1.268018916495172731e-05 5.688299540531691951e-07 -1.324901911900490360e-05
6.260000000000000000e+02 -2.655903331561019999e-05 1.575485260669826818e-07 -2.671658184167717724e-05
6.280000000000000000e+02 -3.268198943112008483e-05 -2.007681045297667727e-07 -3.248122132659031806e-05
6.300000000000000000e+02 -2.240514268555602435e-05 -5.086311020668060672e-07 -2.189651158348921288e-05
6.320000000000000000e+02 -1.031522565184875065e-05 -8.138169473464221888e-07 -9.501408704502324010e-06
6.340000000000000000e+02 -1.659302950384545087e-05 -1.152666265559063465e-06 -1.544036323828638466e-05
6.360000000000000000e+02 -3.776038780866132098e-05 -1.499294325800327173e-06 -3.626109348286098258e-05
6.380000000000000000e+02 -4.907149571452017108e-05 -1.793277972662125632e-06 -4.727821774185804248e-05
6.400000000000000000e+02 -3.747013615176803371e-05 -2.012371819003087376e-06 -3.545776433276494972e-05
6.420000000000000000e+02 -1.799039383445264173e-05 -2.192712158830923696e-06 -1.579768167562171634e-05
6.440000000000000000e+02 -1.181072875850331860e-05 -2.379237975933792231e-06 -9.431490782569527221e-06
6.460000000000000000e+02 -1.585480406887451255e-05 -2.568824407403648040e-06 -1.328597966147086493e-05
6.480000000000000000e+02 -8.655208048513042903e-06 -2.723459303284867896e-06 -5.931748745228175007e-06
6.500000000000000000e+02 1.498510528029646703e-05 -2.835798957629544053e-06 1.782090423792601023e-05
6.520000000000000000e+02 3.205872312819471788e-05 -2.954831511092418625e-06 3.501355463928714667e-05
6.540000000000000000e+02 2.073602838498182703e-05 -3.133463776229399856e-06 2.386949216121122096e-05
6.560000000000000000e+02 -7.566632388062201726e-06 -3.353325823559388512e-06 -4.213306564502809401e-06
6.580000000000000000e+02 -2.028922691997064596e-05 -3.531829332546504705e-06 -1.675739758742414041e-05
6.600000000000000000e+02 -6.055665336556695395e-06 -3.618036780934068478e-06 -2.437628555622625223e-06
6.620000000000000000e+02 1.148049285896025643e-05 -3.660034617242576052e-06 1.514052747620284180e-05
6.640000000000000000e+02 7.843384273281322686e-06 -3.745686334831775093e-06 1.158907060811309990e-05
6.660000000000000000e+02 -7.489542523159676956e-06 -3.883640248242185208e-06 -3.605902274917490054e-06
6.680000000000000000e+02 -5.374298572995954736e-06 -3.992783979505017697e-06 -1.381514593490940851e-06
6.700000000000000000e+02 1.811619541166921771e-05 -4.029769164171328822e-06 2.214596457584054229e-05
6.720000000000000000e+02 3.212376875319786294e-05 -4.071903974050031003e-06 3.619567272724789225e-05
6.740000000000000000e+02 1.308755843862543903e-05 -4.216874160735873097e-06 1.730443259936131382e-05
6.760000000000000000e+02 -2.011000603302918782e-05 -4.429620177871439079e-06 -1.568038585515774705e-05
6.780000000000000000e+02 -2.874328313012998329e-05 -4.566560731853298868e-06 -2.417672239827667934e-05
6.800000000000000000e+02 -6.454974880340261993e-06 -4.566536620540196627e-06 -1.888438259800066213e-06
6.820000000000000000e+02 1.346728930536946758e-05 -4.536272329428338612e-06 1.800356163479780534e-05
6.840000000000000000e+02 5.436988389926366810e-06 -4.599784140276045551e-06 1.003677253020242507e-05
6.860000000000000000e+02 -1.339582282372515171e-05 -4.721949581217367947e-06 -8.673873242507785454e-06
6.880000000000000000e+02 -1.017737048454002695e-05 -4.767775924923032792e-06 -5.409594559616979761e-06
6.900000000000000000e+02 1.277103799878182346e-05 -4.715131237968564907e-06 1.748616923675038837e-05
6.920000000000000000e+02 1.896337089424342295e-05 -4.700365120100673705e-06 2.366373601434408649e-05
6.940000000000000000e+02 -1.064690603143481678e-05 -4.822986625023439417e-06 -5.823919406411379057e-06
6.960000000000000000e+02 -4.823223795145262449e-05 -4.987532101254539732e-06 -4.324470585019807544e-05
6.980000000000000000e+02 -5.517580235874397932e-05 -5.023702775938949866e-06 -5.015209958280503200e-05
7.000000000000000000e+02 -3.313457132074345234e-05 -4.916756191717205762e-06 -2.821781512902624573e-05
7.020000000000000000e+02 -1.818257031375232575e-05 -4.818512085253672192e-06 -1.336405822849865355e-05
7.040000000000000000e+02 -2.892527096134917141e-05 -4.827974350421767883e-06 -2.409729661092740522e-05
7.060000000000000000e+02 -4.208537563288388225e-05 -4.857532533676200627e-06 -3.722784309920768416e-05
7.080000000000000000e+02 -2.990089173868394753e-05 -4.780145709526349540e-06 -2.512074602915759884e-05
7.100000000000000000e+02 -2.801583762552877634e-06 -4.631368589837616180e-06 1.829784827284746382e-06
7.120000000000000000e+02 4.468223492214064640e-06 -4.565218868949290340e-06 9.033442361163351593e-06
7.140000000000000000e+02 -1.726562827025870565e-05 -4.627191070268674127e-06 -1.263843719999003406e-05
7.160000000000000000e+02 -3.718657002394901493e-05 -4.677382901175419690e-06 -3.250918712277359862e-05
7.180000000000000000e+02 -2.728577504417701742e-05 -4.583403440952586605e-06 -2.270237160322443590e-05
7.200000000000000000e+02 6.078056009565710509e-07 -4.397307408024757080e-06 5.005113008981328660e-06
7.220000000000000000e+02 1.475891484427897910e-05 -4.263192362675307326e-06 1.902210720695428049e-05
7.240000000000000000e+02 8.897347248600060801e-06 -4.204014906185631901e-06 1.310136215478569185e-05
7.260000000000000000e+02 7.435778905719379207e-06 -4.102103107947240776e-06 1.153788201366661998e-05
7.280000000000000000e+02 2.384730378037528228e-05 -3.900082863274445798e-06 2.774738664364971791e-05
7.300000000000000000e+02 3.799986840913007402e-05 -3.703092289122708438e-06 4.170296069825279008e-05
7.320000000000000000e+02 2.599243322193318177e-05 -3.623443392856937908e-06 2.961587661479013323e-05
7.340000000000000000e+02 -3.229009182912154089e-06 -3.608559100880128992e-06 3.795499179679708265e-07
7.360000000000000000e+02 -1.865270743234988984e-05 -3.508635071015912378e-06 -1.514407236133397365e-05
7.380000000000000000e+02 -1.061543795229327210e-05 -3.290998337188873231e-06 -7.324439615104400986e-06
7.400000000000000000e+02 -2.524878748967301408e-07 -3.071614074905617527e-06 2.819126200008890456e-06
7.420000000000000000e+02 -4.882790271126513728e-06 -2.931642150294131584e-06 -1.951148120832386379e-06
7.440000000000000000e+02 -1.325349272884608016e-05 -2.804322784617916935e-06 -1.044916994422816873e-05
7.460000000000000000e+02 -6.066892654787555271e-06 -2.593795370127964217e-06 -3.473097284659595288e-06
7.480000000000000000e+02 1.013222870702512406e-05 -2.345169442721809624e-06 1.247739814974692903e-05
7.500000000000000000e+02 1.138771173235756060e-05 -2.188551557229257120e-06 1.357626328958681348e-05
7.520000000000000000e+02 -8.049789304065683749e-06 -2.150010127330908407e-06 -5.899779176734777883e-06
7.540000000000000000e+02 -2.614574094175947642e-05 -2.110519403880906357e-06 -2.403522153787857006e-05
7.560000000000000000e+02 -2.314153318158377112e-05 -1.970972073743790724e-06 -2.117056110783998633e-05
7.580000000000000000e+02 -7.945500144040329869e-06 -1.783478913725753506e-06 -6.162021230314570857e-06
7.600000000000000000e+02 -1.236539260172191894e-06 -1.654058422842129178e-06 4.175191626699391897e-07
7.620000000000000000e+02 -5.600368890634524455e-06 -1.585775351963837282e-06 -4.014593538670679550e-06
7.640000000000000000e+02 -4.951132430741325802e-06 -1.486885826552201684e-06 -3.464246604189125388e-06
7.660000000000000000e+02 8.232030540001710533e-06 -1.321724426314157606e-06 9.553754966315863056e-06
7.680000000000000000e+02 1.868980040860287821e-05 -1.176125765100962331e-06 1.986592617370384182e-05
7.700000000000000000e+02 9.513184423596174571e-06 -1.136049754570492644e-06 1.064923417816667124e-05
7.720000000000000000e+02 -1.486418361339314831e-05 -1.169934350674639824e-06 -1.369424926271850616e-05
7.740000000000000000e+02 -3.355829654731473931e-05 -1.172471446758819304e-06 -3.238582510055591535e-05
7.760000000000000000e+02 -3.475015859679057135e-05 -1.100414194482605610e-06 -3.364974440230796574e-05
7.780000000000000000e+02 -2.684500902012015898e-05 -1.008262031884111986e-06 -2.583674698823605886e-05
7.800000000000000000e+02 -2.252486612146955815e-05 -9.498840450254544405e-07 -2.157498207644409672e-05
7.820000000000000000e+02 -2.187625541030471408e-05 -9.058293681865411024e-07 -2.097042604211817065e-05
7.840000000000000000e+02 -1.469679110633800360e-05 -8.259560798870415260e-07 -1.387083502645096377e-05
7.860000000000000000e+02 1.976063016164060656e-06 -7.163075045179468151e-07 2.692370520682005142e-06
7.880000000000000000e+02 1.707877363274371772e-05 -6.407996184463691691e-07 1.771957325119009218e-05
7.900000000000000000e+02 1.804812727478926666e-05 -6.415782941987689441e-07 1.868970556898804514e-05
7.920000000000000000e+02 6.202787846648910557e-06 -6.902424310782995629e-07 6.893030277727218802e-06
7.940000000000000000e+02 -3.350974841030895401e-06 -7.243904570914406016e-07 -2.626584383939454164e-06
7.960000000000000000e+02 1.045815867871024169e-06 -7.177509333265810979e-07 1.763566801197607385e-06
7.980000000000000000e+02 1.522583759358567191e-05 -6.952735956179580442e-07 1.592111118920362561e-05
8.000000000000000000e+02 2.544069287889937704e-05 -6.887953025838431660e-07 2.612948818148322095e-05
8.020000000000000000e+02 2.631356657366357548e-05 -6.947894205691166232e-07 2.700835599423268829e-05
8.040000000000000000e+02 2.659239614357997427e-05 -6.870252901975038295e-07 2.727942143377748752e-05
8.060000000000000000e+02 3.386431190816305460e-05 -6.661120344220760877e-07 3.453042394258512825e-05
8.080000000000000000e+02 3.951733038987951185e-05 -6.772934050626403781e-07 4.019462379494214143e-05
8.100000000000000000e+02 2.708955633364297646e-05 -7.632117333281907004e-07 2.785276806697117277e-05
8.120000000000000000e+02 -3.046352661393677914e-06 -9.020138844325642371e-07 -2.144338776961110501e-06
8.140000000000000000e+02 -2.873479641652624660e-05 -1.019730934803658441e-06 -2.771506548172259155e-05
8.160000000000000000e+02 -3.173415980673915596e-05 -1.074546847396492570e-06 -3.065961295934265831e-05
8.180000000000000000e+02 -2.131333686347382613e-05 -1.107520173346447486e-06 -2.020581669012738097e-05
8.200000000000000000e+02 -2.005651271138204341e-05 -1.179728473842322342e-06 -1.887678423753971896e-05
8.220000000000000000e+02 -2.975273002870151083e-05 -1.277032319440477715e-06 -2.847569770926103693e-05
8.240000000000000000e+02 -2.857606552718154613e-05 -1.328846896362695016e-06 -2.724721863081886128e-05
8.260000000000000000e+02 -6.548567604822417407e-06 -1.326486953448656967e-06 -5.222080651373757264e-06
8.280000000000000000e+02 1.311135729122768132e-05 -1.364648238204798691e-06 1.447600552943248064e-05
8.300000000000000000e+02 4.002895163043078151e-06 -1.518514527606303028e-06 5.521409690649374825e-06
8.320000000000000000e+02 -2.304408019793904381e-05 -1.722870836811276864e-06 -2.132120936112776694e-05
8.340000000000000000e+02 -3.119147149917612813e-05 -1.845623243129789684e-06 -2.934584825604632765e-05
8.360000000000000000e+02 -9.365937191541758353e-06 -1.869877439530852793e-06 -7.496059752010901960e-06
8.380000000000000000e+02 1.205730890043303400e-05 -1.914252143434374348e-06 1.397156104386740623e-05
8.400000000000000000e+02 6.366973269243526740e-06 -2.052065664750432412e-06 8.419038933993956610e-06
8.420000000000000000e+02 -9.917882602281929559e-06 -2.196598424467131540e-06 -7.721284177814803949e-06
8.440000000000000000e+02 -3.527463773193382583e-06 -2.233485065588436133e-06 -1.293978707604942214e-06
8.460000000000000000e+02 2.125770519744826751e-05 -2.207028511421601315e-06 2.346473370886986205e-05
8.480000000000000000e+02 2.551101458119901086e-05 -2.267918665730333165e-06 2.777893324692934826e-05
8.500000000000000000e+02 -7.631619354814902050e-06 -2.454184424837429265e-06 -5.177434929977463891e-06
8.520000000000000000e+02 -4.606411681700454719e-05 -2.627668126053473668e-06 -4.343644869095107479e-05
8.540000000000000000e+02 -5.302090221679204316e-05 -2.665765018706558364e-06 -5.035513719808547463e-05
8.560000000000000000e+02 -3.697524303784899193e-05 -2.623465536867287072e-06 -3.435177750098171841e-05
8.580000000000000000e+02 -3.323707717850496105e-05 -2.628692737485565175e-06 -3.060838444101939248e-05
8.600000000000000000e+02 -4.876566884194645897e-05 -2.682317137553923063e-06 -4.608335170439253718e-05
8.620000000000000000e+02 -5.338356513435603325e-05 -2.663542842023316037e-06 -5.072002229233272272e-05
8.640000000000000000e+02 -2.871380479299808674e-05 -2.523384296278644247e-06 -2.619042049671943317e-05
8.660000000000000000e+02 1.615974830754986970e-06 -2.364060822820040891e-06 3.980035653575021508e-06
8.680000000000000000e+02 5.849981554441620641e-06 -2.289770362676041915e-06 8.139751917117660015e-06
8.700000000000000000e+02 -1.070314562964310076e-05 -2.259581442036159153e-06 -8.443564187606930168e-06
8.720000000000000000e+02 -1.627162164630306516e-05 -2.158896955493780670e-06 -1.411272469080927729e-05
8.740000000000000000e+02 1.011708224799815057e-06 -1.963633818663092749e-06 2.975342043462907171e-06
8.760000000000000000e+02 2.038436238098920947e-05 -1.752059143404967559e-06 2.213642152439416856e-05
8.780000000000000000e+02 2.418075682701398111e-05 -1.568439943891476593e-06 2.574919677090545771e-05
8.800000000000000000e+02 2.355409169675514754e-05 -1.360775597620006997e-06 2.491486729437516470e-05
8.820000000000000000e+02 3.588078706795939292e-05 -1.083704526792118745e-06 3.696449159475149917e-05
8.840000000000000000e+02 5.464192448461199965e-05 -7.812865810215690211e-07 5.542321106563357269e-05
8.860000000000000000e+02 5.745187978399976449e-05 -5.260049478409352336e-07 5.797788473184070385e-05
8.880000000000000000e+02 3.886960502797952267e-05 -3.149440991215703834e-07 3.918454912710108643e-05
8.900000000000000000e+02 1.648935162517374531e-05 -8.648942249516596819e-08 1.657584104766890372e-05
8.920000000000000000e+02 3.862877106102571099e-06 1.795990352947722967e-07 3.683278070807796923e-06
8.940000000000000000e+02 -4.140098855621825677e-06 4.521553338952604670e-07 -4.592254189517082915e-06
8.960000000000000000e+02 -1.608761412631662063e-05 7.217455707548542013e-07 -1.680935969707147282e-05
8.980000000000000000e+02 -2.614770399710792255e-05 1.029237976798970961e-06 -2.717694197390690155e-05
9.000000000000000000e+02 -2.358972091585675627e-05 1.395817796925981725e-06 -2.498553871278275557e-05
9.020000000000000000e+02 -1.212321620584451689e-05 1.774269349021094706e-06 -1.389748555486562472e-05
9.040000000000000000e+02 -5.987577837432383248e-06 2.111566009188709706e-06 -8.099143846621093801e-06
9.060000000000000000e+02 -1.085678300995049003e-05 2.415275620414878914e-06 -1.327205863036537488e-05
9.080000000000000000e+02 -1.837666824545687566e-05 2.727300328958354724e-06 -2.110396857441523293e-05
9.100000000000000000e+02 -2.129251787652259890e-05 3.049357525931561705e-06 -2.434187540245416230e-05
9.120000000000000000e+02 -2.311623481030633764e-05 3.345379590304874320e-06 -2.646161440061120773e-05
9.140000000000000000e+02 -2.760851716408101365e-05 3.614159162616596300e-06 -3.122267632669760190e-05
9.160000000000000000e+02 -2.888813741858849691e-05 3.901081776338577465e-06 -3.278921919492707522e-05
9.180000000000000000e+02 -1.908464775293007584e-05 4.230910071710421162e-06 -2.331555782464049954e-05
9.200000000000000000e+02 -1.339415713004651030e-06 4.565323134515348821e-06 -5.904738847520009169e-06
9.220000000000000000e+02 1.345896737952977734e-05 4.856723207538176388e-06 8.602244171991599260e-06
9.240000000000000000e+02 2.096350460294073309e-05 5.109250884750011747e-06 1.585425371819073828e-05
9.260000000000000000e+02 2.531004496298269816e-05 5.349017092811653767e-06 1.996102787017104270e-05
9.280000000000000000e+02 2.807460376480826276e-05 5.565435052793934777e-06 2.250916871201432036e-05
9.300000000000000000e+02 2.461830183213463771e-05 5.725717568047366367e-06 1.889258426408727050e-05
9.320000000000000000e+02 1.488887983125714149e-05 5.842323109766120788e-06 9.046556721491018165e-06
9.340000000000000000e+02 8.663580524383196455e-06 5.970539205861770124e-06 2.693041318521433108e-06
9.360000000000000000e+02 1.364664526858234216e-05 6.130131832012444856e-06 7.516513436569904078e-06
9.380000000000000000e+02 2.441011414454388910e-05 6.278337158391448650e-06 1.813177698615244299e-05
9.400000000000000000e+02 3.109181931667245392e-05 6.381291286941781359e-06 2.471052802973067002e-05
9.420000000000000000e+02 3.478393720334966487e-05 6.469532012368451850e-06 2.831440519098119777e-05
9.440000000000000000e+02 4.293695220342906479e-05 6.576800668312948774e-06 3.636015153511612449e-05
9.460000000000000000e+02 5.273705646151206764e-05 6.665003568926004322e-06 4.607205289258607179e-05
9.480000000000000000e+02 5.065343218257441400e-05 6.668378222104995196e-06 4.398505396046942727e-05
9.500000000000000000e+02 3.298443763516096074e-05 6.600105349881561770e-06 2.638433228527939728e-05
9.520000000000000000e+02 1.583727544371565807e-05 6.550961578990149121e-06 9.286313864725502173e-06
9.540000000000000000e+02 1.497094600290353079e-05 6.563727595714600812e-06 8.407218407188931668e-06
9.560000000000000000e+02 2.488814243730162111e-05 6.576965711107060422e-06 1.831117672619456577e-05
9.580000000000000000e+02 2.805989617038217950e-05 6.525067817338249946e-06 2.153482835304394480e-05
9.600000000000000000e+02 2.174381032493690299e-05 6.442241413583671033e-06 1.530156891135323619e-05
9.620000000000000000e+02 2.131819190231254408e-05 6.406595276858788081e-06 1.491159662545375685e-05
9.640000000000000000e+02 3.355696801162920320e-05 6.405183695137174374e-06 2.715178431649202374e-05
9.660000000000000000e+02 4.219124388107113003e-05 6.337259609905839687e-06 3.585398427116528102e-05
9.680000000000000000e+02 2.909868797869631866e-05 6.156884414512967259e-06 2.294180356418335648e-05
9.700000000000000000e+02 1.322283735786349815e-06 5.944235563832121912e-06 -4.621951828045776333e-06
9.720000000000000000e+02 -1.630776440237688413e-05 5.797022886892488069e-06 -2.210478728926937813e-05
9.740000000000000000e+02 -1.412279124061448101e-05 5.699805991396190627e-06 -1.982259723201068688e-05
9.760000000000000000e+02 -7.522184124228979436e-06 5.564706619846035813e-06 -1.308689074407502457e-05
9.780000000000000000e+02 -1.166062024948572583e-05 5.370495931781235677e-06 -1.703111618126696236e-05
9.800000000000000000e+02 -1.951484158822282006e-05 5.188887940398255698e-06 -2.470372952862108338e-05
9.820000000000000000e+02 -1.493836752201327355e-05 5.064366290225152012e-06 -2.000273381223842726e-05
9.840000000000000000e+02 4.779011464463252040e-07 4.938604494625458473e-06 -4.460703348179135811e-06
9.860000000000000000e+02 8.228604487156000760e-06 4.733075490759773598e-06 3.495528996396230550e-06
9.880000000000000000e+02 -1.413684292597272890e-06 4.458372477848724006e-06 -5.872056770445995626e-06
9.900000000000000000e+02 -1.583463577110207619e-05 4.193644634655007916e-06 -2.002828040575708749e-05
9.920000000000000000e+02 -1.824790111483766883e-05 3.972939365622105967e-06 -2.222084048045977649e-05
9.940000000000000000e+02 -8.797418156721744962e-06 3.754989823632806115e-06 -1.255240798035454515e-05
9.960000000000000000e+02 -6.563851556792398140e-08 3.502466152083170125e-06 -3.568104667651094186e-06
9.980000000000000000e+02 2.444275908985735757e-06 3.237873552981131963e-06 -7.935976439953962064e-07
