# wavenumber(cm^-1)  total O H
4.071827333961817175e+00 1.410807868926003406e-02 4.228214489048842326e-03 9.879864200211193465e-03
8.143654667923634349e+00 1.540960967771831669e-02 4.668939841026014011e-03 1.074066983669230008e-02
1.221548200188545152e+01 1.763537842417770701e-02 5.426797789790960627e-03 1.220858063438674292e-02
1.628730933584726870e+01 2.085032364673548508e-02 6.529604542676302817e-03 1.432071910405918226e-02
2.035913666980908587e+01 2.510865816535786180e-02 8.002994843722594648e-03 1.710566332163526021e-02
2.443096400377090305e+01 3.042405635316037735e-02 9.859392038447080397e-03 2.056466431471330042e-02
2.850279133773272022e+01 3.674042649518668990e-02 1.208688887382038460e-02 2.465353762136630530e-02
3.257461867169453740e+01 4.390876670397283327e-02 1.463997524191275844e-02 2.926879146206008350e-02
3.664644600565635812e+01 5.167531411893754034e-02 1.743403959477472093e-02 3.424127452416282635e-02
4.071827333961817175e+01 5.968503500168217263e-02 2.034526731377147429e-02 3.933976768791071221e-02
4.479010067357999247e+01 6.750246088929798272e-02 2.321692654617848323e-02 4.428553434311949949e-02
4.886192800754180610e+01 7.464912253179660506e-02 2.587209207039276732e-02 4.877703046140383081e-02
5.293375534150362682e+01 8.065374939691112577e-02 2.813171542965156591e-02 5.252203396725955292e-02
5.700558267546544045e+01 8.510855532499081444e-02 2.983579756693648458e-02 5.527275775805431252e-02
6.107741000942726117e+01 8.772297471205882380e-02 3.086451268683535962e-02 5.685846202522346765e-02
6.514923734338907479e+01 8.836572601814640660e-02 3.115572582225709791e-02 5.721000019588930868e-02
6.922106467735089552e+01 8.708737708064151484e-02 3.071562290905023238e-02 5.637175417159127899e-02
7.329289201131271625e+01 8.411858395593932447e-02 2.962016527189913553e-02 5.449841868404018547e-02
7.736471934527452277e+01 7.984334636142760566e-02 2.800664069952422605e-02 5.183670566190336226e-02
8.143654667923634349e+01 7.475110086165477619e-02 2.605639552814423970e-02 4.869470533351052260e-02
8.550837401319816422e+01 6.937526509530014818e-02 2.397148998028156980e-02 4.540377511501857144e-02
8.958020134715998495e+01 6.422810653371946454e-02 2.194913539232113547e-02 4.227897114139831519e-02
9.365202868112179146e+01 5.974207522301738793e-02 2.015809019549298295e-02 3.958398502752440151e-02
9.772385601508361219e+01 5.622605363171280513e-02 1.872065857813634895e-02 3.750539505357646658e-02
1.017956833490454329e+02 5.384184698050487050e-02 1.770271263041129847e-02 3.613913435009356856e-02
1.058675106830072536e+02 5.260246238563959231e-02 1.711256492756501463e-02 3.548989745807457075e-02
1.099393380169690602e+02 5.239014299104229749e-02 1.690793185788515979e-02 3.548221113315713771e-02
1.140111653509308809e+02 5.298938360938929698e-02 1.700897675802148096e-02 3.598040685136781602e-02
1.180829926848927016e+02 5.412858714793973569e-02 1.731470524441143174e-02 3.681388190352831435e-02
1.221548200188545223e+02 5.552363414288867538e-02 1.771984545902870190e-02 3.780378868385998042e-02
1.262266473528163289e+02 5.691721927051011931e-02 1.812969393237331278e-02 3.878752533813679959e-02
1.302984746867781496e+02 5.810907006248147016e-02 1.847108075088947643e-02 3.963798931159200067e-02
1.343703020207399561e+02 5.897385021375615988e-02 1.869843284899358124e-02 4.027541736476257517e-02
1.384421293547017910e+02 5.946547896226032220e-02 1.879475116589324896e-02 4.067072779636708713e-02
1.425139566886635976e+02 5.960861621614042816e-02 1.876806981114061482e-02 4.084054640499980987e-02
1.465857840226254325e+02 5.947997857286330126e-02 1.864456797588902315e-02 4.083541059697428505e-02
1.506576113565872390e+02 5.918369240408647564e-02 1.845990408277594502e-02 4.072378832131053061e-02
1.547294386905490455e+02 5.882573642975245931e-02 1.825048579759427914e-02 4.057525063215816630e-02
1.588012660245108805e+02 5.849241288135226258e-02 1.804624361778959032e-02 4.044616926356267572e-02
1.628730933584726870e+02 5.823663683943099828e-02 1.786604601254725144e-02 4.037059082688373296e-02
1.669449206924344935e+02 5.807385114879761584e-02 1.771625157959726485e-02 4.035759956920036140e-02
1.710167480263963284e+02 5.798703548486129622e-02 1.759217603817381931e-02 4.039485944668746997e-02
1.750885753603581350e+02 5.793820691774713427e-02 1.748163432546720811e-02 4.045657259227995045e-02
1.791604026943199699e+02 5.788257506525838064e-02 1.736936021541749670e-02 4.051321484984089089e-02
1.832322300282817764e+02 5.778142920194946630e-02 1.724109466440298943e-02 4.054033453754647687e-02
1.873040573622435829e+02 5.761083459876024243e-02 1.708644817026782475e-02 4.052438642849241074e-02
1.913758846962054179e+02 5.736488683781919284e-02 1.690015616963813291e-02 4.046473066818105646e-02
1.954477120301672244e+02 5.705400917129162947e-02 1.668187500426296377e-02 4.037213416702867264e-02
1.995195393641290309e+02 5.670001052174562794e-02 1.643503441565672199e-02 4.026497610608890942e-02
2.035913666980908658e+02 5.633002801151178185e-02 1.616537125163085634e-02 4.016465675988092898e-02
2.076631940320526724e+02 5.597108233105285713e-02 1.587962734352426492e-02 4.009145498752858527e-02
2.117350213660145073e+02 5.564610309123425858e-02 1.558460860880457946e-02 4.006149448242967565e-02
2.158068486999763138e+02 5.537139751136362087e-02 1.528652404319016424e-02 4.008487346817346531e-02
2.198786760339381203e+02 5.515502958994143723e-02 1.499038131516423032e-02 4.016464827477721211e-02
2.239505033678999553e+02 5.499560446399601871e-02 1.469926158500900991e-02 4.029634287898702094e-02
2.280223307018617618e+02 5.488139028168483730e-02 1.441348606998936466e-02 4.046790421169547958e-02
2.320941580358235683e+02 5.479023707389846232e-02 1.412990731428031589e-02 4.066032975961814122e-02
2.361659853697854032e+02 5.469101914453888824e-02 1.384168227375092743e-02 4.084933687078796255e-02
2.402378127037472098e+02 5.454712788949254987e-02 1.353883245839994018e-02 4.100829543109262010e-02
2.443096400377090447e+02 5.432191091919966880e-02 1.320967315669381061e-02 4.111223776250585993e-02
2.483814673716708512e+02 5.398515091113910425e-02 1.284288622789868384e-02 4.114226468324041347e-02
2.524532947056326577e+02 5.351906792148830583e-02 1.242974904170057390e-02 4.108931887978772846e-02
2.565251220395944642e+02 5.292221362227322867e-02 1.196593053265612022e-02 4.095628308961710845e-02
2.605969493735562992e+02 5.221010741179941961e-02 1.145237287301864929e-02 4.075773453878078073e-02
2.646687767075181341e+02 5.141239772023168536e-02 1.089505630113561142e-02 4.051734141909607567e-02
2.687406040414799122e+02 5.056738413286578776e-02 1.030378830387883131e-02 4.026359582898694084e-02
2.728124313754417472e+02 4.971552274052910836e-02 9.690436899012833116e-03 4.002508584151626830e-02
2.768842587094035821e+02 4.889377604296650526e-02 9.067142738474478006e-03 3.982663330449202899e-02
2.809560860433653602e+02 4.813228597457867852e-02 8.444967309453542056e-03 3.968731866512513473e-02
2.850279133773271951e+02 4.745399829425368809e-02 7.833212436108315246e-03 3.962078585814537285e-02
2.890997407112890301e+02 4.687686152638408099e-02 7.239378724896952666e-03 3.963748280148712833e-02
2.931715680452508650e+02 4.641741191191276622e-02 6.669523481564123765e-03 3.974788843034864072e-02
2.972433953792126431e+02 4.609419480262881563e-02 6.128701219988952689e-03 3.996549358263986468e-02
3.013152227131744780e+02 4.592964803392093204e-02 5.621230766268957638e-03 4.030841726765198307e-02
3.053870500471363130e+02 4.594968499359080444e-02 5.150683880070142280e-03 4.079900111352067343e-02
3.094588773810980911e+02 4.618103251148462929e-02 4.719653467772207990e-03 4.146137904371242217e-02
3.135307047150599260e+02 4.664712574761514796e-02 4.329464087479669224e-03 4.231766166013549435e-02
3.176025320490217609e+02 4.736381112390223441e-02 3.979998893020010586e-03 4.338381223088223076e-02
3.216743593829835390e+02 4.833614355970827781e-02 3.669746652926094473e-03 4.466639690678218810e-02
3.257461867169453740e+02 4.955720550955967224e-02 3.396065538450804104e-03 4.616113997110886380e-02
3.298180140509072089e+02 5.100925861123558475e-02 3.155571611714802320e-03 4.785368699952079197e-02
3.338898413848689870e+02 5.266686740669512812e-02 2.944527096526494865e-03 4.972234031016862371e-02
3.379616687188308219e+02 5.450111567322275807e-02 2.759132562214934407e-03 5.174198311100781933e-02
3.420334960527926569e+02 5.648381920813590890e-02 2.595693974736773980e-03 5.388812523339912147e-02
3.461053233867544918e+02 5.859077322792780734e-02 2.450701403339155485e-03 5.614007182458863321e-02
3.501771507207162699e+02 6.080349105812735827e-02 2.320888073882474475e-03 5.848260298424488163e-02
3.542489780546781049e+02 6.310943221208548115e-02 2.203324633944370083e-03 6.090610757814109849e-02
3.583208053886399398e+02 6.550118081411268611e-02 2.095556772443689895e-03 6.340562404166899535e-02
3.623926327226017179e+02 6.797525120896120987e-02 1.995743397097717899e-03 6.597950781186348590e-02
3.664644600565635528e+02 7.053109862115167217e-02 1.902726280745948824e-03 6.862837234040572443e-02
3.705362873905253878e+02 7.317056505491521812e-02 1.815975073064731186e-03 7.135458998185048585e-02
3.746081147244871659e+02 7.589757451126134813e-02 1.735397842431329841e-03 7.416217666883001547e-02
3.786799420584490008e+02 7.871762817149173530e-02 1.661064261939221038e-03 7.705656390955251123e-02
3.827517693924108357e+02 8.163670002726265695e-02 1.592928678991855545e-03 8.004377134827080076e-02
3.868235967263726138e+02 8.465950994562268517e-02 1.530644491622692917e-03 8.312886545400000049e-02
3.908954240603344488e+02 8.778769267771398266e-02 1.473527317902655672e-03 8.631416535981130400e-02
3.949672513942962837e+02 9.101880499798649382e-02 1.420667364988900021e-03 8.959813763299759315e-02
3.990390787282580618e+02 9.434713797117000311e-02 1.371135737204751777e-03 9.297600223396523811e-02
4.031109060622198967e+02 9.776679157825664268e-02 1.324197971729357401e-03 9.644259360652726598e-02
4.071827333961817317e+02 1.012765314331896399e-01 1.279452196428865944e-03 9.999707923676075250e-02
4.112545607301435666e+02 1.048849274228201151e-01 1.236844891086518990e-03 1.036480825317335902e-01
4.153263880641053447e+02 1.086136355748368726e-01 1.196567792106347687e-03 1.074170677827305243e-01
4.193982153980671796e+02 1.124968122727555420e-01 1.158884004424272796e-03 1.113379282683312904e-01
4.234700427320290146e+02 1.165756572019849280e-01 1.123953337975127720e-03 1.154517038640097831e-01
4.275418700659907927e+02 1.208887114267822582e-01 1.091720320985401036e-03 1.197969911057968490e-01
4.316136973999526276e+02 1.254602191972129244e-01 1.061898969446143075e-03 1.243983202277667288e-01
4.356855247339144626e+02 1.302899168885034431e-01 1.034049851734868174e-03 1.292558670367685569e-01
4.397573520678762407e+02 1.353475311657311997e-01 1.007712523909867330e-03 1.343398186418213180e-01
4.438291794018380756e+02 1.405739516934845224e-01 9.825408897402227500e-04 1.395914108037442647e-01
4.479010067357999105e+02 1.458888885162956950e-01 9.583936134616285931e-04 1.449304949028340783e-01
4.519728340697616886e+02 1.512026063150191668e-01 9.353519684198209616e-04 1.502672543465993493e-01
4.560446614037235236e+02 1.564279114716168595e-01 9.136643588462566501e-04 1.555142471127705928e-01
4.601164887376853585e+02 1.614885550379112911e-01 8.936404523125576500e-04 1.605949145855987414e-01
4.641883160716471366e+02 1.663216779732451522e-01 8.755313687226227775e-04 1.654461466045225315e-01
4.682601434056089715e+02 1.708743454035863418e-01 8.594330742912640545e-04 1.700149123292950537e-01
4.723319707395708065e+02 1.750966636345262228e-01 8.452397146726398774e-04 1.742514239198535431e-01
4.764037980735326414e+02 1.789354648517768598e-01 8.326566781666057491e-04 1.781028081736102942e-01
4.804756254074944195e+02 1.823324425092850976e-01 8.212653270947889222e-04 1.815111771821902864e-01
4.845474527414562544e+02 1.852289032982194494e-01 8.106175671946933611e-04 1.844182857310247281e-01
4.886192800754180894e+02 1.875765905610901063e-01 8.003320037304311732e-04 1.867762585573596867e-01
4.926911074093798675e+02 1.893513619478909282e-01 7.901653783864996585e-04 1.885611965695044301e-01
4.967629347433417024e+02 1.905649146479467537e-01 7.800420693695803891e-04 1.897848725785771240e-01
5.008347620773035374e+02 1.912698903468934286e-01 7.700376377135434306e-04 1.904998527091798788e-01
5.049065894112653154e+02 1.915555552527856142e-01 7.603256996991166351e-04 1.907952295530865316e-01
5.089784167452271504e+02 1.915341897840771579e-01 7.511069042128802175e-04 1.907830828798642853e-01
5.130502440791889285e+02 1.913213004740687284e-01 7.425418754435175826e-04 1.905787585986252197e-01
5.171220714131508203e+02 1.910147546568658206e-01 7.347061404533951259e-04 1.902800485164124200e-01
5.211938987471125984e+02 1.906782945547416952e-01 7.275760807910179335e-04 1.899507184739507026e-01
5.252657260810743765e+02 1.903335673210977963e-01 7.210442559173579468e-04 1.896125230651803939e-01
5.293375534150362682e+02 1.899623374081790828e-01 7.149538388501622353e-04 1.892473835693289641e-01
5.334093807489980463e+02 1.895177857476282868e-01 7.091381105743372291e-04 1.888086476370539335e-01
5.374812080829598244e+02 1.889416009813794095e-01 7.034526513594388519e-04 1.882381483300199221e-01
5.415530354169217162e+02 1.881824877222540993e-01 6.977935348275401571e-04 1.874846941874265538e-01
5.456248627508834943e+02 1.872118724651378185e-01 6.921015770212083544e-04 1.865197708881165817e-01
5.496966900848452724e+02 1.860337020866133506e-01 6.863575745821960195e-04 1.853473445120311369e-01
5.537685174188071642e+02 1.846868155704330383e-01 6.805747689081393954e-04 1.840062408015248896e-01
5.578403447527689423e+02 1.832399514781832273e-01 6.747926452384703060e-04 1.825651588329447184e-01
5.619121720867307204e+02 1.817807266574836267e-01 6.690723658499432699e-04 1.811116542916337002e-01
5.659839994206926121e+02 1.804007878704969037e-01 6.634910084128463684e-04 1.797372968620840061e-01
5.700558267546543902e+02 1.791798332337502242e-01 6.581311100545061488e-04 1.785217021236957247e-01
5.741276540886162820e+02 1.781713746047673685e-01 6.530641575575209246e-04 1.775183104472098372e-01
5.781994814225780601e+02 1.773929450088719550e-01 6.483304504971920896e-04 1.767446145583747297e-01
5.822713087565398382e+02 1.768228593642723057e-01 6.439211643456479745e-04 1.761789381999266657e-01
5.863431360905017300e+02 1.764045456813651269e-01 6.397695870350935971e-04 1.757647760943300830e-01
5.904149634244635081e+02 1.760579498592524106e-01 6.357565955387396500e-04 1.754221932637136661e-01
5.944867907584252862e+02 1.756958602566047745e-01 6.317310995922467351e-04 1.750641291570125269e-01
5.985586180923871780e+02 1.752416491692482259e-01 6.275411228215206551e-04 1.746141080464267137e-01
6.026304454263489561e+02 1.746443617207778798e-01 6.230674219295757399e-04 1.740212942988483280e-01
6.067022727603107342e+02 1.738875963571226702e-01 6.182504803466107790e-04 1.732693458767760597e-01
6.107741000942726259e+02 1.729901751795011600e-01 6.131036393984177178e-04 1.723770715401027886e-01
6.148459274282344040e+02 1.719987812428623308e-01 6.077091928864020599e-04 1.713910720499759732e-01
6.189177547621961821e+02 1.709748720517136611e-01 6.021989446219286075e-04 1.703726731070917266e-01
6.229895820961580739e+02 1.699795752896693657e-01 5.967244943223313060e-04 1.693828507953470119e-01
6.270614094301198520e+02 1.690604925547224691e-01 5.914244243326396717e-04 1.684690681303898374e-01
6.311332367640816301e+02 1.682433599382658351e-01 5.863954483158460070e-04 1.676569644899499889e-01
6.352050640980435219e+02 1.675297515915825652e-01 5.816729430808874552e-04 1.669480786485016410e-01
6.392768914320053000e+02 1.669001385485802125e-01 5.772238905678503396e-04 1.663229146580123829e-01
6.433487187659670781e+02 1.663202947457931014e-01 5.729527979191650390e-04 1.657473419478739385e-01
6.474205460999289699e+02 1.657486662955018897e-01 5.687190394009112183e-04 1.651799472561009396e-01
6.514923734338907479e+02 1.651428641558105037e-01 5.643623970106230545e-04 1.645785017587999000e-01
6.555642007678525260e+02 1.644645047725453169e-01 5.597323672690543211e-04 1.639047724052762334e-01
6.596360281018144178e+02 1.636826341479249991e-01 5.547160951522732333e-04 1.631279180527727135e-01
6.637078554357761959e+02 1.627764493892179531e-01 5.492597494710166816e-04 1.622271896397469437e-01
6.677796827697379740e+02 1.617378104721819698e-01 5.433789699596264667e-04 1.611944315022223184e-01
6.718515101036998658e+02 1.605733226005428560e-01 5.371557928105478866e-04 1.600361668077322774e-01
6.759233374376616439e+02 1.593050382243093033e-01 5.307220495880347064e-04 1.587743161747212639e-01
6.799951647716234220e+02 1.579685741010021793e-01 5.242321872300897403e-04 1.574443419137721012e-01
6.840669921055853138e+02 1.566079309985818069e-01 5.178310998846644055e-04 1.560900998986971544e-01
6.881388194395470919e+02 1.552674330888219045e-01 5.116241663835122393e-04 1.547558089224384259e-01
6.922106467735089836e+02 1.539825130191725122e-01 5.056566778770917514e-04 1.534768563412954312e-01
6.962824741074707617e+02 1.527719466020079353e-01 4.999079965640020658e-04 1.522720386054439712e-01
7.003543014414325398e+02 1.516341042510854220e-01 4.943023565102639761e-04 1.511398018945751542e-01
7.044261287753944316e+02 1.505487144701544433e-01 4.887339303959280365e-04 1.500599805397585251e-01
7.084979561093562097e+02 1.494838553054248786e-01 4.830997339552864844e-04 1.490007555714695786e-01
7.125697834433179878e+02 1.484060649678111410e-01 4.773313294764919344e-04 1.479287336383346696e-01
7.166416107772798796e+02 1.472903223519435867e-01 4.714160946887044693e-04 1.468189062572548831e-01
7.207134381112416577e+02 1.461266790680132988e-01 4.654014208999966576e-04 1.456612776471132853e-01
7.247852654452034358e+02 1.449215540749643483e-01 4.593801215638310055e-04 1.444621739534005245e-01
7.288570927791653276e+02 1.436936695013323051e-01 4.534612372127023896e-04 1.432402082641196228e-01
7.329289201131271057e+02 1.424665425550340481e-01 4.477354352390774126e-04 1.420188071197949486e-01
7.370007474470888837e+02 1.412605897805795929e-01 4.422464904718990779e-04 1.408183432901077281e-01
7.410725747810507755e+02 1.400878053891246589e-01 4.369788065964183219e-04 1.396508265825282258e-01
7.451444021150125536e+02 1.389507123169744507e-01 4.318657855085322153e-04 1.385188465314659001e-01
7.492162294489743317e+02 1.378454014921123016e-01 4.268166370069907223e-04 1.374185848551053302e-01
7.532880567829362235e+02 1.367667704743061874e-01 4.217524487914128426e-04 1.363450180255147692e-01
7.573598841168980016e+02 1.357132591849470327e-01 4.166385670571469977e-04 1.352966206178898845e-01
7.614317114508597797e+02 1.346887814386201199e-01 4.115011795146260266e-04 1.342772802591055137e-01
7.655035387848216715e+02 1.337009650283332574e-01 4.064213809691822167e-04 1.332945436473640666e-01
7.695753661187834496e+02 1.327566015458884752e-01 4.015081025433436812e-04 1.323550934433451176e-01
7.736471934527452277e+02 1.318565699355809251e-01 3.968591193289283604e-04 1.314597108162520178e-01
7.777190207867071194e+02 1.309928206889724167e-01 3.925239266377640070e-04 1.306002967623346722e-01
7.817908481206688975e+02 1.301491315953259842e-01 3.884817866741870919e-04 1.297606498086518179e-01
7.858626754546306756e+02 1.293056425670531806e-01 3.846428321959650606e-04 1.289209997348572112e-01
7.899345027885925674e+02 1.284453941882177652e-01 3.808718303049468332e-04 1.280645223579128245e-01
7.940063301225543455e+02 1.275600363358855294e-01 3.770262281280390608e-04 1.271830101077575104e-01
7.980781574565161236e+02 1.266520483756785331e-01 3.729954311852911285e-04 1.262790529444932641e-01
8.021499847904780154e+02 1.257322031350474600e-01 3.687285474566895978e-04 1.253634745875907841e-01
8.062218121244397935e+02 1.248130586473049919e-01 3.642427151553171002e-04 1.244488159321496534e-01
8.102936394584015716e+02 1.239011048989638042e-01 3.596114834626742149e-04 1.235414934155011080e-01
8.143654667923634634e+02 1.229910063841418849e-01 3.549395490016519984e-04 1.226360668351402505e-01
8.184372941263252415e+02 1.220647474422157097e-01 3.503338896768658510e-04 1.217144135525388415e-01
8.225091214602871332e+02 1.210965871728349186e-01 3.458808405189690025e-04 1.207507063323159519e-01
8.265809487942490250e+02 1.200622931100179258e-01 3.416345933722645203e-04 1.197206585166456366e-01
8.306527761282106894e+02 1.189491419509894482e-01 3.376170474438330588e-04 1.186115249035456093e-01
8.347246034621726949e+02 1.177625079625465032e-01 3.338243920699663714e-04 1.174286835704765330e-01
8.387964307961343593e+02 1.165258645852716157e-01 3.302340999857377845e-04 1.161956304852858751e-01
8.428682581300961374e+02 1.152733974211928719e-01 3.268075786534605193e-04 1.149465898425394289e-01
8.469400854640580292e+02 1.140372964281050477e-01 3.234875135525963510e-04 1.137138089145524750e-01
8.510119127980199210e+02 1.128340541786183315e-01 3.201929674420579013e-04 1.125138612111762776e-01
8.550837401319815854e+02 1.116548331599263033e-01 3.168176100510448900e-04 1.113380155498752827e-01
8.591555674659433635e+02 1.104638250569443397e-01 3.132359537977419915e-04 1.101505891031465956e-01
8.632273947999052552e+02 1.092058650560451954e-01 3.093193785830982041e-04 1.088965456774620699e-01
8.672992221338670333e+02 1.078213262217963403e-01 3.049594064638408214e-04 1.075163668153325258e-01
8.713710494678289251e+02 1.062636790931702213e-01 3.000920103102012191e-04 1.059635870828600501e-01
8.754428768017908169e+02 1.045140283756387234e-01 2.947152826984444874e-04 1.042193130929402745e-01
8.795147041357524813e+02 1.025878309395298060e-01 2.888941883401097187e-04 1.022989367511897285e-01
8.835865314697144868e+02 1.005315424077178610e-01 2.827498654054198509e-04 1.002487925423124759e-01
8.876583588036761512e+02 9.841022968431467621e-02 2.764356389399927165e-04 9.813379404537468653e-02
8.917301861376379293e+02 9.629007237206034520e-02 2.701058857296492689e-04 9.601996648633071008e-02
8.958020134715998211e+02 9.422118111395565154e-02 2.638858277444988644e-04 9.395729528621114823e-02
8.998738408055617128e+02 9.222582897217965203e-02 2.578497225511700366e-04 9.196797924962847592e-02
9.039456681395233772e+02 9.029522606750919889e-02 2.520121628112138639e-04 9.004321390469799402e-02
9.080174954734851553e+02 8.839512380898037480e-02 2.463333562469263824e-04 8.814879045273346647e-02
9.120893228074470471e+02 8.647782115354163412e-02 2.407356122667301862e-04 8.623708554127493264e-02
9.161611501414088252e+02 8.449644880723745921e-02 2.351258512761650202e-04 8.426132295596129584e-02
9.202329774753707170e+02 8.241719220160308168e-02 2.294182745118344383e-04 8.218777392709127050e-02
9.243048048093326088e+02 8.022629488684729360e-02 2.235522739049413342e-04 8.000274261294235134e-02
9.283766321432942732e+02 7.793070782061099766e-02 2.175026508036954453e-04 7.771320516980731452e-02
9.324484594772562787e+02 7.555333970491376339e-02 2.112814889080179509e-04 7.534205821600575836e-02
9.365202868112179431e+02 7.312531682774839337e-02 2.049329195103613620e-04 7.292038390823804561e-02
9.405921141451797212e+02 7.067809027233855346e-02 1.985231335440550019e-04 7.047956713879451052e-02
9.446639414791416129e+02 6.823765856248148465e-02 1.921282766655878335e-04 6.804553028581590557e-02
9.487357688131035047e+02 6.582197651863309906e-02 1.858225186187629629e-04 6.563615400001435174e-02
9.528075961470652828e+02 6.344133022960299351e-02 1.796679479095555085e-04 6.326166228169345651e-02
9.568794234810269472e+02 6.110054934295008205e-02 1.737073085593722217e-04 6.092684203439071439e-02
9.609512508149888390e+02 5.880165092037975549e-02 1.679601301965423607e-04 5.863369079018321273e-02
9.650230781489506171e+02 5.654582925066192756e-02 1.624225004298083348e-04 5.638340675023212345e-02
9.690949054829125089e+02 5.433436427085354403e-02 1.570704648552347484e-04 5.417729380599830419e-02
9.731667328168744007e+02 5.216867301345836511e-02 1.518666724255923251e-04 5.201680634103278411e-02
9.772385601508361788e+02 5.005009589314192431e-02 1.467693558882789877e-04 4.990332653725364914e-02
9.813103874847980705e+02 4.797998492057445330e-02 1.417421384600076593e-04 4.783824278211443876e-02
9.853822148187597350e+02 4.596032575665794095e-02 1.367627088190467681e-04 4.582356304783889722e-02
9.894540421527215130e+02 4.399468925306444095e-02 1.318283656652821916e-04 4.386286088739917155e-02
9.935258694866834048e+02 4.208900059218932677e-02 1.269569680337606361e-04 4.196204362415556499e-02
9.975976968206452966e+02 4.025158282809845195e-02 1.221829043618600607e-04 4.012939992373661113e-02
1.001669524154607075e+03 3.849218547231147980e-02 1.175490436055968578e-04 3.837463642870590080e-02
1.005741351488568739e+03 3.682012671770271833e-02 1.130968240355409367e-04 3.670702989366717711e-02
1.009813178822530631e+03 3.524207173439392049e-02 1.088572326074985751e-04 3.513321450178642780e-02
1.013885006156492409e+03 3.376016909638555191e-02 1.048451688727997127e-04 3.365532392751276192e-02
1.017956833490454301e+03 3.237119094220965165e-02 1.010586131115962492e-04 3.227013232909806129e-02
1.022028660824416193e+03 3.106700389217668251e-02 9.748247974979305981e-05 3.096952141242688764e-02
1.026100488158377857e+03 2.983626473810441215e-02 9.409557250661759287e-05 2.974216916559780516e-02
1.030172315492339749e+03 2.866685111231895983e-02 9.087818465713641699e-05 2.857597292766182392e-02
1.034244142826301641e+03 2.754833566683668675e-02 8.781789665658242797e-05 2.746051777018011439e-02
1.038315970160263305e+03 2.647384718652805863e-02 8.491196288086790759e-05 2.638893522364720370e-02
1.042387797494225197e+03 2.544089739607934345e-02 8.216598511309947594e-05 2.535873141096624608e-02
1.046459624828187088e+03 2.445108563790458420e-02 7.958982474324087790e-05 2.437149581316135072e-02
1.050531452162148753e+03 2.350890315511787107e-02 7.719245553426788838e-05 2.343171069958360775e-02
1.054603279496110645e+03 2.262005057117273329e-02 7.497749655851169981e-05 2.254507307461422333e-02
1.058675106830072536e+03 2.178972028135093414e-02 7.294059163207724877e-05 2.171677968971886391e-02
1.062746934164034201e+03 2.102120413538252283e-02 7.106895146692012171e-05 2.095013518391561011e-02
1.066818761497996093e+03 2.031502902985837800e-02 6.934264259232600380e-05 2.024568638726605488e-02
1.070890588831957984e+03 1.966866767927791249e-02 6.773686457541107711e-05 1.960093081470250589e-02
1.074962416165919649e+03 1.907676479283442611e-02 6.622454461005889499e-05 1.901054024822438140e-02
1.079034243499881541e+03 1.853177018996272213e-02 6.477891837884163851e-05 1.846699127158388937e-02
1.083106070833843432e+03 1.802486018135003240e-02 6.337608139344992034e-05 1.796148409995660181e-02
1.087177898167805097e+03 1.754702609214505230e-02 6.199756860975827314e-05 1.748502852353530507e-02
1.091249725501766989e+03 1.709019352454715576e-02 6.063281019055789724e-05 1.702956071435660426e-02
1.095321552835728880e+03 1.664820964797744662e-02 5.928096708263249585e-05 1.658892868089482595e-02
1.099393380169690545e+03 1.621752062614050666e-02 5.795142344081224105e-05 1.615956920269970634e-02
1.103465207503652437e+03 1.579738542491591902e-02 5.666231498280132359e-05 1.574072310993312324e-02
1.107537034837614328e+03 1.538955127286966741e-02 5.543695085502120101e-05 1.533411432201465217e-02
1.111608862171575993e+03 1.499743997638807412e-02 5.429868746512534101e-05 1.494314128892296201e-02
1.115680689505537885e+03 1.462502730035421770e-02 5.326544532791575078e-05 1.457176185502631095e-02
1.119752516839499776e+03 1.427569129954998038e-02 5.234533313757961650e-05 1.422334596641240331e-02
1.123824344173461441e+03 1.395131977975140602e-02 5.153460499588923379e-05 1.389978517475551692e-02
1.127896171507423333e+03 1.365188931291124418e-02 5.081848936939680573e-05 1.360107082354185780e-02
1.131967998841385224e+03 1.337558116576038555e-02 5.017454461840014632e-05 1.332540662114199345e-02
1.136039826175347116e+03 1.311933410168230653e-02 4.957744879521835827e-05 1.306975665288708996e-02
1.140111653509308780e+03 1.287960973924428230e-02 4.900379128308579238e-05 1.283060594796120446e-02
1.144183480843270672e+03 1.265310691712154788e-02 4.843559904425303117e-05 1.260467131807730713e-02
1.148255308177232564e+03 1.243721778998676912e-02 4.786189736953402890e-05 1.238935589261724347e-02
1.152327135511194228e+03 1.223014315632112853e-02 4.727832677218137290e-05 1.218286482954895368e-02
1.156398962845156120e+03 1.203072496257629603e-02 4.668543555353347064e-05 1.198403952702277106e-02
1.160470790179118012e+03 1.183815364479951816e-02 4.608654566522515483e-05 1.179206709913429088e-02
1.164542617513079676e+03 1.165173029111312743e-02 4.548600067580417094e-05 1.160624429043732517e-02
1.168614444847041568e+03 1.147080596694908389e-02 4.488824730500378106e-05 1.142591771964408462e-02
1.172686272181003460e+03 1.129491400691752002e-02 4.429775847719644779e-05 1.125061624844032881e-02
1.176758099514965124e+03 1.112400565536135304e-02 4.371945750533666079e-05 1.108028619785601972e-02
1.180829926848927016e+03 1.095864190107383347e-02 4.315916092256275553e-05 1.091548274015127426e-02
1.184901754182888908e+03 1.080000831836673558e-02 4.262363433051841833e-05 1.075738468403621313e-02
1.188973581516850572e+03 1.064969652179320603e-02 4.212008158691110595e-05 1.060757644020630594e-02
1.193045408850812464e+03 1.050929964955047390e-02 4.165515370608191331e-05 1.046764449584439496e-02
1.197117236184774356e+03 1.037995379876929802e-02 4.123376884627679480e-05 1.033872002992301982e-02
1.201189063518736020e+03 1.026198619330139297e-02 4.085811719968980712e-05 1.022112807610170426e-02
1.205260890852697912e+03 1.015479293471384208e-02 4.052717241780330137e-05 1.011426576229604128e-02
1.209332718186659804e+03 1.005698223930108666e-02 4.023687404276791643e-05 1.001674536525831716e-02
1.213404545520621468e+03 9.966720858631988519e-03 3.998093875859260344e-05 9.926739919873398335e-03
1.217476372854583360e+03 9.882152628548222101e-03 3.975206683719870713e-05 9.842400561711033002e-03
1.221548200188545252e+03 9.801745052005100475e-03 3.954319300336561288e-05 9.762201859001734192e-03
1.225620027522506916e+03 9.724464048325359711e-03 3.934842760411064519e-05 9.685115620721256730e-03
1.229691854856468808e+03 9.649756205535649917e-03 3.916345169651239187e-05 9.610592753839141550e-03
1.233763682190430700e+03 9.577396840121016330e-03 3.898533579517148142e-05 9.538411504325846821e-03
1.237835509524392364e+03 9.507308412661044997e-03 3.881197771696741035e-05 9.468496434944073670e-03
1.241907336858354256e+03 9.439450991698822291e-03 3.864151447023407869e-05 9.400809477228594738e-03
1.245979164192316148e+03 9.373839834986238267e-03 3.847208536118016753e-05 9.335367749625062342e-03
1.250050991526277812e+03 9.310677857231464474e-03 3.830218441537770356e-05 9.272375672816095607e-03
1.254122818860239704e+03 9.250532571916107033e-03 3.813158052319773464e-05 9.212400991392911270e-03
1.258194646194201596e+03 9.194461649654180405e-03 3.796249998534585685e-05 9.156499149668834853e-03
1.262266473528163260e+03 9.144006833443395557e-03 3.780057532898012607e-05 9.106206258114422566e-03
1.266338300862125152e+03 9.101023667474675977e-03 3.765505496605535277e-05 9.063368612508618943e-03
1.270410128196087044e+03 9.067373541970865855e-03 3.753796028585702733e-05 9.029835581685009133e-03
1.274481955530048708e+03 9.044551914074484139e-03 3.746220887539026569e-05 9.007089705199089469e-03
1.278553782864010600e+03 9.033346394115992703e-03 3.743907556942749771e-05 8.995907318546565029e-03
1.282625610197972492e+03 9.033607304352635897e-03 3.747560875570764315e-05 8.996131695596929975e-03
1.286697437531934156e+03 9.044179850663899844e-03 3.757267296466232050e-05 9.006607177699242281e-03
1.290769264865896048e+03 9.063006249296243558e-03 3.772414045987275026e-05 9.025282108836371261e-03
1.294841092199857940e+03 9.087372319676722404e-03 3.791746680934797480e-05 9.049454852867375859e-03
1.298912919533819604e+03 9.114253979654821786e-03 3.813555943537154245e-05 9.076118420219454058e-03
1.302984746867781496e+03 9.140714159679000361e-03 3.835957795824430227e-05 9.102354581720756635e-03
1.307056574201743388e+03 9.164303260981460780e-03 3.857214321602979738e-05 9.125731117765432596e-03
1.311128401535705052e+03 9.183418788293141316e-03 3.876038161765780457e-05 9.144658406675486642e-03
1.315200228869666944e+03 9.197578531619567468e-03 3.891826677917266218e-05 9.158660264840395165e-03
1.319272056203628836e+03 9.207559380860933645e-03 3.904781585032272509e-05 9.168511565010611930e-03
1.323343883537590500e+03 9.215358260002207147e-03 3.915884935325906417e-05 9.176199410648946606e-03
1.327415710871552392e+03 9.223950914766772605e-03 3.926724362127114842e-05 9.184683671145504533e-03
1.331487538205514284e+03 9.236861344017927716e-03 3.939189761483120758e-05 9.197469446403091359e-03
1.335559365539475948e+03 9.257603486122265371e-03 3.955096423256838906e-05 9.218052521889704212e-03
1.339631192873437840e+03 9.289102486256573671e-03 3.975817119085713194e-05 9.249344315065714459e-03
1.343703020207399732e+03 9.333226560477964409e-03 4.002015929566295020e-05 9.293206401182302692e-03
1.347774847541361396e+03 9.390547054355304069e-03 4.033560086154690477e-05 9.350211453493758804e-03
1.351846674875323288e+03 9.460390356049831057e-03 4.069641549815306627e-05 9.419693940551679759e-03
1.355918502209285180e+03 9.541163269718561796e-03 4.109077838567773937e-05 9.500072491332889335e-03
1.359990329543246844e+03 9.630849388258347701e-03 4.150702046555775684e-05 9.589342367792793448e-03
1.364062156877208736e+03 9.727519171780763668e-03 4.193718227567277447e-05 9.685581989505092845e-03
1.368133984211170628e+03 9.829694923224902708e-03 4.237906575697026479e-05 9.787315857467926081e-03
1.372205811545132292e+03 9.936469337295986137e-03 4.283614215511648933e-05 9.893633195140878051e-03
1.376277638879094184e+03 1.004737503467193968e-02 4.331545381538316850e-05 1.000405958085655127e-02
1.380349466213056076e+03 1.016210566632144360e-02 4.382440290684964034e-05 1.011828126341459723e-02
1.384421293547017967e+03 1.028025414678845548e-02 4.436774768191435096e-05 1.023588639910654428e-02
1.388493120880979632e+03 1.040122944330573382e-02 4.494603854029276941e-05 1.035628340476544770e-02
1.392564948214941523e+03 1.052443563322081124e-02 4.555613644105360055e-05 1.047887949677975793e-02
1.396636775548903415e+03 1.064967258064892716e-02 4.619358826374391988e-05 1.060347899238518049e-02
1.400708602882865080e+03 1.077759675768786077e-02 4.685583592461578685e-05 1.073074092176324636e-02
1.404780430216826971e+03 1.091001760510137975e-02 4.754484100607990563e-05 1.086247276409530067e-02
1.408852257550788863e+03 1.104983440065358466e-02 4.826789132066405585e-05 1.100156650933291347e-02
1.412924084884750528e+03 1.120053955051436047e-02 4.903606290132978430e-05 1.115150348761303166e-02
1.416995912218712419e+03 1.136538579552665365e-02 4.986076663573964587e-05 1.131552502889091386e-02
1.421067739552674311e+03 1.154647058536506163e-02 5.074963155897473224e-05 1.149572095380608713e-02
1.425139566886635976e+03 1.174406463964390579e-02 5.170333205967484434e-05 1.169236130758423767e-02
1.429211394220597867e+03 1.195646543167928552e-02 5.271470264936402349e-05 1.190375072902993478e-02
1.433283221554559759e+03 1.218049787814597454e-02 5.377069471826170663e-05 1.212672718342771433e-02
1.437355048888521424e+03 1.241256717322586009e-02 5.485671378796777624e-05 1.235771045943789316e-02
1.441426876222483315e+03 1.264997156909893061e-02 5.596201647993207407e-05 1.259400955261900067e-02
1.445498703556445207e+03 1.289207990966092544e-02 5.708445911191985234e-05 1.283499545054899924e-02
1.449570530890406872e+03 1.314100910861511727e-02 5.823310172724416474e-05 1.308277600688788345e-02
1.453642358224368763e+03 1.340158954253079480e-02 5.942788112403985922e-05 1.334216166140676264e-02
1.457714185558330655e+03 1.368062537677444332e-02 6.069649634574543181e-05 1.361992888042871074e-02
1.461786012892292320e+03 1.398566418735282778e-02 6.206946441122507090e-05 1.392359472294160162e-02
1.465857840226254211e+03 1.432361728082703380e-02 6.357474152292533621e-05 1.426004253930411581e-02
1.469929667560216103e+03 1.469958519100036942e-02 6.523327010800190049e-05 1.463435192089236614e-02
1.474001494894177767e+03 1.511615262405773333e-02 6.705639136969139156e-05 1.504909623268805077e-02
1.478073322228139659e+03 1.557326899027706470e-02 6.904546639935694779e-05 1.550422352387771999e-02
1.482145149562101551e+03 1.606868181100775880e-02 7.119350786082191294e-05 1.599748830314693532e-02
1.486216976896063215e+03 1.659878524432576580e-02 7.348829548512207308e-05 1.652529694884063982e-02
1.490288804230025107e+03 1.715970156488078047e-02 7.591636385051907319e-05 1.708378520103026599e-02
1.494360631563986999e+03 1.774841900926101348e-02 7.846733023585371065e-05 1.766995167902516914e-02
1.498432458897948663e+03 1.836383983094301911e-02 8.113814507372752111e-05 1.828270168586929034e-02
1.502504286231910555e+03 1.900762530296562502e-02 8.393689740194888477e-05 1.892368840556367740e-02
1.506576113565872447e+03 1.968475159456629237e-02 8.688577273923371786e-05 1.959786582182707418e-02
1.510647940899834111e+03 2.040371806612780586e-02 9.002270436564457261e-05 2.031369536176216850e-02
1.514719768233796003e+03 2.117638811827117148e-02 9.340128425389801676e-05 2.108298683401727339e-02
1.518791595567757895e+03 2.201749486728545729e-02 9.708868561671685888e-05 2.192040618166874247e-02
1.522863422901719559e+03 2.294389822494468517e-02 1.011616996159231803e-04 2.284273652532877244e-02
1.526935250235681451e+03 2.397371628510992433e-02 1.057014246118105660e-04 2.386801486049813098e-02
1.531007077569643343e+03 2.512545701195968359e-02 1.107875377965474565e-04 2.501466947416314257e-02
1.535078904903605007e+03 2.641724902221249602e-02 1.164933043042918319e-04 2.630075571790820715e-02
1.539150732237566899e+03 2.786623677787761211e-02 1.228824736559794490e-04 2.774335430422163878e-02
1.543222559571528791e+03 2.948819869837030622e-02 1.300089871748382722e-04 2.935818971119547732e-02
1.547294386905490455e+03 3.129748581370805222e-02 1.379200335470875873e-04 3.115956578016097420e-02
1.551366214239452347e+03 3.330744880960937598e-02 1.466625120699991281e-04 3.316078629753937967e-02
1.555438041573414239e+03 3.553157001569591522e-02 1.562924389691375292e-04 3.537527757672678103e-02
1.559509868907375903e+03 3.798547380143622865e-02 1.668862828582865041e-04 3.781858751857795908e-02
1.563581696241337795e+03 4.068980481461006993e-02 1.785526745727937362e-04 4.051125214003727798e-02
1.567653523575299687e+03 4.367364963514258624e-02 1.914424936180813067e-04 4.348220714152451621e-02
1.571725350909261351e+03 4.697782192789261985e-02 2.057551456116365563e-04 4.677206678228098408e-02
1.575797178243223243e+03 5.065707826001750874e-02 2.217390901677931123e-04 5.043533916984972720e-02
1.579869005577185135e+03 5.478032440495013422e-02 2.396854541947577384e-04 5.454063895075537960e-02
1.583940832911146799e+03 5.942818054127509825e-02 2.599147805108864779e-04 5.916826576076421318e-02
1.588012660245108691e+03 6.468784432948011809e-02 2.827582894411989601e-04 6.440508604003891691e-02
1.592084487579070583e+03 7.064584398839164614e-02 3.085359789844412831e-04 7.033730800940721228e-02
1.596156314913032247e+03 7.737976425902547140e-02 3.375339892234283730e-04 7.704223026980205891e-02
1.600228142246994139e+03 8.495014893118216226e-02 3.699827133688541507e-04 8.458016621781330735e-02
1.604299969580956031e+03 9.339346694298596152e-02 4.060354173639820906e-04 9.298743152562198577e-02
1.608371796914917695e+03 1.027164002567383105e-01 4.457453721183692627e-04 1.022706548846199215e-01
1.612443624248879587e+03 1.128910577682165073e-01 4.890386965520133501e-04 1.124020190716644996e-01
1.616515451582841479e+03 1.238503761262269992e-01 5.356810818074476260e-04 1.233146950444195394e-01
1.620587278916803143e+03 1.354831666145540625e-01 5.852395322630230294e-04 1.348979270822910359e-01
1.624659106250765035e+03 1.476290068226400742e-01 6.370445466578184262e-04 1.469919622759822408e-01
1.628730933584726927e+03 1.600741881335491779e-01 6.901622861591771071e-04 1.593840258473900318e-01
1.632802760918688818e+03 1.725507614011622670e-01 7.433883921265540921e-04 1.718073730090357298e-01
1.636874588252650483e+03 1.847409155270557102e-01 7.952737442603122209e-04 1.839456417827954327e-01
1.640946415586612375e+03 1.962882228464806755e-01 8.441871809563662515e-04 1.954440356655243460e-01
1.645018242920574266e+03 2.068157856338536382e-01 8.884120823215416098e-04 2.059273735515321224e-01
1.649090070254536158e+03 2.159494705027386607e-01 9.262650726065831900e-04 2.150232054301320639e-01
1.653161897588498050e+03 2.233428815623906549e-01 9.562188188173698089e-04 2.223866627435732712e-01
1.657233724922459714e+03 2.287001117206513001e-01 9.770093646654753709e-04 2.277231023559858625e-01
1.661305552256421379e+03 2.317929282323560880e-01 9.877125225091416046e-04 2.308052157098469392e-01
1.665377379590383043e+03 2.324707320940528066e-01 9.877824298760793775e-04 2.314829496641767348e-01
1.669449206924345390e+03 2.306637816688699993e-01 9.770555963937734532e-04 2.296867260724762549e-01
1.673521034258306827e+03 2.263819652561616658e-01 9.557319906135884743e-04 2.254262332655480594e-01
1.677592861592268719e+03 2.197121217710976404e-01 9.243479144686089690e-04 2.187877738566290087e-01
1.681664688926230610e+03 2.108162263099488121e-01 8.837523855906821236e-04 2.099324739243581261e-01
1.685736516260192275e+03 1.999309256645427912e-01 8.350907037869002066e-04 1.990958349607558908e-01
1.689808343594154167e+03 1.873666743508691501e-01 7.797890899891328151e-04 1.865868852608800199e-01
1.693880170928116058e+03 1.735030550654638737e-01 7.195268990194279759e-04 1.727835281664444611e-01
1.697951998262077495e+03 1.587765808098660081e-01 6.561813376409987488e-04 1.581203994722250317e-01
1.702023825596039842e+03 1.436586834635537047e-01 5.917351610345773002e-04 1.430669483025191480e-01
1.706095652930001506e+03 1.286243547543788335e-01 5.281490264581116360e-04 1.280962057279207422e-01
1.710167480263963171e+03 1.141151204351260606e-01 4.672132888389014869e-04 1.136479071462871832e-01
1.714239307597924835e+03 1.005025557996274965e-01 4.104042878128940784e-04 1.000921515118146365e-01
1.718311134931886727e+03 8.805942923957325863e-02 3.587736307282789064e-04 8.770065560884500455e-02
1.722382962265848619e+03 7.694437167759639318e-02 3.128939209185601744e-04 7.663147775667784878e-02
1.726454789599810510e+03 6.720300108533963646e-02 2.728720470514629445e-04 6.693012903828818305e-02
1.730526616933772402e+03 5.878457962567142092e-02 2.384252829730817427e-04 5.854615434269834495e-02
1.734598444267734067e+03 5.156973282933624558e-02 2.090009721374080193e-04 5.136073185719884637e-02
1.738670271601695958e+03 4.540257472086258600e-02 1.839118533689320051e-04 4.521866286749366692e-02
1.742742098935657850e+03 4.012033378399064432e-02 1.624584538811733501e-04 3.995787533010947828e-02
1.746813926269619742e+03 3.557518184863399380e-02 1.440170298009493062e-04 3.543116481883305108e-02
1.750885753603581634e+03 3.164576911361447614e-02 1.280834550190139496e-04 3.151768565859546650e-02
1.754957580937543298e+03 2.823899067680354924e-02 1.142761507847668627e-04 2.812471452601879654e-02
1.759029408271504963e+03 2.528482658548160053e-02 1.023107349619111969e-04 2.518251585051969887e-02
1.763101235605466627e+03 2.272813383520679714e-02 9.196317122841978962e-05 2.263617066397838329e-02
1.767173062939428974e+03 2.052094981603734894e-02 8.303654597415508279e-05 2.043791327006321337e-02
1.771244890273390411e+03 1.861757011052588701e-02 7.534083551829739143e-05 1.854222927500759691e-02
1.775316717607352302e+03 1.697301867515350199e-02 6.868784975008903433e-05 1.690433082540341789e-02
1.779388544941314194e+03 1.554415499794327415e-02 6.289760550483633863e-05 1.548125739243845153e-02
1.783460372275275859e+03 1.429195460316554957e-02 5.780938356764913407e-05 1.423414521959790423e-02
1.787532199609237750e+03 1.318352732028166621e-02 5.329096316031174663e-05 1.313023635712135852e-02
1.791604026943199642e+03 1.219299087788497382e-02 4.924209216476942846e-05 1.214374878572022261e-02
1.795675854277161079e+03 1.130104175731000068e-02 4.559159186720326937e-05 1.125545016544280720e-02
1.799747681611123426e+03 1.049363136033119349e-02 4.229014503255535215e-05 1.045134121529864638e-02
1.803819508945085090e+03 9.760381901730853446e-03 3.930193292278054038e-05 9.721079968808088098e-03
1.807891336279046754e+03 9.093267911120913455e-03 3.659783935014619227e-05 9.056670071770777861e-03
1.811963163613008419e+03 8.485790720856846436e-03 3.415153367005599423e-05 8.451639187186801155e-03
1.816034990946970311e+03 7.932574329157653786e-03 3.193822600514821514e-05 7.900636103152523793e-03
1.820106818280932202e+03 7.429151468783876458e-03 2.993493351006524367e-05 7.399216535273822788e-03
1.824178645614894094e+03 6.971726794815046382e-03 2.812096382918989268e-05 6.943605830985868921e-03
1.828250472948855986e+03 6.556841452919450960e-03 2.647783590339792623e-05 6.530363617016069280e-03
1.832322300282817650e+03 6.181014110904319014e-03 2.498859076654511450e-05 6.156025520137789475e-03
1.836394127616779542e+03 5.840506926260592181e-03 2.363696984002722182e-05 5.816869956420574368e-03
1.840465954950741434e+03 5.531328470773226244e-03 2.240703191382200564e-05 5.508921438859414911e-03
1.844537782284703326e+03 5.249472502846528124e-03 2.128348609843775996e-05 5.228189016748104913e-03
1.848609609618665218e+03 4.991273319510751254e-03 2.025257204294681330e-05 4.971020747467816414e-03
1.852681436952626882e+03 4.753702606614840231e-03 1.930299431032295290e-05 4.734399612304532844e-03
1.856753264286588546e+03 4.534467363517684195e-03 1.842638210269738591e-05 4.516040981415000294e-03
1.860825091620550211e+03 4.331871775068151312e-03 1.761699153669749675e-05 4.314254783531461940e-03
1.864896918954512557e+03 4.144521981754170983e-03 1.687074374021587053e-05 4.127651238013970054e-03
1.868968746288473994e+03 3.971023181585110404e-03 1.618399839624238957e-05 3.954839183188880655e-03
1.873040573622435886e+03 3.809812091223703599e-03 1.555255698411752899e-05 3.794259534239598219e-03
1.877112400956397778e+03 3.659193455241270716e-03 1.497125071340133306e-05 3.644222204527880656e-03
1.881184228290359442e+03 3.517548158826179321e-03 1.443418724097117589e-05 3.503113971585219803e-03
1.885256055624321334e+03 3.383602796493945762e-03 1.393545399603989039e-05 3.369667342497913078e-03
1.889327882958283226e+03 3.256630410510757273e-03 1.346992704870823162e-05 3.243160483462057854e-03
1.893399710292245118e+03 3.136492877142885941e-03 1.303385760215671633e-05 3.123459019540742159e-03
1.897471537626207009e+03 3.023511460560546725e-03 1.262506150373759062e-05 3.010886399056817483e-03
1.901543364960168674e+03 2.918224410071013682e-03 1.224272689025529026e-05 2.905981683180768223e-03
1.905615192294130566e+03 2.821127067638683813e-03 1.188698948392056805e-05 2.809240078154772759e-03
1.909687019628092003e+03 2.732479974695411953e-03 1.155845811019595032e-05 2.720921516585232767e-03
1.913758846962053894e+03 2.652226589923165588e-03 1.125781780454823680e-05 2.640968772118629064e-03
1.917830674296016241e+03 2.580011020697202308e-03 1.098554805087073179e-05 2.569025472646336954e-03
1.921902501629977678e+03 2.515252961953356320e-03 1.074172753820654872e-05 2.504511234415163125e-03
1.925974328963939570e+03 2.457233503296539501e-03 1.052588527441107275e-05 2.446707618022141931e-03
1.930046156297901234e+03 2.405165859661042346e-03 1.033689254302316702e-05 2.394828967118029645e-03
1.934117983631863126e+03 2.358251970819573613e-03 1.017293465042235832e-05 2.348079036169168667e-03
1.938189810965825018e+03 2.315741325503461491e-03 1.003161676825866064e-05 2.305709708735215885e-03
1.942261638299786910e+03 2.277003863766336334e-03 9.910226898764894844e-06 2.267093636867576010e-03
1.946333465633748801e+03 2.241609295606970635e-03 9.806114409191920810e-06 2.231803181197792533e-03
1.950405292967710466e+03 2.209384940387679620e-03 9.717080114655745981e-06 2.199667860273030965e-03
1.954477120301672358e+03 2.180418040657418777e-03 9.641650286673753538e-06 2.170776390370755381e-03
1.958548947635633795e+03 2.154983056793804540e-03 9.579139638439350388e-06 2.145403917155370467e-03
1.962620774969596141e+03 2.133404341770203487e-03 9.529485784384052449e-06 2.123874855985826912e-03
1.966692602303558033e+03 2.115895337211469700e-03 9.492925391207537134e-06 2.106402411820269133e-03
1.970764429637519470e+03 2.102431107176025958e-03 9.469640259973338654e-06 2.092961466916063926e-03
1.974836256971481362e+03 2.092702614945640086e-03 9.459504128344191375e-06 2.083243110817309136e-03
1.978908084305443026e+03 2.086171156957728444e-03 9.462008435332802206e-06 2.076709148522398306e-03
1.982979911639404918e+03 2.082202582891432181e-03 9.476363076787600791e-06 2.072726219814654321e-03
1.987051738973366810e+03 2.080230182040016494e-03 9.501693967535064620e-06 2.070728488072498628e-03
1.991123566307328701e+03 2.079885355791730346e-03 9.537225186303469483e-06 2.070348130605437122e-03
1.995195393641290593e+03 2.081049790771053853e-03 9.582352137609228721e-06 2.071467438633452056e-03
1.999267220975252258e+03 2.083814625284692752e-03 9.636571990323995632e-06 2.074178053294383102e-03
2.003339048309214149e+03 2.088367223945795763e-03 9.699309603153416975e-06 2.078667914342646923e-03
2.007410875643175586e+03 2.094850621416523805e-03 9.769728428325373336e-06 2.085080892988201619e-03
2.011482702977137478e+03 2.103246169768833562e-03 9.846624413431113754e-06 2.093399545355402458e-03
2.015554530311099825e+03 2.113316609768335717e-03 9.928464290608677616e-06 2.103388145477743006e-03
2.019626357645061262e+03 2.124622149940114633e-03 1.001356525933227537e-05 2.114608584680792956e-03
2.023698184979023154e+03 2.136596855717756791e-03 1.010035002911780343e-05 2.126496505688650097e-03
2.027770012312984818e+03 2.148655878886091691e-03 1.018757767707030363e-05 2.138468301209028779e-03
2.031841839646946710e+03 2.160300151752512447e-03 1.027446221988231347e-05 2.150025689532644810e-03
2.035913666980908602e+03 2.171192959358733687e-03 1.036064335050549092e-05 2.160832316008237056e-03
2.039985494314870493e+03 2.181197156095852994e-03 1.044604550267132582e-05 2.170751110593188531e-03
2.044057321648832385e+03 2.190376320511584676e-03 1.053072064399862331e-05 2.179845599867602339e-03
2.048129148982794050e+03 2.198972686593872461e-03 1.061478820314209494e-05 2.188357898390735651e-03
2.052200976316755714e+03 2.207376760423791252e-03 1.069854862077764900e-05 2.196678211803027893e-03
2.056272803650717833e+03 2.216098545395690962e-03 1.078276376190354239e-05 2.205315781633795241e-03
2.060344630984679497e+03 2.225741000862549446e-03 1.086899777432302979e-05 2.214872003088232035e-03
2.064416458318641162e+03 2.236966860171497786e-03 1.095983770406199270e-05 2.226007022467447506e-03
2.068488285652603281e+03 2.250444613206501084e-03 1.105880246302957674e-05 2.239385810743481451e-03
2.072560112986564945e+03 2.266761729131165550e-03 1.116982002778439072e-05 2.255591909103384519e-03
2.076631940320526610e+03 2.286304190768562259e-03 1.129629411710345607e-05 2.275007896651473453e-03
2.080703767654488729e+03 2.309118922781568366e-03 1.143995065961560026e-05 2.297678972121960667e-03
2.084775594988450393e+03 2.334793975491122279e-03 1.159979018426089574e-05 2.323194185306871190e-03
2.088847422322412058e+03 2.362402359973151539e-03 1.177151635194516721e-05 2.350630843621214373e-03
2.092919249656374177e+03 2.390551724201864150e-03 1.194773017249076130e-05 2.378603994029385247e-03
2.096991076990335841e+03 2.417560171772835127e-03 1.211898274275897435e-05 2.405441189030080133e-03
2.101062904324297506e+03 2.441741829241274916e-03 1.227551937744530801e-05 2.429466309863841100e-03
2.105134731658259625e+03 2.461744857516341006e-03 1.240930737514591593e-05 2.449335550141206429e-03
2.109206558992221289e+03 2.476854473690612464e-03 1.251580367173971045e-05 2.464338670018875830e-03
2.113278386326182954e+03 2.487168139359500606e-03 1.259494442532715801e-05 2.474573194934179352e-03
2.117350213660145073e+03 2.493576130709250233e-03 1.265103191838266538e-05 2.480925098790880568e-03
2.121422040994106737e+03 2.497533699847229779e-03 1.269150328746294174e-05 2.484842196559771624e-03
2.125493868328068402e+03 2.500675262850213330e-03 1.272489566545642939e-05 2.487950367184772228e-03
2.129565695662030521e+03 2.504374523046691645e-03 1.275856643847272965e-05 2.491615956608221431e-03
2.133637522995992185e+03 2.509376997102864045e-03 1.279680341243549110e-05 2.496580193690435198e-03
2.137709350329953850e+03 2.515612875322763460e-03 1.283984001148366413e-05 2.502773035311285817e-03
2.141781177663915969e+03 2.522243041073018218e-03 1.288401273021207760e-05 2.509359028342814275e-03
2.145853004997877633e+03 2.527917684954918923e-03 1.292295266751106846e-05 2.514994732287414297e-03
2.149924832331839298e+03 2.531160797627609975e-03 1.294940284959238490e-05 2.518211394778022572e-03
2.153996659665801417e+03 2.530758033804920808e-03 1.295709390924794669e-05 2.517800939895689649e-03
2.158068486999763081e+03 2.526031888761695945e-03 1.294213832518030212e-05 2.513089750436512879e-03
2.162140314333724746e+03 2.516933021688269947e-03 1.290359905489522125e-05 2.504029422633379746e-03
2.166212141667686865e+03 2.503942202739382894e-03 1.284317728033124735e-05 2.491099025459054227e-03
2.170283969001648529e+03 2.487839341525759865e-03 1.276424380099505468e-05 2.475075097724772476e-03
2.174355796335610194e+03 2.469432797068561898e-03 1.267061667092043088e-05 2.456762180397648564e-03
2.178427623669572313e+03 2.449342918833617884e-03 1.256551309699682848e-05 2.436777405736625934e-03
2.182499451003533977e+03 2.427901891408061185e-03 1.245098271955191606e-05 2.415450908688517636e-03
2.186571278337495642e+03 2.405182500810906267e-03 1.232791939152326804e-05 2.392854581419390746e-03
2.190643105671457761e+03 2.381121346628268555e-03 1.219653293837549127e-05 2.368924813689898129e-03
2.194714933005419425e+03 2.355674037002240123e-03 1.205701820952627366e-05 2.343617018792722682e-03
2.198786760339381090e+03 2.328938560169835879e-03 1.191012890639813528e-05 2.317028431263445584e-03
2.202858587673343209e+03 2.301204910143618727e-03 1.175744419530513916e-05 2.289447465948320735e-03
2.206930415007304873e+03 2.272922544419836606e-03 1.160126240979953018e-05 2.261321282010039617e-03
2.211002242341266538e+03 2.244608182294338412e-03 1.144420443803459691e-05 2.233163977856308761e-03
2.215074069675228657e+03 2.216733898797665879e-03 1.128870349790064113e-05 2.205445195299773203e-03
2.219145897009190321e+03 2.189635466924502640e-03 1.113657042236758931e-05 2.178498896502134314e-03
2.223217724343151986e+03 2.163466773075829221e-03 1.098876282250308819e-05 2.152478010253336144e-03
2.227289551677114105e+03 2.138205871412647997e-03 1.084538898181765457e-05 2.127360482430834445e-03
2.231361379011075769e+03 2.113700507622474477e-03 1.070588867764071242e-05 2.102994618944843686e-03
2.235433206345037433e+03 2.089731542516105878e-03 1.056928777858773000e-05 2.079162254737533435e-03
2.239505033678999553e+03 2.066072961695491865e-03 1.043443159488295947e-05 2.055638530100616437e-03
2.243576861012961217e+03 2.042534431114490824e-03 1.030014848057264633e-05 2.032234282633927497e-03
2.247648688346922881e+03 2.018982079833161677e-03 1.016535016223930074e-05 2.008816729670927920e-03
2.251720515680885001e+03 1.995341185939467684e-03 1.002910976323560495e-05 1.985312076176228881e-03
2.255792343014846665e+03 1.971588480604503056e-03 9.890758121416679482e-06 1.961697722483096446e-03
2.259864170348808329e+03 1.947741871814972440e-03 9.750009090658770956e-06 1.937991862724315617e-03
2.263935997682770449e+03 1.923852987149844056e-03 9.607085273051176182e-06 1.914245901876794565e-03
2.268007825016732113e+03 1.900004795033145063e-03 9.462790511466435045e-06 1.890542004521679085e-03
2.272079652350694232e+03 1.876313840583856323e-03 9.318479029334255154e-06 1.866995361554520030e-03
2.276151479684655897e+03 1.852934657961272796e-03 9.175902221673167583e-06 1.843758755739605907e-03
2.280223307018617561e+03 1.830062563468612402e-03 9.036957575973394158e-06 1.821025605892635747e-03
2.284295134352579680e+03 1.807930242528539479e-03 8.903399239012266364e-06 1.799026843289530013e-03
2.288366961686541345e+03 1.786793658952042733e-03 8.776580657175528513e-06 1.778017078294877318e-03
2.292438789020503009e+03 1.766904421804995143e-03 8.657283322944590346e-06 1.758247138482051022e-03
2.296510616354465128e+03 1.748469180992422113e-03 8.545651914066825853e-06 1.739923529078359456e-03
2.300582443688426793e+03 1.731601469090838369e-03 8.441222107726344733e-06 1.723160246983111103e-03
2.304654271022388457e+03 1.716276320132141585e-03 8.343008187055718405e-06 1.707933311945093475e-03
2.308726098356350576e+03 1.702301044995317616e-03 8.249618926404954605e-06 1.694051426068913461e-03
2.312797925690312240e+03 1.689314951727249881e-03 8.159386437395615209e-06 1.681155565289855439e-03
2.316869753024273905e+03 1.676825770401456014e-03 8.070510658068889587e-06 1.668755259743392224e-03
2.320941580358236024e+03 1.664281787072182479e-03 7.981229305678219096e-06 1.656300557766507333e-03
2.325013407692197688e+03 1.651168408283188241e-03 7.890014098706364442e-06 1.643278394184482334e-03
2.329085235026159353e+03 1.637109154363318442e-03 7.795773667689924694e-06 1.629313380695628088e-03
2.333157062360121472e+03 1.621946919368218469e-03 7.698023816224530461e-06 1.614248895551999297e-03
2.337228889694083136e+03 1.605783638258213809e-03 7.596979200795986718e-06 1.598186659057418153e-03
2.341300717028044801e+03 1.588965343573526742e-03 7.493533313274424647e-06 1.581471810260258069e-03
2.345372544362006920e+03 1.572013036604903279e-03 7.389122419737076445e-06 1.564623914185166815e-03
2.349444371695968584e+03 1.555514308814900980e-03 7.285502370774299794e-06 1.548228806444132410e-03
2.353516199029930249e+03 1.540002033727721955e-03 7.184491195772515145e-06 1.532817542531951559e-03
2.357588026363892368e+03 1.525851068052438628e-03 7.087735736995199294e-06 1.518763332315444707e-03
2.361659853697854032e+03 1.513219839835057944e-03 6.996546434638297283e-06 1.506223293400417353e-03
2.365731681031815697e+03 1.502051545885195027e-03 6.911818232510923187e-06 1.495139727652685215e-03
2.369803508365777816e+03 1.492132594337218076e-03 6.834029031384849509e-06 1.485298565305833958e-03
2.373875335699739480e+03 1.483188911171987772e-03 6.763290104098892580e-06 1.476425621067889351e-03
2.377947163033701145e+03 1.474989172024542732e-03 6.699419384691038047e-06 1.468289752639857131e-03
2.382018990367663264e+03 1.467421941382273786e-03 6.642015790806437195e-06 1.460779925591462790e-03
2.386090817701624928e+03 1.460522249439681706e-03 6.590523914496300294e-06 1.453931725525183004e-03
2.390162645035586593e+03 1.454439939206786641e-03 6.544286966935630593e-06 1.447895652239851146e-03
2.394234472369548712e+03 1.449361823098870451e-03 6.502588919413869978e-06 1.442859234179450249e-03
2.398306299703510376e+03 1.445415654378398931e-03 6.464685904445364655e-06 1.438950968473946693e-03
2.402378127037472041e+03 1.442590504650600276e-03 6.429826077654701710e-06 1.436160678572946008e-03
2.406449954371434160e+03 1.440702804754665552e-03 6.397259353411554648e-06 1.434305545401258746e-03
2.410521781705395824e+03 1.439421682390537929e-03 6.366243506651723437e-06 1.433055438883878378e-03
2.414593609039357489e+03 1.438346674141025841e-03 6.336057618599988576e-06 1.432010616522434070e-03
2.418665436373319608e+03 1.437112629148048701e-03 6.306033388348307408e-06 1.430806595759695011e-03
2.422737263707281272e+03 1.435487131736442332e-03 6.275607410959358925e-06 1.429211524325471605e-03
2.426809091041242937e+03 1.433428385268925532e-03 6.244385416435732721e-06 1.427183999852488618e-03
2.430880918375205056e+03 1.431085183740433584e-03 6.212198640581369260e-06 1.424872985099845000e-03
2.434952745709166720e+03 1.428740357279271664e-03 6.179129547746563386e-06 1.422561227731524531e-03
2.439024573043128385e+03 1.426717849887868721e-03 6.145492382613311536e-06 1.420572357505246698e-03
2.443096400377090504e+03 1.425284861062839272e-03 6.111771119401884553e-06 1.419173089943433479e-03
2.447168227711052168e+03 1.424580633581833860e-03 6.078535730368641579e-06 1.418502097851460962e-03
2.451240055045013833e+03 1.424592940224436634e-03 6.046367997787629776e-06 1.418546572226646405e-03
2.455311882378975952e+03 1.425186256458178206e-03 6.015824031150627548e-06 1.419170432427011063e-03
2.459383709712937616e+03 1.426168168704989442e-03 5.987442500510924405e-06 1.420180726204472912e-03
2.463455537046899281e+03 1.427368658508058885e-03 5.961782720390748401e-06 1.421406875787659032e-03
2.467527364380861400e+03 1.428704146954908136e-03 5.939456558459136555e-06 1.422764690396440728e-03
2.471599191714823064e+03 1.430204890641638372e-03 5.921113056493130592e-06 1.424283777585140520e-03
2.475671019048784729e+03 1.431997674990770266e-03 5.907349020049573992e-06 1.426090325970714914e-03
2.479742846382746848e+03 1.434251023779000572e-03 5.898548746937211409e-06 1.428352475032050508e-03
2.483814673716708512e+03 1.437102384086334783e-03 5.894690626994286402e-06 1.431207693459325648e-03
2.487886501050670176e+03 1.440592333619810468e-03 5.895183973309920141e-06 1.434697149646485493e-03
2.491958328384632296e+03 1.444628453730488395e-03 5.898805214902484622e-06 1.438729648515579048e-03
2.496030155718593960e+03 1.448992219570820151e-03 5.903784380694067058e-06 1.443088435190132551e-03
2.500101983052555624e+03 1.453389083398392168e-03 5.908054747280530200e-06 1.447481028651101485e-03
2.504173810386517744e+03 1.457528794248669473e-03 5.909631377695452091e-06 1.451619162870971830e-03
2.508245637720479408e+03 1.461213645711831278e-03 5.907041846599351103e-06 1.455306603865223845e-03
2.512317465054441072e+03 1.464409355918577446e-03 5.899707378301369139e-06 1.458509648540266389e-03
2.516389292388403192e+03 1.467277452485005315e-03 5.888172994386332454e-06 1.461389279490617936e-03
2.520461119722364856e+03 1.470158181116519407e-03 5.874112648592363537e-06 1.464284068467916174e-03
2.524532947056326520e+03 1.473506245112121433e-03 5.860084447805862097e-06 1.467646160664312551e-03
2.528604774390288640e+03 1.477794388572065088e-03 5.849070867982285394e-06 1.471945317704074097e-03
2.532676601724250304e+03 1.483408392116615515e-03 5.843894776752528390e-06 1.477564497339871981e-03
2.536748429058211968e+03 1.490559104821498077e-03 5.846639155192978570e-06 1.484712465666298718e-03
2.540820256392174088e+03 1.499232281449685688e-03 5.858205276628971258e-06 1.493374076173051594e-03
2.544892083726135752e+03 1.509186890140806802e-03 5.878116532179059307e-06 1.503308773608614309e-03
2.548963911060097416e+03 1.520000365649508802e-03 5.904618288023703826e-06 1.514095747361485656e-03
2.553035738394059535e+03 1.531148586010037341e-03 5.935052334525743431e-06 1.525213533675508822e-03
2.557107565728021200e+03 1.542101925779691771e-03 5.966417317876000827e-06 1.536135508461812472e-03
2.561179393061982864e+03 1.552417693311733491e-03 5.995983158065606045e-06 1.546421710153664903e-03
2.565251220395944983e+03 1.561812837930207087e-03 6.021819969762745128e-06 1.555791017960449479e-03
2.569323047729906648e+03 1.570206951411855538e-03 6.043131172328429190e-06 1.564163820239533988e-03
2.573394875063868312e+03 1.577731935180733385e-03 6.060335454326264693e-06 1.571671599726404784e-03
2.577466702397830431e+03 1.584709630729831328e-03 6.074904807051924207e-06 1.578634725922775000e-03
2.581538529731792096e+03 1.591601841836173901e-03 6.089017353772744993e-06 1.585512824482406252e-03
2.585610357065753760e+03 1.598939225883513242e-03 6.105112019739615489e-06 1.592834113863771063e-03
2.589682184399715879e+03 1.607237558072389591e-03 6.125435121317936854e-06 1.601112122951068185e-03
2.593754011733677544e+03 1.616912394529181757e-03 6.151653594113094905e-06 1.610760740935063013e-03
2.597825839067639208e+03 1.628205617063178522e-03 6.184586737664770624e-06 1.622021030325513117e-03
2.601897666401601327e+03 1.641138229791431428e-03 6.224086830205973133e-06 1.634914142961228474e-03
2.605969493735562992e+03 1.655501429262800197e-03 6.269081457516679731e-06 1.649232347805282663e-03
2.610041321069524656e+03 1.670891595078939987e-03 6.317773686614268653e-06 1.664573821392331242e-03
2.614113148403486775e+03 1.686785285310788991e-03 6.367975266938723962e-06 1.680417310043844786e-03
2.618184975737448440e+03 1.702640060133973812e-03 6.417521492998003443e-06 1.696222538640974973e-03
2.622256803071410104e+03 1.717999339345290368e-03 6.464689916633184624e-06 1.711534649428651713e-03
2.626328630405372223e+03 1.732577402754592166e-03 6.508530413863657369e-06 1.726068872340729473e-03
2.630400457739333888e+03 1.746305234032096950e-03 6.549023210464320188e-06 1.739756210821635828e-03
2.634472285073295552e+03 1.759328042683547992e-03 6.587019344629475573e-06 1.752741023338912118e-03
2.638544112407257671e+03 1.771957857133017343e-03 6.623977551806157688e-06 1.765333879581214294e-03
2.642615939741219336e+03 1.784595627804590580e-03 6.661573893770712679e-06 1.777934053910834675e-03
2.646687767075181000e+03 1.797643531179837339e-03 6.701301865431249033e-06 1.790942229314409703e-03
2.650759594409143119e+03 1.811428162992382521e-03 6.744182811222736799e-06 1.804683980181165468e-03
2.654831421743104784e+03 1.826149796523733907e-03 6.790665394646123177e-06 1.819359131129082412e-03
2.658903249077066448e+03 1.841864312585186165e-03 6.840722534107686052e-06 1.835023590051086629e-03
2.662975076411028567e+03 1.858495836896825000e-03 6.894081725630633261e-06 1.851601755171199040e-03
2.667046903744990232e+03 1.875872017908030527e-03 6.950479180612420976e-06 1.868921538727418962e-03
2.671118731078951896e+03 1.893771349670762437e-03 7.009828327993208119e-06 1.886761521342773026e-03
2.675190558412914015e+03 1.911972624406263520e-03 7.072238596282122594e-06 1.904900385809980053e-03
2.679262385746875680e+03 1.930299142886106930e-03 7.137891424127148226e-06 1.923161251461988006e-03
2.683334213080837344e+03 1.948653168107835872e-03 7.206846630182918599e-06 1.941446321477655361e-03
2.687406040414799463e+03 1.967038197819461712e-03 7.278885283414467588e-06 1.959759312536053181e-03
2.691477867748761128e+03 1.985567651266086781e-03 7.353481079584966522e-06 1.978214170186504920e-03
2.695549695082722792e+03 2.004458894436972165e-03 7.429937114336539277e-06 1.997028957322636612e-03
2.699621522416684911e+03 2.024011873571031524e-03 7.507652174841138943e-06 2.016504221396191003e-03
2.703693349750646576e+03 2.044572630649736135e-03 7.586420545067082679e-06 2.036986210104667350e-03
2.707765177084608240e+03 2.066483943124973986e-03 7.666646360708504132e-06 2.058817296764273858e-03
2.711837004418570359e+03 2.090028131607993885e-03 7.749376784482764244e-06 2.082278754823518700e-03
2.715908831752532024e+03 2.115370165038617419e-03 7.836118391390194766e-06 2.107534046647231100e-03
2.719980659086493688e+03 2.142511682807501233e-03 7.928475232979334758e-06 2.134583207574535912e-03
2.724052486420455807e+03 2.171267382424459449e-03 8.027708235479834569e-06 2.163239674188979778e-03
2.728124313754417472e+03 2.201273394332918000e-03 8.134343355901469240e-06 2.193139050977015777e-03
2.732196141088379136e+03 2.232032245075872470e-03 8.247942827303416389e-06 2.223784302248578513e-03
2.736267968422341255e+03 2.262991158630640962e-03 8.367106625021630367e-06 2.254624052005617472e-03
2.740339795756302919e+03 2.293641310648855073e-03 8.489706891340516472e-06 2.285151603757526635e-03
2.744411623090264584e+03 2.323617834325680202e-03 8.613296692594907283e-06 2.315004537633086768e-03
2.748483450424226703e+03 2.352776848985738047e-03 8.735592990143727131e-06 2.344041255995600419e-03
2.752555277758188367e+03 2.381228749818345859e-03 8.854921179614642237e-06 2.372373828638736724e-03
2.756627105092150032e+03 2.409316750140806564e-03 8.970525118088180130e-06 2.400346225022717724e-03
2.760698932426112151e+03 2.437543975302592075e-03 9.082684822944285546e-06 2.428461290479641457e-03
2.764770759760073815e+03 2.466466910582954582e-03 9.192632093335475165e-06 2.457274278489628237e-03
2.768842587094035935e+03 2.496582657255867581e-03 9.302299288653124052e-06 2.487280357967220235e-03
2.772914414427997599e+03 2.528238531938872651e-03 9.413967767193161268e-06 2.518824564171678361e-03
2.776986241761959263e+03 2.561584394130684249e-03 9.529894145725672879e-06 2.552054499984965537e-03
2.781058069095921383e+03 2.596573683140073613e-03 9.651984670549075299e-06 2.586921698469531183e-03
2.785129896429883047e+03 2.633004092980646606e-03 9.781566231521451779e-06 2.623222526749127096e-03
2.789201723763844711e+03 2.670579028285238916e-03 9.919275849879286271e-06 2.660659752435360660e-03
2.793273551097806831e+03 2.708970039298686482e-03 1.006506753344032950e-05 2.698904971765244028e-03
2.797345378431768495e+03 2.747867815365767283e-03 1.021832112976082527e-05 2.737649494236014079e-03
2.801417205765730159e+03 2.787020522842335261e-03 1.037803147153633948e-05 2.776642491370800124e-03
2.805489033099692278e+03 2.826266882318942322e-03 1.054305233826972029e-05 2.815723829980679681e-03
2.809560860433653943e+03 2.865572231763827138e-03 1.071236242053127407e-05 2.854859869343306933e-03
2.813632687767615607e+03 2.905067835420022115e-03 1.088530754204400784e-05 2.894182527877979961e-03
2.817704515101577726e+03 2.945080865353924895e-03 1.106176010255393670e-05 2.934019105251375707e-03
2.821776342435539391e+03 2.986132356224802109e-03 1.124213457309251406e-05 2.974890221651715211e-03
2.825848169769501055e+03 3.028880595677037931e-03 1.142721912858794968e-05 3.017453376548456280e-03
2.829919997103463174e+03 3.074001459077306368e-03 1.161783297685889326e-05 3.062383626100451117e-03
2.833991824437424839e+03 3.122022169666211541e-03 1.181438760741212511e-05 3.110207782058798612e-03
2.838063651771386503e+03 3.173151643413085754e-03 1.201649448260098190e-05 3.161135148930485812e-03
2.842135479105348622e+03 3.227166823234590368e-03 1.222279069461665313e-05 3.214944032539978486e-03
2.846207306439310287e+03 3.283410325991800889e-03 1.243112268073178266e-05 3.270979203311070917e-03
2.850279133773271951e+03 3.340927475591575716e-03 1.263913077002369263e-05 3.328288344821558886e-03
2.854350961107234070e+03 3.398726847281257658e-03 1.284513616516876693e-05 3.385881711116092100e-03
2.858422788441195735e+03 3.456102089185709991e-03 1.304909320189945702e-05 3.443052995983811315e-03
2.862494615775157399e+03 3.512921215459988838e-03 1.325328895542610805e-05 3.499667926504563317e-03
2.866566443109119518e+03 3.569786390981477368e-03 1.346249267052742216e-05 3.556323898310954825e-03
2.870638270443081183e+03 3.627996928414445234e-03 1.368338996693679172e-05 3.614313538447505407e-03
2.874710097777042847e+03 3.689303781873314036e-03 1.392335058223284603e-05 3.675380431291084236e-03
2.878781925111004966e+03 3.755508567789435977e-03 1.418880763860699521e-05 3.741319760150831931e-03
2.882853752444966631e+03 3.828013125600934069e-03 1.448369103424269464e-05 3.813529434566698129e-03
2.886925579778928295e+03 3.907448671646654090e-03 1.480839199603225728e-05 3.892640279650613159e-03
2.890997407112890414e+03 3.993497495690155955e-03 1.515961440676735218e-05 3.978337881283391941e-03
2.895069234446852079e+03 4.084967951311696197e-03 1.553121795289242921e-05 4.069436733358807769e-03
2.899141061780813743e+03 4.180109853386380220e-03 1.591585195689273477e-05 4.164194001429490609e-03
2.903212889114775862e+03 4.277084293849238786e-03 1.630691500878218909e-05 4.260777378840458450e-03
2.907284716448737527e+03 4.374452071340907168e-03 1.670024504431001080e-05 4.357751826296601440e-03
2.911356543782699191e+03 4.471535037026133468e-03 1.709500028417645855e-05 4.454440036741957182e-03
2.915428371116661310e+03 4.568539896746123471e-03 1.749342878637040677e-05 4.551046467959756446e-03
2.919500198450622975e+03 4.666405906837025816e-03 1.789957871784795483e-05 4.648506328119185634e-03
2.923572025784584639e+03 4.766425882521118165e-03 1.831736478410404730e-05 4.748108517737026010e-03
2.927643853118546758e+03 4.869766635162890364e-03 1.874865812840098995e-05 4.851017977034494978e-03
2.931715680452508423e+03 4.977054183920757817e-03 1.919211217924859892e-05 4.957862071741507212e-03
2.935787507786470087e+03 5.088174504799636115e-03 1.964323892191861430e-05 5.068531265877722000e-03
2.939859335120432206e+03 5.202372384906556527e-03 2.009585023882740917e-05 5.182276534667729778e-03
2.943931162454393871e+03 5.318628013663207442e-03 2.054449286630016957e-05 5.298083520796918050e-03
2.948002989788355535e+03 5.436186710223556151e-03 2.098709404563423676e-05 5.415199616177917598e-03
2.952074817122317654e+03 5.555049591951369270e-03 2.142685505799869728e-05 5.533622736893372036e-03
2.956146644456279319e+03 5.676231014899810016e-03 2.187257798952188507e-05 5.654358436910292621e-03
2.960218471790240983e+03 5.801660056584704087e-03 2.233707838747520796e-05 5.779322978197240154e-03
2.964290299124203102e+03 5.933728806982700374e-03 2.283399472584322264e-05 5.910894812256861468e-03
2.968362126458164767e+03 6.074627118421365574e-03 2.337393593161186944e-05 6.051253182489760643e-03
2.972433953792126431e+03 6.225699507855954676e-03 2.396126988073939585e-05 6.201738237975219434e-03
2.976505781126088550e+03 6.387072914041410851e-03 2.459277552064277134e-05 6.362480138520772328e-03
2.980577608460050214e+03 6.557720068729097455e-03 2.525883132633503607e-05 6.532461237402771743e-03
2.984649435794011879e+03 6.735965767280601910e-03 2.594694350224184841e-05 6.710018823778364852e-03
2.988721263127973998e+03 6.920267928085516336e-03 2.664652347369941764e-05 6.893621404611824030e-03
2.992793090461935662e+03 7.109980742308359865e-03 2.735324787683276524e-05 7.082627494431527164e-03
2.996864917795897327e+03 7.305788614154498650e-03 2.807133479220977286e-05 7.277717279362291500e-03
3.000936745129859446e+03 7.509604640458786284e-03 2.881270993832011124e-05 7.480791930520468494e-03
3.005008572463821110e+03 7.723925319642175116e-03 2.959313331989783195e-05 7.694332186322279561e-03
3.009080399797782775e+03 7.950852873431796947e-03 3.042652829876226690e-05 7.920426345133034507e-03
3.013152227131744894e+03 8.191151887437582435e-03 3.131955174431754103e-05 8.159832335693270600e-03
3.017224054465706558e+03 8.443730511905101627e-03 3.226852239185189989e-05 8.411461989513256340e-03
3.021295881799668223e+03 8.705808148610784045e-03 3.326009452566011627e-05 8.672548054085123942e-03
3.025367709133630342e+03 8.973790068636067901e-03 3.427574601793189788e-05 8.939514322618136166e-03
3.029439536467592006e+03 9.244600517088592817e-03 3.529871094786045133e-05 9.209301806140728422e-03
3.033511363801553671e+03 9.517031111062418391e-03 3.632097341724889689e-05 9.480710137645171134e-03
3.037583191135515790e+03 9.792618940282516241e-03 3.734776384283711252e-05 9.755271176439676492e-03
3.041655018469477454e+03 1.007570219407478984e-02 3.839777161014850217e-05 1.003730442246464002e-02
3.045726845803439119e+03 1.037256825492918755e-02 3.949875710218614730e-05 1.033306949782699692e-02
3.049798673137401238e+03 1.068991696897715442e-02 4.067988349658521188e-05 1.064923708548056944e-02
3.053870500471362902e+03 1.103310084526402078e-02 4.196328692560693564e-05 1.099113755833841174e-02
3.057942327805324567e+03 1.140468951074404859e-02 4.335771072342693423e-05 1.136133180002063016e-02
3.062014155139286686e+03 1.180380893484283232e-02 4.485632678491480749e-05 1.175895260805791785e-02
3.066085982473248350e+03 1.222646295116583404e-02 4.643941660449927775e-05 1.218002353456133433e-02
3.070157809807210015e+03 1.266674124960182404e-02 4.808092661586671924e-05 1.261866032298595772e-02
3.074229637141172134e+03 1.311855632119031390e-02 4.975665368056473095e-05 1.306879966750975654e-02
3.078301464475133798e+03 1.357741276194505096e-02 5.145139527861851116e-05 1.352596136666643287e-02
3.082373291809095463e+03 1.404172918143200242e-02 5.316292237160978541e-05 1.398856625906040249e-02
3.086445119143057582e+03 1.451338490007283467e-02 5.490185063287729569e-05 1.445848304943996541e-02
3.090516946477019246e+03 1.499738984604169489e-02 5.668790580511036967e-05 1.494070194023659759e-02
3.094588773810980911e+03 1.550080256594269998e-02 5.854417382478981508e-05 1.544225839211791317e-02
3.098660601144943030e+03 1.603118800545905859e-02 6.049134054833664882e-05 1.597069666491072321e-02
3.102732428478904694e+03 1.659498426717252381e-02 6.254359974553475704e-05 1.653244066742699109e-02
3.106804255812866359e+03 1.719613826559020578e-02 6.470707143099179337e-05 1.713143119415921553e-02
3.110876083146828478e+03 1.783529659777457338e-02 6.698062032988732367e-05 1.776831597744469443e-02
3.114947910480790142e+03 1.850972652230717039e-02 6.935827401211282716e-05 1.844036824829505677e-02
3.119019737814751807e+03 1.921401153138530687e-02 7.183221641020023842e-05 1.914217931497511072e-02
3.123091565148713926e+03 1.994142623954634971e-02 7.439554213585077382e-05 1.986703069741050515e-02
3.127163392482675590e+03 2.068575426123137051e-02 7.704437939347930943e-05 2.060870988183790414e-02
3.131235219816637255e+03 2.144318736640569989e-02 7.977934741419450901e-05 2.136340801899150668e-02
3.135307047150599374e+03 2.221386529190457274e-02 8.260642189927494420e-05 2.213125887000529785e-02
3.139378874484561038e+03 2.300262166581379039e-02 8.553713373695963503e-05 2.291708453207682433e-02
3.143450701818522703e+03 2.381862216225496057e-02 8.858779021662162734e-05 2.373003437203834165e-02
3.147522529152484822e+03 2.467381675589146520e-02 9.177732540016850650e-05 2.458203943049129883e-02
3.151594356486446486e+03 2.558043706216888216e-02 9.512363065643681271e-05 2.548531343151244632e-02
3.155666183820408150e+03 2.654807104284481051e-02 9.863878174279694703e-05 2.644943226110201343e-02
3.159738011154370270e+03 2.758104160960939827e-02 1.023242560106454407e-04 2.747871735359875764e-02
3.163809838488331934e+03 2.867682003233720800e-02 1.061676902367067276e-04 2.857065234210050958e-02
3.167881665822293598e+03 2.982598795237300510e-02 1.101426638857975630e-04 2.971584528848721443e-02
3.171953493156255718e+03 3.101386358370001456e-02 1.142122881897561000e-04 3.089965129551025536e-02
3.176025320490217382e+03 3.222343673717327495e-02 1.183361950613130221e-04 3.210510054211196396e-02
3.180097147824179046e+03 3.343885970158759491e-02 1.224792517349724847e-04 3.331638044985260616e-02
3.184168975158141166e+03 3.464855255496193664e-02 1.266194783003571811e-04 3.452193307666158451e-02
3.188240802492102830e+03 3.584707849182276751e-02 1.307526159456542741e-04 3.571632587587712099e-02
3.192312629826064494e+03 3.703531205012365601e-02 1.348917030329910825e-04 3.690042034709066499e-02
3.196384457160026614e+03 3.821895234030503463e-02 1.390616234307594657e-04 3.807989071687428034e-02
3.200456284493988278e+03 3.940595458510381260e-02 1.432903575505545582e-04 3.926266422755325669e-02
3.204528111827949942e+03 4.060379062882256418e-02 1.475999398723022943e-04 4.045619068895024706e-02
3.208599939161912062e+03 4.181748197311753457e-02 1.520003887907644296e-04 4.166548158432676480e-02
3.212671766495873726e+03 4.304905704451011950e-02 1.564889495991374788e-04 4.289256809491098082e-02
3.216743593829835390e+03 4.429855975851727107e-02 1.610551375021817145e-04 4.413750462101508759e-02
3.220815421163797510e+03 4.556615610550245055e-02 1.656899075943786721e-04 4.540046619790807925e-02
3.224887248497759174e+03 4.685445309523197238e-02 1.703955891954452787e-04 4.668405750603653315e-02
3.228959075831720838e+03 4.817001945930941831e-02 1.751926530146986970e-04 4.799482680629472281e-02
3.233030903165682957e+03 4.952333710099662833e-02 1.801202087676805009e-04 4.934321689222893881e-02
3.237102730499644622e+03 5.092694660860440370e-02 1.852291427947274564e-04 5.074171746580967424e-02
3.241174557833606286e+03 5.239220221674016631e-02 1.905693477931544625e-04 5.220163286894700244e-02
3.245246385167568405e+03 5.392559590001938519e-02 1.961746985740794923e-04 5.372942120144528350e-02
3.249318212501530070e+03 5.552585104182333753e-02 2.020505029202540311e-04 5.532380053890306737e-02
3.253390039835491734e+03 5.718282761996161534e-02 2.081676878782158285e-04 5.697465993208339352e-02
3.257461867169453853e+03 5.887876402598445080e-02 2.144660778210397221e-04 5.866429794816341303e-02
3.261533694503415518e+03 6.059167147954461902e-02 2.208663872019245853e-04 6.037080509234269560e-02
3.265605521837377637e+03 6.230002967129177893e-02 2.272878833225841120e-04 6.207274178796919756e-02
3.269677349171339301e+03 6.398752681219414817e-02 2.336669441388134849e-04 6.375385986805533201e-02
3.273749176505300966e+03 6.564657205746464441e-02 2.399714864651028025e-04 6.540660057099954849e-02
3.277821003839263085e+03 6.727967622009715931e-02 2.462075029663659534e-04 6.703346871713081190e-02
3.281892831173224749e+03 6.889841183507454392e-02 2.524162483399741176e-04 6.864599558673457891e-02
3.285964658507186869e+03 7.052031536430096448e-02 2.586631666538411313e-04 7.026165219764712866e-02
3.290036485841148533e+03 7.216457760484143447e-02 2.650216465604845095e-04 7.189955595828094459e-02
3.294108313175110197e+03 7.384755789537697512e-02 2.715555954557294133e-04 7.357600229992125596e-02
3.298180140509072316e+03 7.557904653497152236e-02 2.783045438945508680e-04 7.530074199107697486e-02
3.302251967843033981e+03 7.735988760001319409e-02 2.852738561864436332e-04 7.707461374382675035e-02
3.306323795176996100e+03 7.918121233509936574e-02 2.924311953987386451e-04 7.888878113970061723e-02
3.310395622510956855e+03 8.102525170136012922e-02 2.997091996579720669e-04 8.072554250170214940e-02
3.314467449844919429e+03 8.286754793176091816e-02 3.070136365982550366e-04 8.256053429516266307e-02
3.318539277178881548e+03 8.468032947806500288e-02 3.142360311240015064e-04 8.436609344694098733e-02
3.322611104512842758e+03 8.643675490700439279e-02 3.212695765889976877e-04 8.611548533041539499e-02
3.326682931846805332e+03 8.811558281187799324e-02 3.280266948027026020e-04 8.778755611707529660e-02
3.330754759180766087e+03 8.970557655385222318e-02 3.344557985042633029e-04 8.937112075534796307e-02
3.334826586514728206e+03 9.120869940367830331e-02 3.405539010557434229e-04 9.086814550262255208e-02
3.338898413848690780e+03 9.264106815501423065e-02 3.463712952375708762e-04 9.229469685977667592e-02
3.342970241182651989e+03 9.403087822305961074e-02 3.520052194617839933e-04 9.367887300359785396e-02
3.347042068516613654e+03 9.541315521885296302e-02 3.575815712257100071e-04 9.505557364762723394e-02
3.351113895850575318e+03 9.682212019501670874e-02 3.632270462523348991e-04 9.645889314876436582e-02
3.355185723184537437e+03 9.828289948683247013e-02 3.690376576851459381e-04 9.791386182914732506e-02
3.359257550518499102e+03 9.980489646145870863e-02 3.750520937422027615e-04 9.942984436771648560e-02
3.363329377852461221e+03 1.013790537188810070e-01 3.812385526904457081e-04 1.009978151661905799e-01
3.367401205186422885e+03 1.029803508836278081e-01 3.875009314550479527e-04 1.025928499521727433e-01
3.371473032520384550e+03 1.045753734865885187e-01 3.937049411151839762e-04 1.041816685454733243e-01
3.375544859854346669e+03 1.061330931033177272e-01 3.997183336346812129e-04 1.057333747696830584e-01
3.379616687188308333e+03 1.076357009315190016e-01 4.054540608094830165e-04 1.072302468707095058e-01
3.383688514522270452e+03 1.090859565894507222e-01 4.109028996658223537e-04 1.086750536897848757e-01
3.387760341856232117e+03 1.105083014527978025e-01 4.161440702407480244e-04 1.100921573825570654e-01
3.391832169190193781e+03 1.119427953573393503e-01 4.213284393965100643e-04 1.115214669179428464e-01
3.395903996524154991e+03 1.134332368202623786e-01 4.266373628104924254e-04 1.130065994574518812e-01
3.399975823858117565e+03 1.150128644356006313e-01 4.322283719347769183e-04 1.145806360636658361e-01
3.404047651192079684e+03 1.166920861736873566e-01 4.381839507441862079e-04 1.162539022229431840e-01
3.408119478526040439e+03 1.184523145295749008e-01 4.444796404410791954e-04 1.180078348891338280e-01
3.412191305860003013e+03 1.202482375739787612e-01 4.509823616457184171e-04 1.197972552123330175e-01
3.416263133193964222e+03 1.220182482442909028e-01 4.574806833492504670e-04 1.215607675609416682e-01
3.420334960527926341e+03 1.237001258923791092e-01 4.637387022376990861e-04 1.232363871901414332e-01
3.424406787861888915e+03 1.252472926927549468e-01 4.695575445062464648e-04 1.247777351482487057e-01
3.428478615195849670e+03 1.266406645907140471e-01 4.748258571539312289e-04 1.261658387335600762e-01
3.432550442529811789e+03 1.278924101856922513e-01 4.795439692708410788e-04 1.274128662164213943e-01
3.436622269863773454e+03 1.290404148457872657e-01 4.838146358053019075e-04 1.285566002099819694e-01
3.440694097197735573e+03 1.301351155814378380e-01 4.878037340464089211e-04 1.296473118473913944e-01
3.444765924531697237e+03 1.312226938474832516e-01 4.916835376856361697e-04 1.307310103097975851e-01
3.448837751865658902e+03 1.323296486747577994e-01 4.955762488694793457e-04 1.318340724258883212e-01
3.452909579199621021e+03 1.334532190676060992e-01 4.995147718587359450e-04 1.329537042957473214e-01
3.456981406533582685e+03 1.345602091301301706e-01 5.034316511924215309e-04 1.340567774789377387e-01
3.461053233867544805e+03 1.355941555143367339e-01 5.071778257890680259e-04 1.350869776885476603e-01
3.465125061201506469e+03 1.364883267671774258e-01 5.105635098356344414e-04 1.359777632573417883e-01
3.469196888535468133e+03 1.371805222272127200e-01 5.134071412876042417e-04 1.366671150859251338e-01
3.473268715869430252e+03 1.376254608760217324e-01 5.155768593561452836e-04 1.371098840166655730e-01
3.477340543203391917e+03 1.378016688231469833e-01 5.170125873264178225e-04 1.372846562358205902e-01
3.481412370537354036e+03 1.377117206479740730e-01 5.177240073965629682e-04 1.371939966405775480e-01
3.485484197871315700e+03 1.373767667225165023e-01 5.177679101490314769e-04 1.368589988123674606e-01
3.489556025205277365e+03 1.368278104741428025e-01 5.172148025891583258e-04 1.363105956715536804e-01
3.493627852539239484e+03 1.360967593512454332e-01 5.161172631410251019e-04 1.355806420881044416e-01
3.497699679873201148e+03 1.352098039044047351e-01 5.144907452459548339e-04 1.346953131591587527e-01
3.501771507207163268e+03 1.341844755984638871e-01 5.123122797217474029e-04 1.336721633187421543e-01
3.505843334541124023e+03 1.330303025607212919e-01 5.095358436738529808e-04 1.325207667170474335e-01
3.509915161875086596e+03 1.317518413797960641e-01 5.061174258479879959e-04 1.312457239539480680e-01
3.513986989209048716e+03 1.303523570229187800e-01 5.020399089361012122e-04 1.298503171139826773e-01
3.518058816543009925e+03 1.288366215356945010e-01 4.973285932290788221e-04 1.283392929424654327e-01
3.522130643876972499e+03 1.272120101028572925e-01 4.920520004202993047e-04 1.267199581024369970e-01
3.526202471210933254e+03 1.254879375546661957e-01 4.863079990580167667e-04 1.250016295556081736e-01
3.530274298544895373e+03 1.236743437675979634e-01 4.802003407548809805e-04 1.231941434268430530e-01
3.534346125878857947e+03 1.217801810447243643e-01 4.738137203684256215e-04 1.213063673243559154e-01
3.538417953212819157e+03 1.198126611148352116e-01 4.671956239548240080e-04 1.193454654908803619e-01
3.542489780546780821e+03 1.177775457202717424e-01 4.603506873550968805e-04 1.173171950329166685e-01
3.546561607880742486e+03 1.156802633886319792e-01 4.532491077210775788e-04 1.152270142809108666e-01
3.550633435214704605e+03 1.135273263853676662e-01 4.458463068293392934e-04 1.130814800785383267e-01
3.554705262548666269e+03 1.113275043743825188e-01 4.381078981884406411e-04 1.108893964761940854e-01
3.558777089882628388e+03 1.090924331836425065e-01 4.300328668817426643e-04 1.086624003167607488e-01
3.562848917216590053e+03 1.068366395635913929e-01 4.216688014253275113e-04 1.064149707621660779e-01
3.566920744550551717e+03 1.045771699023025220e-01 4.131154515849484493e-04 1.041640544507175942e-01
3.570992571884513836e+03 1.023330206891940042e-01 4.045159224143914903e-04 1.019285047667795874e-01
3.575064399218475501e+03 1.001244032407688084e-01 3.960375801849430740e-04 9.972836566058387864e-02
3.579136226552437620e+03 9.797166591744015107e-02 3.878466697262378596e-04 9.758381924771390714e-02
3.583208053886399284e+03 9.589361187862595337e-02 3.800815456188602550e-04 9.551353033300709339e-02
3.587279881220360949e+03 9.390510064968546344e-02 3.728294221408665651e-04 9.353227122754458056e-02
3.591351708554322158e+03 9.201419243403238801e-02 3.661108802493464524e-04 9.164808155378303955e-02
3.595423535888284732e+03 9.021953472378084482e-02 3.598752079139815561e-04 8.985965951586685763e-02
3.599495363222246851e+03 8.850897494494196216e-02 3.540080528991421550e-04 8.815496689204280201e-02
3.603567190556207606e+03 8.686031277384662075e-02 3.483508584567790618e-04 8.651196191538987335e-02
3.607639017890170180e+03 8.524461484985852711e-02 3.427292715167131430e-04 8.490188557834180139e-02
3.611710845224131390e+03 8.363171983025280420e-02 3.369855325606598917e-04 8.329473429769215787e-02
3.615782672558093509e+03 8.199673628004067183e-02 3.310083694355059358e-04 8.166572791060516812e-02
3.619854499892056083e+03 8.032580814423315174e-02 3.247537592645503195e-04 8.000105438496860066e-02
3.623926327226016838e+03 7.861944047127471247e-02 3.182514858801906545e-04 7.830118898539453753e-02
3.627998154559978957e+03 7.689229627786765831e-02 3.115955907217614514e-04 7.658070068714588341e-02
3.632069981893940621e+03 7.516941584038906721e-02 3.049208723873878890e-04 7.486449496800168246e-02
3.636141809227902741e+03 7.347991700571616935e-02 2.983713572011909010e-04 7.318154564851496457e-02
3.640213636561864405e+03 7.185000929720600227e-02 2.920688863413001962e-04 7.155794041086467605e-02
3.644285463895826069e+03 7.029730794404395744e-02 2.860897895917783045e-04 7.001121815445217333e-02
3.648357291229788189e+03 6.882790845202745034e-02 2.804549654052655716e-04 6.854745348662219517e-02
3.652429118563749853e+03 6.743667730896690804e-02 2.751343712844213515e-04 6.716154293768247796e-02
3.656500945897711972e+03 6.611011106277887850e-02 2.700624041212423875e-04 6.584004865865764056e-02
3.660572773231673636e+03 6.483032776313049639e-02 2.651575039237351740e-04 6.456517025920675834e-02
3.664644600565635301e+03 6.357856413919663052e-02 2.603386609408782945e-04 6.331822547825574632e-02
3.668716427899597420e+03 6.233700040453180741e-02 2.555335417349375703e-04 6.208146686279686355e-02
3.672788255233559084e+03 6.108861067103279335e-02 2.506768524583521951e-04 6.083793381857445504e-02
3.676860082567521204e+03 5.981566633659789189e-02 2.457017902126869225e-04 5.956996454638519012e-02
3.680931909901482868e+03 5.849812026969762602e-02 2.405303379842650626e-04 5.825758993171335776e-02
3.685003737235444532e+03 5.711313593740476729e-02 2.350686095229334344e-04 5.687806732788183023e-02
3.689075564569406652e+03 5.563650119559304663e-02 2.292113007250740455e-04 5.540728989486796985e-02
3.693147391903368316e+03 5.404581521525739923e-02 2.228554418870586486e-04 5.382295977337035048e-02
3.697219219237330435e+03 5.232452135430544493e-02 2.159196347611714857e-04 5.210860171954426884e-02
3.701291046571291190e+03 5.046541774667216013e-02 2.083624099432422432e-04 5.025705533672891745e-02
3.705362873905253764e+03 4.847238883960995615e-02 2.001932667149956965e-04 4.827219557289496449e-02
3.709434701239215883e+03 4.635971403027853988e-02 1.914723788994091751e-04 4.616824165137912994e-02
3.713506528573177093e+03 4.414917180673862129e-02 1.822989024580127875e-04 4.396687290428060585e-02
3.717578355907139667e+03 4.186592472869936354e-02 1.727917587874421869e-04 4.169313296991192241e-02
3.721650183241100422e+03 3.953454687079609176e-02 1.630691923489568647e-04 3.937147767844713375e-02
3.725722010575062541e+03 3.717641100749057015e-02 1.532334469446746989e-04 3.702317756054589182e-02
3.729793837909025115e+03 3.480906734946444259e-02 1.433646563533000709e-04 3.466570269311115837e-02
3.733865665242986324e+03 3.244746601651658791e-02 1.335244626477145088e-04 3.231394155386886624e-02
3.737937492576947989e+03 3.010620944423369333e-02 1.237663771814440984e-04 2.998244306705225015e-02
3.742009319910909653e+03 2.780171265553755405e-02 1.141477822028886320e-04 2.768756487333465244e-02
3.746081147244871772e+03 2.555328795467710565e-02 1.047384151435788550e-04 2.544854953953351595e-02
3.750152974578833437e+03 2.338266690142497967e-02 9.562202429218200864e-05 2.328704487713279328e-02
3.754224801912795556e+03 2.131210761245167298e-02 8.689076315778540961e-05 2.122521684929388683e-02
3.758296629246757220e+03 1.936175722447185804e-02 7.863461722818652292e-05 1.928312260724366484e-02
3.762368456580718885e+03 1.754716297955840471e-02 7.092972380176308417e-05 1.747623325575663883e-02
3.766440283914681004e+03 1.587769882209210878e-02 6.382939976871486443e-05 1.581386942232338930e-02
3.770512111248642668e+03 1.435628488454119590e-02 5.736025510519089795e-05 1.429892462943599049e-02
3.774583938582604787e+03 1.298030227990553190e-02 5.152367646669005164e-05 1.292877860343883203e-02
3.778655765916566452e+03 1.174323352518329838e-02 4.630111306924887890e-05 1.169693241211405485e-02
3.782727593250528116e+03 1.063641406835012272e-02 4.166066697525629278e-05 1.059475340137486232e-02
3.786799420584490235e+03 9.650382614104618603e-03 3.756269821795051511e-05 9.612819915886658059e-03
3.790871247918451900e+03 8.775588482263289164e-03 3.396322463823170856e-05 8.741625257625052631e-03
3.794943075252414019e+03 8.002520295992392868e-03 3.081523472065808691e-05 7.971705061271735018e-03
3.799014902586375683e+03 7.321535455126686014e-03 2.806902058662425484e-05 7.293466434540057768e-03
3.803086729920337348e+03 6.722723753980519405e-03 2.567289755067633726e-05 6.697050856429841506e-03
3.807158557254298557e+03 6.196037085718997597e-03 2.357519653071238260e-05 6.172461889188282647e-03
3.811230384588261131e+03 5.731729014879548625e-03 2.172751490903138480e-05 5.710001499970511311e-03
3.815302211922223250e+03 5.320967037255923404e-03 2.008835967218969393e-05 5.300878677583745376e-03
3.819374039256184005e+03 4.956383545086798584e-03 1.862591190913585534e-05 4.937757633177667499e-03
3.823445866590146579e+03 4.632349605085591022e-03 1.731884461751037087e-05 4.615030760468080001e-03
3.827517693924107789e+03 4.344867156792883017e-03 1.615481423320320846e-05 4.328712342559676123e-03
3.831589521258069908e+03 4.091122844143325540e-03 1.512709709188498861e-05 4.075995747051437863e-03
3.835661348592032482e+03 3.868865959442362341e-03 1.423048913844883486e-05 3.854635470303913788e-03
3.839733175925993237e+03 3.675819631787660691e-03 1.345778083564933818e-05 3.662361850952017446e-03
3.843805003259955356e+03 3.509299238651879954e-03 1.279781769015335119e-05 3.496501420961727231e-03
3.847876830593917020e+03 3.366119294562918644e-03 1.223552062335413087e-05 3.353883773939564990e-03
3.851948657927879140e+03 3.242762569630278004e-03 1.175354348727025103e-05 3.231009026143011331e-03
3.856020485261840804e+03 3.135704442023192796e-03 1.133475097721949062e-05 3.124369691045971852e-03
3.860092312595802468e+03 3.041755858299242162e-03 1.096455982628795624e-05 3.030791298472954812e-03
3.864164139929764588e+03 2.958310707711075092e-03 1.063239534812633127e-05 2.947678312362952361e-03
3.868235967263726252e+03 2.883439533186587557e-03 1.033194129399974610e-05 2.873107591892593710e-03
3.872307794597688371e+03 2.815834419060148693e-03 1.006031486485104849e-05 2.805774104195303455e-03
3.876379621931650036e+03 2.754656106104695634e-03 9.816617674232066393e-06 2.744839488430455589e-03
3.880451449265611700e+03 2.699351782586446175e-03 9.600416478966912115e-06 2.689751366107475707e-03
3.884523276599573819e+03 2.649501747291207934e-03 9.410608184130332313e-06 2.640091139107080247e-03
3.888595103933535484e+03 2.604726051728525026e-03 9.244903515478584982e-06 2.595481148213048782e-03
3.892666931267497603e+03 2.564652393415598440e-03 9.099925636230640438e-06 2.555552467779369057e-03
3.896738758601459267e+03 2.528925312634669464e-03 8.971744835637590620e-06 2.519953567799036211e-03
3.900810585935420931e+03 2.497229341646755273e-03 8.856594334524098278e-06 2.488372747312229873e-03
3.904882413269383051e+03 2.469303942244103871e-03 8.751527426726148795e-06 2.460552414817376160e-03
3.908954240603344715e+03 2.444940324392714560e-03 8.654848471446353208e-06 2.436285475921274018e-03
3.913026067937306834e+03 2.423962838899983326e-03 8.566240934327045220e-06 2.415396597965652030e-03
3.917097895271267589e+03 2.406205352001946057e-03 8.486596679545266986e-06 2.397718755322402785e-03
3.921169722605230163e+03 2.391493645647445841e-03 8.417609212797109303e-06 2.383076036434649599e-03
3.925241549939192282e+03 2.379639488474013641e-03 8.361228069218677389e-06 2.371278260404796785e-03
3.929313377273153492e+03 2.370443997846563046e-03 8.319085114898237465e-06 2.362124912731662120e-03
3.933385204607116066e+03 2.363701518600856873e-03 8.291999226684668511e-06 2.355409519374169255e-03
3.937457031941076821e+03 2.359193891699899997e-03 8.279645901898297772e-06 2.350914245798001265e-03
3.941528859275038940e+03 2.356669854619468547e-03 8.280446021642542598e-06 2.348389408597824184e-03
3.945600686609001514e+03 2.355813709553668863e-03 8.291688722074104495e-06 2.347522020831595019e-03
3.949672513942962723e+03 2.356217178287956741e-03 8.309864138618481416e-06 2.347907314149342596e-03
3.953744341276924388e+03 2.357373477657797711e-03 8.331148847405111724e-06 2.349042328810395548e-03
3.957816168610886052e+03 2.358709306413670544e-03 8.351963371146850146e-06 2.350357343042524041e-03
3.961887995944848171e+03 2.359658119209903822e-03 8.369507511831690544e-06 2.351288611698068055e-03
3.965959823278809836e+03 2.359760418745362846e-03 8.382175364437215509e-06 2.351378243380926845e-03
3.970031650612771955e+03 2.358760735689796519e-03 8.389759742342180548e-06 2.350370975947459629e-03
3.974103477946733619e+03 2.356664102760869326e-03 8.393380319961317432e-06 2.348270722440901331e-03
3.978175305280695284e+03 2.353722135535889302e-03 8.395115764167713690e-06 2.345327019771726272e-03
3.982247132614657403e+03 2.350339945558286518e-03 8.397386340236023461e-06 2.341942559218053010e-03
3.986318959948619067e+03 2.346923641711356687e-03 8.402208141625004001e-06 2.338521433569729253e-03
3.990390787282581186e+03 2.343713607768865056e-03 8.410500605153959841e-06 2.335303107163705372e-03
3.994462614616542851e+03 2.340660395410162995e-03 8.421648420596461823e-06 2.332238746989562586e-03
3.998534441950504515e+03 2.337391582260678769e-03 8.433477633724723388e-06 2.328958104626952831e-03
