# wavenumber(cm^-1)  total O H
4.071827333961817175e+00 1.730527186921127988e-02 5.045821732399959070e-03 1.225945013681132428e-02
8.143654667923634349e+00 1.892393207382262257e-02 5.585241690490125484e-03 1.333869038333247541e-02
1.221548200188545152e+01 2.165417512414211446e-02 6.500621947575311449e-03 1.515355317656678219e-02
1.628730933584726870e+01 2.551419342803625326e-02 7.805249258661852568e-03 1.770894416937440416e-02
2.035913666980908587e+01 3.047763681822771020e-02 9.498488487971931335e-03 2.097914833025576672e-02
2.443096400377090305e+01 3.644069074715705625e-02 1.155319136776967667e-02 2.488749937938737264e-02
2.850279133773272022e+01 4.320077482209748465e-02 1.390696469182181420e-02 2.929381013027566871e-02
3.257461867169453740e+01 5.045408163209384039e-02 1.645996315980353258e-02 3.399411847229030087e-02
3.664644600565635812e+01 5.781445354539727077e-02 1.908027656054845506e-02 3.873417698484880878e-02
4.071827333961817175e+01 6.485085854309735609e-02 2.161617702596192042e-02 4.323468151713542873e-02
4.479010067357999247e+01 7.113638852020981451e-02 2.391295443478714394e-02 4.722343408542268445e-02
4.886192800754180610e+01 7.629933292660881494e-02 2.583116250234017766e-02 5.046817042426864075e-02
5.293375534150362682e+01 8.006691441286255262e-02 2.726298680020241769e-02 5.280392761266011759e-02
5.700558267546544045e+01 8.229444565899352027e-02 2.814406201816161551e-02 5.415038364083191169e-02
6.107741000942726117e+01 8.297616100522257898e-02 2.845916020247584929e-02 5.451700080274673316e-02
6.514923734338907479e+01 8.223773506532092159e-02 2.824141112331737119e-02 5.399632394200353652e-02
6.922106467735089552e+01 8.031357674596992235e-02 2.756579397515930563e-02 5.274778277081060285e-02
7.329289201131271625e+01 7.751381674329702043e-02 2.653836270624672714e-02 5.097545403705025513e-02
7.736471934527452277e+01 7.418641053305083388e-02 2.528298811712134664e-02 4.890342241592947337e-02
8.143654667923634349e+01 7.067928020363271890e-02 2.392739368702012648e-02 4.675188651661259243e-02
8.550837401319816422e+01 6.730642707053474671e-02 2.259006272736607118e-02 4.471636434316866165e-02
8.958020134715998495e+01 6.432091243514022338e-02 2.136932176140048795e-02 4.295159067373972850e-02
9.365202868112179146e+01 6.189674196765075631e-02 2.033561543672326305e-02 4.156112653092747244e-02
9.772385601508361219e+01 6.012094855509617780e-02 1.952766797085170661e-02 4.059328058424446772e-02
1.017956833490454329e+02 5.899633740687766637e-02 1.895282546841762020e-02 4.004351193846005658e-02
1.058675106830072536e+02 5.845424920125203566e-02 1.859136241977086060e-02 3.986288678148117853e-02
1.099393380169690602e+02 5.837531785847573790e-02 1.840395044268628225e-02 3.997136741578945218e-02
1.140111653509308809e+02 5.861481035679772661e-02 1.834094213779784155e-02 4.027386821899989200e-02
1.180829926848927016e+02 5.902817624069933017e-02 1.835177819188777565e-02 4.067639804881154758e-02
1.221548200188545223e+02 5.949233447904260508e-02 1.839282375862317034e-02 4.109951072041943126e-02
1.262266473528163289e+02 5.991919383080335920e-02 1.843233598271086515e-02 4.148685784809250099e-02
1.302984746867781496e+02 6.025978927981653216e-02 1.845198596015502207e-02 4.180780331966151009e-02
1.343703020207399561e+02 6.049971965887591951e-02 1.844521424981605123e-02 4.205450540905984746e-02
1.384421293547017910e+02 6.064859902104511452e-02 1.841343859804474986e-02 4.223516042300035772e-02
1.425139566886635976e+02 6.072735990407351903e-02 1.836153425379277032e-02 4.236582565028074177e-02
1.465857840226254325e+02 6.075715008332724376e-02 1.829396130618904381e-02 4.246318877713820689e-02
1.506576113565872390e+02 6.075235856754206132e-02 1.821246407157057698e-02 4.253989449597149475e-02
1.547294386905490455e+02 6.071849291830691553e-02 1.811559634915941783e-02 4.260289656914750811e-02
1.588012660245108805e+02 6.065389900558385006e-02 1.799968253751221825e-02 4.265421646807163181e-02
1.628730933584726870e+02 6.055327336383959508e-02 1.786042936070126805e-02 4.269284400313832356e-02
1.669449206924344935e+02 6.041085947528324063e-02 1.769436699162243304e-02 4.271649248366080759e-02
1.710167480263963284e+02 6.022202291789690437e-02 1.749958549190987200e-02 4.272243742598701849e-02
1.750885753603581350e+02 5.998311051141679701e-02 1.727568322339475410e-02 4.270742728802203597e-02
1.791604026943199699e+02 5.969053396624183355e-02 1.702324776317003241e-02 4.266728620307179420e-02
1.832322300282817764e+02 5.934042463041671461e-02 1.674337526579715643e-02 4.259704936461955471e-02
1.873040573622435829e+02 5.892984127185293269e-02 1.643763791237892735e-02 4.249220335947398453e-02
1.913758846962054179e+02 5.845959222338626554e-02 1.610859704825292130e-02 4.235099517513332690e-02
1.954477120301672244e+02 5.793771576589459849e-02 1.576059223904355266e-02 4.217712352685104582e-02
1.995195393641290309e+02 5.738203924081217849e-02 1.540029473964132228e-02 4.198174450117084927e-02
2.035913666980908658e+02 5.682031346942057609e-02 1.503651907877375828e-02 4.178379439064683343e-02
2.076631940320526724e+02 5.628718624657605418e-02 1.467904797046900092e-02 4.160813827610705673e-02
2.117350213660145073e+02 5.581842704883972078e-02 1.433663805678624462e-02 4.148178899205348658e-02
2.158068486999763138e+02 5.544387438977674276e-02 1.401476293757844549e-02 4.142911145219831115e-02
2.198786760339381203e+02 5.518112059359546462e-02 1.371384732485678680e-02 4.146727326873868996e-02
2.239505033678999553e+02 5.503176881170504520e-02 1.342866027915359632e-02 4.160310853255146102e-02
2.280223307018617618e+02 5.498128122229178905e-02 1.314918861396334460e-02 4.183209260832843751e-02
2.320941580358235683e+02 5.500231570928720837e-02 1.286282976773406653e-02 4.213948594155314531e-02
2.361659853697854032e+02 5.506044511604395175e-02 1.255730479060276385e-02 4.250314032544119658e-02
2.402378127037472098e+02 5.512061040381700805e-02 1.222345584593245715e-02 4.289715455788453008e-02
2.443096400377090447e+02 5.515270917151196550e-02 1.185713889118117370e-02 4.329557028033076405e-02
2.483814673716708512e+02 5.513525799617274847e-02 1.145972530909205797e-02 4.367553268708068009e-02
2.524532947056326577e+02 5.505681896031326683e-02 1.103717026656948069e-02 4.401964869374375838e-02
2.565251220395944642e+02 5.491554239391237269e-02 1.059803284726790543e-02 4.431750954664447073e-02
2.605969493735562992e+02 5.471754025215052469e-02 1.015110444073972877e-02 4.456643581141078725e-02
2.646687767075181341e+02 5.447482442349387000e-02 9.703344723843491254e-03 4.477147969965038221e-02
2.687406040414799122e+02 5.420333012891803692e-02 9.258650905082699972e-03 4.494467922383532654e-02
2.728124313754417472e+02 5.392127550476693426e-02 8.817678099696080185e-03 4.510359740507084714e-02
2.768842587094035821e+02 5.364793188127285617e-02 8.378601519543973225e-03 4.526933036172889335e-02
2.809560860433653602e+02 5.340283989824243238e-02 7.938467717545267394e-03 4.546437218069716846e-02
2.850279133773271951e+02 5.320553958309568593e-02 7.494681061510668520e-03 4.571085852158502522e-02
2.890997407112890301e+02 5.307586969140622168e-02 7.046215707593317043e-03 4.602965398381290985e-02
2.931715680452508650e+02 5.303474771790361864e-02 6.594289922382078409e-03 4.644045779552153502e-02
2.972433953792126431e+02 5.310508258606434773e-02 6.142424569641204493e-03 4.696265801642313109e-02
3.013152227131744780e+02 5.331222393369779849e-02 5.695971278841699056e-03 4.761625265485609076e-02
3.053870500471363130e+02 5.368329577832604838e-02 5.261300717191632476e-03 4.842199506113444019e-02
3.094588773810980911e+02 5.424503194449421112e-02 4.844877142735480591e-03 4.940015480175875828e-02
3.135307047150599260e+02 5.502031813012632500e-02 4.452423011355845575e-03 5.056789511877049503e-02
3.176025320490217609e+02 5.602436414065768699e-02 4.088318159790953546e-03 5.193604598086673518e-02
3.216743593829835390e+02 5.726196312135075489e-02 3.755303632245974091e-03 5.350665948910477560e-02
3.257461867169453740e+02 5.872732240186281233e-02 3.454487250933755988e-03 5.527283515092906718e-02
3.298180140509072089e+02 6.040730447839921802e-02 3.185587856977211123e-03 5.722171662142200993e-02
3.338898413848689870e+02 6.228769674777516474e-02 2.947315590326859275e-03 5.934038115744830894e-02
3.379616687188308219e+02 6.436072037337500773e-02 2.737772204036711433e-03 6.162294816933830410e-02
3.420334960527926569e+02 6.663095526993478845e-02 2.554770565596812051e-03 6.407618470433798508e-02
3.461053233867544918e+02 6.911673351889827122e-02 2.396012879608650989e-03 6.672072063928963237e-02
3.501771507207162699e+02 7.184510833550630804e-02 2.259122190603754694e-03 6.958598614490255074e-02
3.542489780546781049e+02 7.484058159640316621e-02 2.141574886077874523e-03 7.269900671032528128e-02
3.583208053886399398e+02 7.811026450005932598e-02 2.040615627154002305e-03 7.606964887290534882e-02
3.623926327226017179e+02 8.163016240807971502e-02 1.953238381344567839e-03 7.967692402673513807e-02
3.664644600565635528e+02 8.533794380424315762e-02 1.876287015910807314e-03 8.346165678833236679e-02
3.705362873905253878e+02 8.913636577063399624e-02 1.806677530914868298e-03 8.732968823971912209e-02
3.746081147244871659e+02 9.290859535873499664e-02 1.741691169281469774e-03 9.116690418945352925e-02
3.786799420584490008e+02 9.654277174766812131e-02 1.679253736219142850e-03 9.486351801144897455e-02
3.827517693924108357e+02 9.995955703912848267e-02 1.618114371577114054e-03 9.834144266755133479e-02
3.868235967263726138e+02 1.031344517319391918e-01 1.557866996049520622e-03 1.015765847358896662e-01
3.908954240603344488e+02 1.061072173380002426e-01 1.498807542169246134e-03 1.046084097958310116e-01
3.949672513942962837e+02 1.089739657676016549e-01 1.441670682168251505e-03 1.075322950854334103e-01
3.990390787282580618e+02 1.118625251207177596e-01 1.387322819757755895e-03 1.104752023009600015e-01
4.031109060622198967e+02 1.148970278599970030e-01 1.336493390089684308e-03 1.135605344699072983e-01
4.071827333961817317e+02 1.181615048482821811e-01 1.289605041503255785e-03 1.168718998067789783e-01
4.112545607301435666e+02 1.216732036190798505e-01 1.246725707482103243e-03 1.204264779115977180e-01
4.153263880641053447e+02 1.253738876551466763e-01 1.207626878011641095e-03 1.241662607771350513e-01
4.193982153980671796e+02 1.291421641946934040e-01 1.171905498273708747e-03 1.279702586964197031e-01
4.234700427320290146e+02 1.328235530945384990e-01 1.139118283917558896e-03 1.316844348106209484e-01
4.275418700659907927e+02 1.362696115061750035e-01 1.108885645428397352e-03 1.351607258607466222e-01
4.316136973999526276e+02 1.393747580773542216e-01 1.080941213636527932e-03 1.382938168637177223e-01
4.356855247339144626e+02 1.421003740530257242e-01 1.055123922098141591e-03 1.410452501309275575e-01
4.397573520678762407e+02 1.444799424203343230e-01 1.031326372393393627e-03 1.434486160479409300e-01
4.438291794018380756e+02 1.466049570497530707e-01 1.009422895430062183e-03 1.455955341543230253e-01
4.479010067357999105e+02 1.485970503529561726e-01 9.892034003738511740e-04 1.476078469525823333e-01
4.519728340697616886e+02 1.505753713228460411e-01 9.703361335749941929e-04 1.496050351892710684e-01
4.560446614037235236e+02 1.526286500264822932e-01 9.523750198251146283e-04 1.516762750066571741e-01
4.601164887376853585e+02 1.547987429157505757e-01 9.348159858719676946e-04 1.538639269298786305e-01
4.641883160716471366e+02 1.570779709058715001e-01 9.171925861150722172e-04 1.561607783197564436e-01
4.682601434056089715e+02 1.594180060411104494e-01 8.991869052643165858e-04 1.585188191358461451e-01
4.723319707395708065e+02 1.617450577398880096e-01 8.807214895013786666e-04 1.608643362503866525e-01
4.764037980735326414e+02 1.639755256119384552e-01 8.619969775209752622e-04 1.631135286344174984e-01
4.804756254074944195e+02 1.660279556893881070e-01 8.434513937617760596e-04 1.651845042956263387e-01
4.845474527414562544e+02 1.678300102447134456e-01 8.256397335601607223e-04 1.670043705111532995e-01
4.886192800754180894e+02 1.693218119930684773e-01 8.090603562226371176e-04 1.685127516368458700e-01
4.926911074093798675e+02 1.704582858807591195e-01 7.939779571327358794e-04 1.696643079236264118e-01
4.967629347433417024e+02 1.712125819129285687e-01 7.803016038776049938e-04 1.704322803090509153e-01
5.008347620773035374e+02 1.715807972912952450e-01 7.675648809109720822e-04 1.708132324103842636e-01
5.049065894112653154e+02 1.715861297170704625e-01 7.550253515692787777e-04 1.708311043655011685e-01
5.089784167452271504e+02 1.712794779002725920e-01 7.418616250615578693e-04 1.705376162752110236e-01
5.130502440791889285e+02 1.707340685239039091e-01 7.274120623958777246e-04 1.700066564615080322e-01
5.171220714131508203e+02 1.700338111562904042e-01 7.113824881821307743e-04 1.693224286681082602e-01
5.211938987471125984e+02 1.692578525035612902e-01 6.939580172112703310e-04 1.685638944863500355e-01
5.252657260810743765e+02 1.684659209228177024e-01 6.757840213555655565e-04 1.677901369014621058e-01
5.293375534150362682e+02 1.676894305005788843e-01 6.578227539612108111e-04 1.670316077466176552e-01
5.334093807489980463e+02 1.669315857878999332e-01 6.411303686647858288e-04 1.662904554192351503e-01
5.374812080829598244e+02 1.661764607776524405e-01 6.266207523186611856e-04 1.655498400253337943e-01
5.415530354169217162e+02 1.654035150184834380e-01 6.148811422334416691e-04 1.647886338762500069e-01
5.456248627508834943e+02 1.646017446144801832e-01 6.060822367043323250e-04 1.639956623777758526e-01
5.496966900848452724e+02 1.637776857513073558e-01 5.999922354593453105e-04 1.631776935158480435e-01
5.537685174188071642e+02 1.629539129284750254e-01 5.960728840041531985e-04 1.623578400444708747e-01
5.578403447527689423e+02 1.621586113249503802e-01 5.936168672939494840e-04 1.615649944576564023e-01
5.619121720867307204e+02 1.614106848999203869e-01 5.918843344576139344e-04 1.608188005654627994e-01
5.659839994206926121e+02 1.607070754108487487e-01 5.902091756106857831e-04 1.601168662352380756e-01
5.700558267546543902e+02 1.600185189037467426e-01 5.880648954521593749e-04 1.594304540082945865e-01
5.741276540886162820e+02 1.592969070006725885e-01 5.850963008871545032e-04 1.587118106997854328e-01
5.781994814225780601e+02 1.584928548285722827e-01 5.811304184682507343e-04 1.579117244101040374e-01
5.822713087565398382e+02 1.575777466895151580e-01 5.761770828035738760e-04 1.570015696067116051e-01
5.863431360905017300e+02 1.565621389156545695e-01 5.704205946761917298e-04 1.559917183209783564e-01
5.904149634244635081e+02 1.555029524086525838e-01 5.641954217391955155e-04 1.549387569869133952e-01
5.944867907584252862e+02 1.544953008118285231e-01 5.579368633129987588e-04 1.539373639485154821e-01
5.985586180923871780e+02 1.536499267839319394e-01 5.521039411879345238e-04 1.530978228427440080e-01
6.026304454263489561e+02 1.530622735882187502e-01 5.470839065258731055e-04 1.525151896816928643e-01
6.067022727603107342e+02 1.527824317974961765e-01 5.430997898952850435e-04 1.522393320076008971e-01
6.107741000942726259e+02 1.527954438335556442e-01 5.401480577126196829e-04 1.522552957758430137e-01
6.148459274282344040e+02 1.530186146717895657e-01 5.379889206935220590e-04 1.524806257510959995e-01
6.189177547621961821e+02 1.533174823517651220e-01 5.361977537586494393e-04 1.527812845980064671e-01
6.229895820961580739e+02 1.535365438407394201e-01 5.342671904192842353e-04 1.530022766503201515e-01
6.270614094301198520e+02 1.535364376698504230e-01 5.317327095660620865e-04 1.530047049602843989e-01
6.311332367640816301e+02 1.532273601009697395e-01 5.282862433392985710e-04 1.526990738576304296e-01
6.352050640980435219e+02 1.525895450308531465e-01 5.238456359567705313e-04 1.520656993948963920e-01
6.392768914320053000e+02 1.516752826488059203e-01 5.185614908430161455e-04 1.511567211579629144e-01
6.433487187659670781e+02 1.505920806401713774e-01 5.127621554707089465e-04 1.500793184847006301e-01
6.474205460999289699e+02 1.494717179890893144e-01 5.068556884677663694e-04 1.489648623006215589e-01
6.514923734338907479e+02 1.484337019483016606e-01 5.012188000031120392e-04 1.479324831482985436e-01
6.555642007678525260e+02 1.475530376150999134e-01 4.961039260579602587e-04 1.470569336890419354e-01
6.596360281018144178e+02 1.468409332623759611e-01 4.915873679740746403e-04 1.463493458944019054e-01
6.637078554357761959e+02 1.462434746236785932e-01 4.875674047820926127e-04 1.457559072188964744e-01
6.677796827697379740e+02 1.456583808903290644e-01 4.838065098650959806e-04 1.451745743804639388e-01
6.718515101036998658e+02 1.449650227503414546e-01 4.800008690231114049e-04 1.444850218813183429e-01
6.759233374376616439e+02 1.440592735000221503e-01 4.758559833175303910e-04 1.435834175167046145e-01
6.799951647716234220e+02 1.428834840837345244e-01 4.711494298513044785e-04 1.424123346538832269e-01
6.840669921055853138e+02 1.414433138859136907e-01 4.657688977352310192e-04 1.409775449881784382e-01
6.881388194395470919e+02 1.398069456517727627e-01 4.597223570497140956e-04 1.393472232947230716e-01
6.922106467735089836e+02 1.380873005303173140e-01 4.531246966968467595e-04 1.376341758336204757e-01
6.962824741074707617e+02 1.364127586206856368e-01 4.461694645449584395e-04 1.359665891561406825e-01
7.003543014414325398e+02 1.348951018224257004e-01 4.390949906061198185e-04 1.344560068318196022e-01
7.044261287753944316e+02 1.336039308128371128e-01 4.321519943803489800e-04 1.331717788184567930e-01
7.084979561093562097e+02 1.325545003577471848e-01 4.255763356615536118e-04 1.321289240220856476e-01
7.125697834433179878e+02 1.317115247071359296e-01 4.195674852580740964e-04 1.312919572218778641e-01
7.166416107772798796e+02 1.310064834179991977e-01 4.142716744854513960e-04 1.305922117435137642e-01
7.207134381112416577e+02 1.303619742783524993e-01 4.097688213785827412e-04 1.299522054569738905e-01
7.247852654452034358e+02 1.297150068820829283e-01 4.060637208766762962e-04 1.293089431612062246e-01
7.288570927791653276e+02 1.290322608632010204e-01 4.030836031400278742e-04 1.286291772600610117e-01
7.329289201131271057e+02 1.283136978592354649e-01 4.006849027522236162e-04 1.279130129564832463e-01
7.370007474470888837e+02 1.275851807900750812e-01 3.986711969293101174e-04 1.271865095931458134e-01
7.410725747810507755e+02 1.268843162813880765e-01 3.968216991222409487e-04 1.264874945822658248e-01
7.451444021150125536e+02 1.262453500166695330e-01 3.949261432808274489e-04 1.258504238733887115e-01
7.492162294489743317e+02 1.256881954438372750e-01 3.928186558020625762e-04 1.252953767880352343e-01
7.532880567829362235e+02 1.252141125568674851e-01 3.904017313773201076e-04 1.248237108254901667e-01
7.573598841168980016e+02 1.248074230701206599e-01 3.876527463451477336e-04 1.244197703237755331e-01
7.614317114508597797e+02 1.244403452130879023e-01 3.846097046953797440e-04 1.240557355083925228e-01
7.655035387848216715e+02 1.240774918035427166e-01 3.813391438873397219e-04 1.236961526596553895e-01
7.695753661187834496e+02 1.236778818569028993e-01 3.778954140591231966e-04 1.232999864428437897e-01
7.736471934527452277e+02 1.231946831553496491e-01 3.742846059949758893e-04 1.228203985493546840e-01
7.777190207867071194e+02 1.225750512428592509e-01 3.704464170601836129e-04 1.222046048257990625e-01
7.817908481206688975e+02 1.217631848388803784e-01 3.662626115639412640e-04 1.213969222273164755e-01
7.858626754546306756e+02 1.207085680122497728e-01 3.615924832626965057e-04 1.203469755289870713e-01
7.899345027885925674e+02 1.193787334052203442e-01 3.563263504771876531e-04 1.190224070547431651e-01
7.940063301225543455e+02 1.177729487183903911e-01 3.504407974350997636e-04 1.174225079209552935e-01
7.980781574565161236e+02 1.159314454916867410e-01 3.440368996780397335e-04 1.155874085920087085e-01
8.021499847904780154e+02 1.139352161203407154e-01 3.373463431311122607e-04 1.135978697772095924e-01
8.062218121244397935e+02 1.118941317618599302e-01 3.306993943789029067e-04 1.115634323674810635e-01
8.102936394584015716e+02 1.099252742533645549e-01 3.244603848819608226e-04 1.096008138684825967e-01
8.143654667923634634e+02 1.081273167900046184e-01 3.189469324967926381e-04 1.078083698575078297e-01
8.184372941263252415e+02 1.065588678375266884e-01 3.143549659884886682e-04 1.062445128715382159e-01
8.225091214602871332e+02 1.052279064843595485e-01 3.107106759271404425e-04 1.049171958084324230e-01
8.265809487942489113e+02 1.040958991913830123e-01 3.078629928946406387e-04 1.037880361984883926e-01
8.306527761282106894e+02 1.030951347210641578e-01 3.055185158026695220e-04 1.027896162052615026e-01
8.347246034621725812e+02 1.021531423919892073e-01 3.033087700842058932e-04 1.018498336219050004e-01
8.387964307961343593e+02 1.012155760260355919e-01 3.008710874372935978e-04 1.009147049385983319e-01
8.428682581300961374e+02 1.002596424004759124e-01 2.979217972291920953e-04 9.996172060324673425e-02
8.469400854640580292e+02 9.929379483154038288e-02 2.943042369500281814e-04 9.899949059459037248e-02
8.510119127980198073e+02 9.834462311832975479e-02 2.900026337387505838e-04 9.805462048459101521e-02
8.550837401319815854e+02 9.743666857648169977e-02 2.851230965374449496e-04 9.715154547994425682e-02
8.591555674659434771e+02 9.657346470813929495e-02 2.798514812186792314e-04 9.629361322692062131e-02
8.632273947999052552e+02 9.572750654154192629e-02 2.744023633441739548e-04 9.545310417819777293e-02
8.672992221338670333e+02 9.484335849231734228e-02 2.689730124766967468e-04 9.457438547984062249e-02
8.713710494678289251e+02 9.385308098635371243e-02 2.637120129941594986e-04 9.358936897335955185e-02
8.754428768017907032e+02 9.269848921752563142e-02 2.587060382205835308e-04 9.243978317930506838e-02
8.795147041357524813e+02 9.135216040066335141e-02 2.539825227266720963e-04 9.109817787793668409e-02
8.835865314697143731e+02 8.982946620158258066e-02 2.495222890493535312e-04 8.957994391253323863e-02
8.876583588036761512e+02 8.818700450987337902e-02 2.452752339331142387e-04 8.794172927594028077e-02
8.917301861376379293e+02 8.650745234008601348e-02 2.411735937259424506e-04 8.626627874636005888e-02
8.958020134715998211e+02 8.487539280228459382e-02 2.371400503172480857e-04 8.463825275196734665e-02
8.998738408055615992e+02 8.335156226023696102e-02 2.330908210983573627e-04 8.311847143913861369e-02
9.039456681395233772e+02 8.195336098144326287e-02 2.289359931997899246e-04 8.172442498824346313e-02
9.080174954734852690e+02 8.064740949857479579e-02 2.245802849947028533e-04 8.042282921358007153e-02
9.120893228074470471e+02 7.935624039707747657e-02 2.199271508019354161e-04 7.913631324627555530e-02
9.161611501414088252e+02 7.797714260404842168e-02 2.148879482969689764e-04 7.776225465575145601e-02
9.202329774753707170e+02 7.640794160425423698e-02 2.093961101170266478e-04 7.619854549413720979e-02
9.243048048093324951e+02 7.457291812466451675e-02 2.034242664449445676e-04 7.436949385821958747e-02
9.283766321432942732e+02 7.244237313130870437e-02 1.970004605600972933e-04 7.224537267074859770e-02
9.324484594772561650e+02 7.004123433731887505e-02 1.902184694813889598e-04 6.985101586783748484e-02
9.365202868112179431e+02 6.744492234687321508e-02 1.832373017330921191e-04 6.726168504514012936e-02
9.405921141451797212e+02 6.476370554787684586e-02 1.762665641801737797e-04 6.458743898369667669e-02
9.446639414791416129e+02 6.211931694004316218e-02 1.695375510128101812e-04 6.194977938903034609e-02
9.487357688131033910e+02 5.961922219199883299e-02 1.632640209062173912e-04 5.945595817109261549e-02
9.528075961470652828e+02 5.733436965564764343e-02 1.576005552717818785e-04 5.717676910037586269e-02
9.568794234810270609e+02 5.528547101287312887e-02 1.526087358452265889e-04 5.513286227702790532e-02
9.609512508149888390e+02 5.344099286977871399e-02 1.482409859779106488e-04 5.329275188380080963e-02
9.650230781489507308e+02 5.172741198916694372e-02 1.443483836294389062e-04 5.158306360553750747e-02
9.690949054829125089e+02 5.004941243091053094e-02 1.407127336017948479e-04 4.990869969730871852e-02
9.731667328168742870e+02 4.831522657241300173e-02 1.370963285316257490e-04 4.817813024388136606e-02
9.772385601508361788e+02 4.646089458681759710e-02 1.332972877974398455e-04 4.632759729902016094e-02
9.813103874847979569e+02 4.446731011268965916e-02 1.291960682621645174e-04 4.433811404442750126e-02
9.853822148187597350e+02 4.236564184430510055e-02 1.247806691526734109e-04 4.224086117515242489e-02
9.894540421527216267e+02 4.022971420405397486e-02 1.201438160764930216e-04 4.010957038797748064e-02
9.935258694866834048e+02 3.815741653894456908e-02 1.154533138623729479e-04 3.804196322508218708e-02
9.975976968206451829e+02 3.624619384937113886e-02 1.109043534644099161e-04 3.613528949590674028e-02
1.001669524154607075e+03 3.456924999804822374e-02 1.066674658226221344e-04 3.446258253222560242e-02
1.005741351488568853e+03 3.315876501600669574e-02 1.028465410631066151e-04 3.305591847494360191e-02
1.009813178822530631e+03 3.200028076915206743e-02 9.945776009926971927e-05 3.190082300905279500e-02
1.013885006156492523e+03 3.103911422148799421e-02 9.643368655771079184e-05 3.094268053493028775e-02
1.017956833490454301e+03 3.019625028157114921e-02 9.364931910267132670e-05 3.010260096246848704e-02
1.022028660824416079e+03 2.938869846840677647e-02 9.096093413952420709e-05 2.929773753426725275e-02
1.026100488158377857e+03 2.854848236496346225e-02 8.824576171598676015e-05 2.846023660324747268e-02
1.030172315492339749e+03 2.763541157857984931e-02 8.543150949526213088e-05 2.754998006908457309e-02
1.034244142826301641e+03 2.664111314847395981e-02 8.250883581060352483e-05 2.655860431266333921e-02
1.038315970160263305e+03 2.558461681208101107e-02 7.952552408927398122e-05 2.550509128799173519e-02
1.042387797494225197e+03 2.450215345202785833e-02 7.656645598373430350e-05 2.442558699604412825e-02
1.046459624828187088e+03 2.343503901774576792e-02 7.372694982939550666e-05 2.336131206791637605e-02
1.050531452162148753e+03 2.241934002793895264e-02 7.108781443417250615e-05 2.234825221350476496e-02
1.054603279496110645e+03 2.147971159336450886e-02 6.869867774845638160e-05 2.141101291561604142e-02
1.058675106830072536e+03 2.062797593253681838e-02 6.657267289120546864e-05 2.056140325964560950e-02
1.062746934164034201e+03 1.986537278209257046e-02 6.469169238695470382e-05 1.980068108970561153e-02
1.066818761497996093e+03 1.918649679094026200e-02 6.301840298907009129e-05 1.912347838795119478e-02
1.070890588831957984e+03 1.858293417910500400e-02 6.150987134864960250e-05 1.852142430775634979e-02
1.074962416165919649e+03 1.804535048497901001e-02 6.012817900510376715e-05 1.798522230597390109e-02
1.079034243499881541e+03 1.756384241808212066e-02 5.884537893110716473e-05 1.750499703915101707e-02
1.083106070833843432e+03 1.712727306473382088e-02 5.764272010878694619e-05 1.706963034462502526e-02
1.087177898167805097e+03 1.672271776265519747e-02 5.650628505752077792e-05 1.666621147759768037e-02
1.091249725501766989e+03 1.633596159125979067e-02 5.542229887320446365e-05 1.628053929238659076e-02
1.095321552835728880e+03 1.595336335159851238e-02 5.437506749380590721e-05 1.589898828410470782e-02
1.099393380169690545e+03 1.556464822462967634e-02 5.334899657721204800e-05 1.551129922805246156e-02
1.103465207503652437e+03 1.516564217760739582e-02 5.233406529378081644e-05 1.511330811231361392e-02
1.107537034837614328e+03 1.475983328049047805e-02 5.133230914686307293e-05 1.470850097134361947e-02
1.111608862171575993e+03 1.435797301694424939e-02 5.036202699064206518e-05 1.430761098995359318e-02
1.115680689505537885e+03 1.397557296853342915e-02 4.945692996005798467e-05 1.392611603857336205e-02
1.119752516839499776e+03 1.362886226315247751e-02 4.865915514320318493e-05 1.358020310800928110e-02
1.123824344173461441e+03 1.333029668783861608e-02 4.800737772898196632e-05 1.328228931010962122e-02
1.127896171507423333e+03 1.308488185203203133e-02 4.752332546617083148e-05 1.303735852656585405e-02
1.131967998841385224e+03 1.288835112197869379e-02 4.720103680517183636e-05 1.284115008517351837e-02
1.136039826175347116e+03 1.272771296490569221e-02 4.700276478328133589e-05 1.268071020012239737e-02
1.140111653509308780e+03 1.258402526247705093e-02 4.686358834316380799e-05 1.253716167413388566e-02
1.144183480843270672e+03 1.243666166621471697e-02 4.670413287524797369e-05 1.238995753333946986e-02
1.148255308177232564e+03 1.226796604777081849e-02 4.644821005946980471e-05 1.222151783771135806e-02
1.152327135511194228e+03 1.206712891961025241e-02 4.604054400881213210e-05 1.202108837560144326e-02
1.156398962845156120e+03 1.183235995439808549e-02 4.545961725944925539e-05 1.178690033713862897e-02
1.160470790179118012e+03 1.157089281919868734e-02 4.472209171572986931e-05 1.152617072748295113e-02
1.164542617513079676e+03 1.129691337647819108e-02 4.387775687116719434e-05 1.125303561960701131e-02
1.168614444847041568e+03 1.102800706362131594e-02 4.299670381870969969e-05 1.098501035980261470e-02
1.172686272181003460e+03 1.078105342004884865e-02 4.215253929027806910e-05 1.073890088075856244e-02
1.176758099514965124e+03 1.056858041910288190e-02 4.140630794958403537e-05 1.052717411115330556e-02
1.180829926848927016e+03 1.039641744154553085e-02 4.079519950524667857e-05 1.035562224204027160e-02
1.184901754182888908e+03 1.026310791402156725e-02 4.032837576911359016e-05 1.022277953825244043e-02
1.188973581516850572e+03 1.016106691706195400e-02 3.999000246498242992e-05 1.012107691459698117e-02
1.193045408850812464e+03 1.007902541362218005e-02 3.974755578771866108e-05 1.003927785783446242e-02
1.197117236184774356e+03 1.000500969479500499e-02 3.956228746799015207e-05 9.965447407327025081e-03
1.201189063518736020e+03 9.929035793386695868e-03 3.939863767484961480e-05 9.889637155711842459e-03
1.205260890852697912e+03 9.844861313598551530e-03 3.923026732479491154e-05 9.805631046273747403e-03
1.209332718186659804e+03 9.750470745772187725e-03 3.904182969737554978e-05 9.711428916074821283e-03
1.213404545520621468e+03 9.647365821548934545e-03 3.882708019444891349e-05 9.608538741354477608e-03
1.217476372854583360e+03 9.539067329767676739e-03 3.858496154212980814e-05 9.500482368225543137e-03
1.221548200188545252e+03 9.429412220182087703e-03 3.831563569209019615e-05 9.391096584489997887e-03
1.225620027522506916e+03 9.321208534961357428e-03 3.801806183572454352e-05 9.283190473125636083e-03
1.229691854856468808e+03 9.215615755709418572e-03 3.768986717340012905e-05 9.177925888536020774e-03
1.233763682190430700e+03 9.112328889843443122e-03 3.732927122838974486e-05 9.074999618615044866e-03
1.237835509524392364e+03 9.010364938832921000e-03 3.693804928578907744e-05 8.973426889547136964e-03
1.241907336858354256e+03 8.909072100635011260e-03 3.652418768670533415e-05 8.872547912948308690e-03
1.245979164192316148e+03 8.808954509859258028e-03 3.610305436889334240e-05 8.772851455490360620e-03
1.250050991526277812e+03 8.712021648292917961e-03 3.569647415736017671e-05 8.676325174135570903e-03
1.254122818860239704e+03 8.621575524438500684e-03 3.532983546175556345e-05 8.586245688976736068e-03
1.258194646194201596e+03 8.541558543663532038e-03 3.502800502699232208e-05 8.506530538636545083e-03
1.262266473528163260e+03 8.475724675237664846e-03 3.481118305149468687e-05 8.440913492186166364e-03
1.266338300862125152e+03 8.426922933835886975e-03 3.469179805615647512e-05 8.392231135779734674e-03
1.270410128196087044e+03 8.396698278021360456e-03 3.467315986375150722e-05 8.362025118157610792e-03
1.274481955530048708e+03 8.385265099877445977e-03 3.475001265332175416e-05 8.350515087224131758e-03
1.278553782864010600e+03 8.391758264754859559e-03 3.491056509094628843e-05 8.356847699663903783e-03
1.282625610197972492e+03 8.414576361152115158e-03 3.513920825624797066e-05 8.379437152895853960e-03
1.286697437531934156e+03 8.451632777559028170e-03 3.541906833962889896e-05 8.416213709219386857e-03
1.290769264865896048e+03 8.500414055424922871e-03 3.573376864329748034e-05 8.464680286781607610e-03
1.294841092199857940e+03 8.557869050990029106e-03 3.606817955358727033e-05 8.521800871436429475e-03
1.298912919533819604e+03 8.620259083153399005e-03 3.640834764339392470e-05 8.583850735509997165e-03
1.302984746867781496e+03 8.683140512068534059e-03 3.674106258246012148e-05 8.646399449486072419e-03
1.307056574201743388e+03 8.741609057196257290e-03 3.705356363936337157e-05 8.704555493556887305e-03
1.311128401535705052e+03 8.790828628961921271e-03 3.733372609024496625e-05 8.753494902871672076e-03
1.315200228869666944e+03 8.826743677250156739e-03 3.757080268600979014e-05 8.789172874564132529e-03
1.319272056203628836e+03 8.846787333382061594e-03 3.775655575319461282e-05 8.809030777628856085e-03
1.323343883537590500e+03 8.850385281788412592e-03 3.788649708687925020e-05 8.812498784701524451e-03
1.327415710871552392e+03 8.839121301620416274e-03 3.796097538418907562e-05 8.801160326236224379e-03
1.331487538205514284e+03 8.816543959004410208e-03 3.798595693513696220e-05 8.778558002069275848e-03
1.335559365539475948e+03 8.787703915660870918e-03 3.797343860543816660e-05 8.749730477055430583e-03
1.339631192873437840e+03 8.758570265827145263e-03 3.794143808129692760e-05 8.720628827745855599e-03
1.343703020207399732e+03 8.735460641515055066e-03 3.791342002932093650e-05 8.697547221485741123e-03
1.347774847541361396e+03 8.724547977735407425e-03 3.791691313087498447e-05 8.686631064604533742e-03
1.351846674875323288e+03 8.731420085177016635e-03 3.798106905457263515e-05 8.693439016122449584e-03
1.355918502209285180e+03 8.760617204855849355e-03 3.813310136854293616e-05 8.722484103487313303e-03
1.359990329543246844e+03 8.815089910688075209e-03 3.839392043698575422e-05 8.776695990251087015e-03
1.364062156877208736e+03 8.895601831863870698e-03 3.877373472376368421e-05 8.856828097140116013e-03
1.368133984211170628e+03 9.000209606065238260e-03 3.926872490184267180e-05 8.960940881163401497e-03
1.372205811545132292e+03 9.124029053214141941e-03 3.985992405232087954e-05 9.084169129161802358e-03
1.376277638879094184e+03 9.259493949926946715e-03 4.051506392210223141e-05 9.218978886004841611e-03
1.380349466213056076e+03 9.397217468858845221e-03 4.119344157591545109e-05 9.356024027282921693e-03
1.384421293547017967e+03 9.527403589547941976e-03 4.185303892065484659e-05 9.485550550627278726e-03
1.388493120880979632e+03 9.641584178944763439e-03 4.245847139471627682e-05 9.599125707550060227e-03
1.392564948214941523e+03 9.734339042120128405e-03 4.298808016684428895e-05 9.691350961953289211e-03
1.396636775548903415e+03 9.804630289816620298e-03 4.343869022915754783e-05 9.761191599587448059e-03
1.400708602882865080e+03 9.856450292638582744e-03 4.382712818533059454e-05 9.812623164453249114e-03
1.404780430216826971e+03 9.898612541861242717e-03 4.418829710167205844e-05 9.854424244759563828e-03
1.408852257550788863e+03 9.943662795931285103e-03 4.457020338398420302e-05 9.899092592547309791e-03
1.412924084884750528e+03 1.000602197119973731e-02 4.502669398487335085e-05 9.960995277214872851e-03
1.416995912218712419e+03 1.009958578313295899e-02 4.560882436769459185e-05 1.005397695876526082e-02
1.421067739552674311e+03 1.023511155540857143e-02 4.635588670306246871e-05 1.018875566870551183e-02
1.425139566886635976e+03 1.041782837130878284e-02 4.728732404801156493e-05 1.037054104726077737e-02
1.429211394220597867e+03 1.064579291207114892e-02 4.839704104371876170e-05 1.059739587102743671e-02
1.433283221554559759e+03 1.090952388009818960e-02 4.965180108274747594e-05 1.085987207901543093e-02
1.437355048888521424e+03 1.119331109664349275e-02 5.099515561243658747e-05 1.114231594103104982e-02
1.441426876222483315e+03 1.147826774263482896e-02 5.235742347237424621e-05 1.142591031916244566e-02
1.445498703556445207e+03 1.174670740214154782e-02 5.367063624866664638e-05 1.169303676589288250e-02
1.449570530890406872e+03 1.198690931233563350e-02 5.488548641261115817e-05 1.193202382592302435e-02
1.453642358224368763e+03 1.219698339540768381e-02 5.598587460152546630e-05 1.214099752080614880e-02
1.457714185558330655e+03 1.238655599776730329e-02 5.699641949805705414e-05 1.232955957826923667e-02
1.461786012892292320e+03 1.257546462565157022e-02 5.797971836837248656e-05 1.251748490728320229e-02
1.465857840226254211e+03 1.278950144360505720e-02 5.902305368531639935e-05 1.273047838991972318e-02
1.469929667560216103e+03 1.305422745921985123e-02 6.021776248715153892e-05 1.299400969673268451e-02
1.474001494894177767e+03 1.338863298165852977e-02 6.163730879536077510e-05 1.332699567286317090e-02
1.478073322228139659e+03 1.380061783635760757e-02 6.332098338537254633e-05 1.373729685297222711e-02
1.482145149562101551e+03 1.428575969490053152e-02 6.526849796733273255e-05 1.422049119693318681e-02
1.486216976896063215e+03 1.482975467525510932e-02 6.744694940517272867e-05 1.476230772584992065e-02
1.490288804230025107e+03 1.541362934918288213e-02 6.980707778860725213e-05 1.534382227139427686e-02
1.494360631563986999e+03 1.601983747974035366e-02 7.230227905661454021e-05 1.594753520068373925e-02
1.498432458897948663e+03 1.663708695447306887e-02 7.490300993165098530e-05 1.656218394454143233e-02
1.502504286231910555e+03 1.726234017462020820e-02 7.760156381039404715e-05 1.718473861080983128e-02
1.506576113565872447e+03 1.789968214955267242e-02 8.040685383960726926e-05 1.781927529571306068e-02
1.510647940899834111e+03 1.855714458159338914e-02 8.333384402063275897e-05 1.847381073757273923e-02
1.514719768233796003e+03 1.924350424239407165e-02 8.639531839770478298e-05 1.915710892399636461e-02
1.518791595567757895e+03 1.996709733242288398e-02 8.960316027090519243e-05 1.987749417215196879e-02
1.522863422901719559e+03 2.073773968740227208e-02 9.298211426376235011e-05 2.064475757313849816e-02
1.526935250235681451e+03 2.157128014359871795e-02 9.659270664758061930e-05 2.147468743695113771e-02
1.531007077569643343e+03 2.249480875100282745e-02 1.005543214519582184e-04 2.239425442955084861e-02
1.535078904903605007e+03 2.354978871171534843e-02 1.050570918411687107e-04 2.344473161987418314e-02
1.539150732237566899e+03 2.479079778704826320e-02 1.103537544029056967e-04 2.468044403264535447e-02
1.543222559571528791e+03 2.627908482797675777e-02 1.167293972905895461e-04 2.616235543068617594e-02
1.547294386905490455e+03 2.807221592911081365e-02 1.244556264186267279e-04 2.794776030269220668e-02
1.551366214239452347e+03 3.021287131708385795e-02 1.337425860881062776e-04 3.007912873099575710e-02
1.555438041573414239e+03 3.272059387771841799e-02 1.447044740358451119e-04 3.257588940368257718e-02
1.559509868907375903e+03 3.558961714596782511e-02 1.573504851843793837e-04 3.543226666078344578e-02
1.563581696241337795e+03 3.879402046093910483e-02 1.716047634900390458e-04 3.862241569744907788e-02
1.567653523575299687e+03 4.229908128420608454e-02 1.873492309197192303e-04 4.211173205328634650e-02
1.571725350909261351e+03 4.607574336280195748e-02 2.044760629882932230e-04 4.587126729981367418e-02
1.575797178243223243e+03 5.011434257135587156e-02 2.229349954966452856e-04 4.989140757585922015e-02
1.579869005577185135e+03 5.443437915197443105e-02 2.427650733786005700e-04 5.419161407859585111e-02
1.583940832911146799e+03 5.908883505972489097e-02 2.641086541181678201e-04 5.882472640560673649e-02
1.588012660245108691e+03 6.416349344068056348e-02 2.872133914694422873e-04 6.387628004921111491e-02
1.592084487579070583e+03 6.977301578900821366e-02 3.124314558719639345e-04 6.946058433313624658e-02
1.596156314913032247e+03 7.605558100126413867e-02 3.402222028540498517e-04 7.571535879841007066e-02
1.600228142246994139e+03 8.316669823507041870e-02 3.711557910081093479e-04 8.279554244406230057e-02
1.604299969580956031e+03 9.127100144170439966e-02 4.059047761589213766e-04 9.086509666554547227e-02
1.608371796914917695e+03 1.005294110415921316e-01 4.452038786845846467e-04 1.000842071629075569e-01
1.612443624248879587e+03 1.110789332680812286e-01 4.897595730027006107e-04 1.105891736950785353e-01
1.616515451582841479e+03 1.230039924988426681e-01 5.401025846228274573e-04 1.224638899142198312e-01
1.620587278916803143e+03 1.363012577006090797e-01 5.963954654588575445e-04 1.357048622351502143e-01
1.624659106250765035e+03 1.508434588790980579e-01 6.582282592784117429e-04 1.501852306198196429e-01
1.628730933584726927e+03 1.663503853736760796e-01 7.244503743455556026e-04 1.656259349993305374e-01
1.632802760918688818e+03 1.823759582885244590e-01 7.930897813780393886e-04 1.815828685071464166e-01
1.636874588252650483e+03 1.983184135350299915e-01 8.613987543109867008e-04 1.974570147807190312e-01
1.640946415586612375e+03 2.134564851407578234e-01 9.260405650938027420e-04 2.125304445756640292e-01
1.645018242920574266e+03 2.270090626509412568e-01 9.834001436908209031e-04 2.260256625072504244e-01
1.649090070254535931e+03 2.382105551705381852e-01 1.029972345046527033e-03 2.371805828254916482e-01
1.653161897588497823e+03 2.463905248199650955e-01 1.062762279554039938e-03 2.453277625404110540e-01
1.657233724922459714e+03 2.510449770705578398e-01 1.079628289251967008e-03 2.499653487813058295e-01
1.661305552256421379e+03 2.518882213922568614e-01 1.079510235208918853e-03 2.508087111570478922e-01
1.665377379590383271e+03 2.488779390463451979e-01 1.062510040438331953e-03 2.478154290059068621e-01
1.669449206924345162e+03 2.422110206195490223e-01 1.029821181034121930e-03 2.411811994385149316e-01
1.673521034258306827e+03 2.322927068268455519e-01 9.835315466155630879e-04 2.313091752802299839e-01
1.677592861592268719e+03 2.196855776100730961e-01 9.263437019791679813e-04 2.187592339080939030e-01
1.681664688926230610e+03 2.050473416784245606e-01 8.612648036655348770e-04 2.041860768747589816e-01
1.685736516260192275e+03 1.890669619961929948e-01 7.913152038511202377e-04 1.882756467923418775e-01
1.689808343594154167e+03 1.724075678153015045e-01 7.192927036881734430e-04 1.716882751116133310e-01
1.693880170928116058e+03 1.556622696764289326e-01 6.476125907285498360e-04 1.550146570857003914e-01
1.697951998262077723e+03 1.393259740246942935e-01 5.782263395461458011e-04 1.387477476851481373e-01
1.702023825596039615e+03 1.237831974850018973e-01 5.126077398163930363e-04 1.232705897451855104e-01
1.706095652930001506e+03 1.093092788248859887e-01 4.517864840446002197e-04 1.088574923408413969e-01
1.710167480263963171e+03 9.608073257696310432e-02 3.964066562987052949e-04 9.568432592066439257e-02
1.714239307597925063e+03 8.419003302465807859e-02 3.467905165973065229e-04 8.384324250806075851e-02
1.718311134931886954e+03 7.366083805357723224e-02 3.029948136667220049e-04 7.335784323991050015e-02
1.722382962265848619e+03 6.446124148538283360e-02 2.648552593701815122e-04 6.419638622601266109e-02
1.726454789599810510e+03 5.651452882823240764e-02 2.320222709673954624e-04 5.628250655726500795e-02
1.730526616933772402e+03 4.970847115019990520e-02 2.039955421198241575e-04 4.950447560808006464e-02
1.734598444267734067e+03 4.390491216489735005e-02 1.801653002704401655e-04 4.372474686462690663e-02
1.738670271601695958e+03 3.895107774625407304e-02 1.598644268106410150e-04 3.879121331944342110e-02
1.742742098935657850e+03 3.469285242415412474e-02 1.424294705842378517e-04 3.455042295356990090e-02
1.746813926269619515e+03 3.098874883344581582e-02 1.272623886027683475e-04 3.086148644484305870e-02
1.750885753603581406e+03 2.772211228631962787e-02 1.138811139315533763e-04 2.760823117238808688e-02
1.754957580937543298e+03 2.480880455429694542e-02 1.019474770221664962e-04 2.470685707727476518e-02
1.759029408271504963e+03 2.219840608735030446e-02 9.126579089146179269e-05 2.210714029645884093e-02
1.763101235605466854e+03 1.986863391701707698e-02 8.175309567262653370e-05 1.978688082134445053e-02
1.767173062939428746e+03 1.781460636075061360e-02 7.339001426000962315e-05 1.774121634649061113e-02
1.771244890273390411e+03 1.603607979934169175e-02 6.616655978033362129e-05 1.596991323956136258e-02
1.775316717607352302e+03 1.452627655789325706e-02 6.003809333614973246e-05 1.446623846455710738e-02
1.779388544941314194e+03 1.326523266035204568e-02 5.490263306726810618e-05 1.321033002728478484e-02
1.783460372275275859e+03 1.221898279500231721e-02 5.060331172303811896e-05 1.216837948327927771e-02
1.787532199609237750e+03 1.134396611791647566e-02 4.695162820885705017e-05 1.129701448970761232e-02
1.791604026943199642e+03 1.059447378488961519e-02 4.376107745135480835e-05 1.055071270743825236e-02
1.795675854277161307e+03 9.930284384136591619e-03 4.087871407679749959e-05 9.889405670059803199e-03
1.799747681611123198e+03 9.321999498391716002e-03 3.820456470623919678e-05 9.283794933685470679e-03
1.803819508945085090e+03 8.752753998250418360e-03 3.569428390801706458e-05 8.717059714342403898e-03
1.807891336279046754e+03 8.216419504164032550e-03 3.334675927204043848e-05 8.183072744891982733e-03
1.811963163613008646e+03 7.713583794984810171e-03 3.118315652479489142e-05 7.682400638460011241e-03
1.816034990946970538e+03 7.247089484243869791e-03 2.922564357078053540e-05 7.217863840673081205e-03
1.820106818280932202e+03 6.818674310289840092e-03 2.748256383179603635e-05 6.791191746458045790e-03
1.824178645614894094e+03 6.427493762603874415e-03 2.594320878152909875e-05 6.401550553822346265e-03
1.828250472948855986e+03 6.070415079574838918e-03 2.458129576891307814e-05 6.045833783805916462e-03
1.832322300282817650e+03 5.743327259396165466e-03 2.336340350569967813e-05 5.719963855890460719e-03
1.836394127616779542e+03 5.442525119765622907e-03 2.225781974985894997e-05 5.420267300015759945e-03
1.840465954950741434e+03 5.165478041881939146e-03 2.124039544833589469e-05 5.144237646433579697e-03
1.844537782284703098e+03 4.910783005617143197e-03 2.029618587842147044e-05 4.890486819738706914e-03
1.848609609618664990e+03 4.677558483794756056e-03 1.941773878801291060e-05 4.658140745006733238e-03
1.852681436952626882e+03 4.464757226192876682e-03 1.860199301862402847e-05 4.446155233174264865e-03
1.856753264286588546e+03 4.270805376772742259e-03 1.784762878970919120e-05 4.252957747983027864e-03
1.860825091620550438e+03 4.093705713706949877e-03 1.715373409597801928e-05 4.076551979610973375e-03
1.864896918954512330e+03 3.931448883176473508e-03 1.651952689793720938e-05 3.914929356278530267e-03
1.868968746288473994e+03 3.782417648756519583e-03 1.594424029360091662e-05 3.766473408462919521e-03
1.873040573622435886e+03 3.645512330302875820e-03 1.542640189958945237e-05 3.630085928403293822e-03
1.877112400956397778e+03 3.519923310495498125e-03 1.496242655375547563e-05 3.504960883941733718e-03
1.881184228290359442e+03 3.404704324860831528e-03 1.454520364404919162e-05 3.390159121216785969e-03
1.885256055624321334e+03 3.298428853278928801e-03 1.416370470460977704e-05 3.284265148574314064e-03
1.889327882958283226e+03 3.199174462310221730e-03 1.380433529846000925e-05 3.185370127011753413e-03
1.893399710292245118e+03 3.104901922016865823e-03 1.345395060387512471e-05 3.091447971412970668e-03
1.897471537626206782e+03 3.014075820388747995e-03 1.310356737246761133e-05 3.000972253016271751e-03
1.901543364960168674e+03 2.926227861898428491e-03 1.275130403673663748e-05 2.913476557861699023e-03
1.905615192294130566e+03 2.842167715223665927e-03 1.240323890953330687e-05 2.829764476314139843e-03
1.909687019628092230e+03 2.763696612684374970e-03 1.207164063803711274e-05 2.751624972046319562e-03
1.913758846962054122e+03 2.692901388728575086e-03 1.177105312865045191e-05 2.681130335599913629e-03
1.917830674296016014e+03 2.631294953129731124e-03 1.151355327504110756e-05 2.619781399854696508e-03
1.921902501629977678e+03 2.579138002504447087e-03 1.130479365410546049e-05 2.567833208850334864e-03
1.925974328963939570e+03 2.535200636164803168e-03 1.114210237076913846e-05 2.524058533794048056e-03
1.930046156297901462e+03 2.497043239309264251e-03 1.101512561537074130e-05 2.486028113693894512e-03
1.934117983631863126e+03 2.461697570728768169e-03 1.090862032072048798e-05 2.450788950408028938e-03
1.938189810965825018e+03 2.426495407328366216e-03 1.080638163250972395e-05 2.415689025695857278e-03
1.942261638299786910e+03 2.389769425285227095e-03 1.069511126562844338e-05 2.379074314019610781e-03
1.946333465633748574e+03 2.351231639751398192e-03 1.056727146541443349e-05 2.340664368285978215e-03
1.950405292967710466e+03 2.311968637882124041e-03 1.042243509985020836e-05 2.301546202782267774e-03
1.954477120301672358e+03 2.274117013040583349e-03 1.026710196373456301e-05 2.263849911076865062e-03
1.958548947635634022e+03 2.240351914676084674e-03 1.011324682166205653e-05 2.230238667854416140e-03
1.962620774969595914e+03 2.213326799233329527e-03 9.975971269108596120e-06 2.203350827964218207e-03
1.966692602303557805e+03 2.195165616930226746e-03 9.870632870950522592e-06 2.185294984059276725e-03
1.970764429637519470e+03 2.187065061425704122e-03 9.809832143853478763e-06 2.177255229281843847e-03
1.974836256971481362e+03 2.189039874196554818e-03 9.800704227507249294e-06 2.179239169969045264e-03
1.978908084305443253e+03 2.199841492377394622e-03 9.843045828644475439e-06 2.189998446548755296e-03
1.982979911639404918e+03 2.217082060147859343e-03 9.928801352266557407e-06 2.207153258795608967e-03
1.987051738973366810e+03 2.237578983269156684e-03 1.004323698433186258e-05 2.227535746284841755e-03
1.991123566307328701e+03 2.257889056965103544e-03 1.016773612166490490e-05 2.247721320843434553e-03
1.995195393641290366e+03 2.274937043275738341e-03 1.028365937093839318e-05 2.264653383904790054e-03
1.999267220975252258e+03 2.286590723482086977e-03 1.037631441302839228e-05 2.276214409069045926e-03
2.003339048309214149e+03 2.292024598449853186e-03 1.043795826908989474e-05 2.281586640180764680e-03
2.007410875643175814e+03 2.291763209024024698e-03 1.046899341466234174e-05 2.281294215609369017e-03
2.011482702977137706e+03 2.287391223184601172e-03 1.047705912266499686e-05 2.276914164061929948e-03
2.015554530311099597e+03 2.281025683883528693e-03 1.047437052933145518e-05 2.270551313354187209e-03
2.019626357645061262e+03 2.274722378195406271e-03 1.047418029384230312e-05 2.264248197901555775e-03
2.023698184979023154e+03 2.270001405486844846e-03 1.048744391109111650e-05 2.259513961575752936e-03
2.027770012312985045e+03 2.267621894437714045e-03 1.052060220262538968e-05 2.257101292235093835e-03
2.031841839646946710e+03 2.267636744802125747e-03 1.057494308274040121e-05 2.257061801719380430e-03
2.035913666980908602e+03 2.269657065394144538e-03 1.064745909451141157e-05 2.259009606299620509e-03
2.039985494314870493e+03 2.273192683712623244e-03 1.073268053533988804e-05 2.262460003177279612e-03
2.044057321648832158e+03 2.277930502763578658e-03 1.082476943345963785e-05 2.267105733330106003e-03
2.048129148982794050e+03 2.283860641791273308e-03 1.091922748381603012e-05 2.272941414307455641e-03
2.052200976316755714e+03 2.291233936106220909e-03 1.101382048695055170e-05 2.280220115619261897e-03
2.056272803650717833e+03 2.300399495689541343e-03 1.110862452310502357e-05 2.289290871166446955e-03
2.060344630984679497e+03 2.311603032679854230e-03 1.120534324735818987e-05 2.300397689432480321e-03
2.064416458318641162e+03 2.324820053218517278e-03 1.130617847021610044e-05 2.313513874748302987e-03
2.068488285652603281e+03 2.339665650530746779e-03 1.141256773329573770e-05 2.328253082797449632e-03
2.072560112986564945e+03 2.355386269273039741e-03 1.152407715211985732e-05 2.343862192120895523e-03
2.076631940320526610e+03 2.370916494818493293e-03 1.163769414167234787e-05 2.359278800676823697e-03
2.080703767654488729e+03 2.384981297393485265e-03 1.174771076308077598e-05 2.373233586630382492e-03
2.084775594988450393e+03 2.396233654888426691e-03 1.184630429565218953e-05 2.384387350592772660e-03
2.088847422322412058e+03 2.403425003296208624e-03 1.192478538129391277e-05 2.391500217914893558e-03
2.092919249656374177e+03 2.405600712780841220e-03 1.197530267778964457e-05 2.393625410103047794e-03
2.096991076990335841e+03 2.402294348360078761e-03 1.199261566167829140e-05 2.390301732698377288e-03
2.101062904324297506e+03 2.393673356427912166e-03 1.197545052290165200e-05 2.381697905905002816e-03
2.105134731658259625e+03 2.380580323538448832e-03 1.192700393812460956e-05 2.368653319600318510e-03
2.109206558992221289e+03 2.364429015520265118e-03 1.185437103709503395e-05 2.352574644483156150e-03
2.113278386326182954e+03 2.346952581732179161e-03 1.176699198744684207e-05 2.335185589744734422e-03
2.117350213660145073e+03 2.329849818554185961e-03 1.167452584992988447e-05 2.318175292704238027e-03
2.121422040994106737e+03 2.314414725017057556e-03 1.158474967935086447e-05 2.302829975337703557e-03
2.125493868328068402e+03 2.301247764560594277e-03 1.150206782427255797e-05 2.289745696736312890e-03
2.129565695662030521e+03 2.290127853759744633e-03 1.142700398782195504e-05 2.278700849771909780e-03
2.133637522995992185e+03 2.280079121685266857e-03 1.135672093071210520e-05 2.268722400754536687e-03
2.137709350329953850e+03 2.269612729061267365e-03 1.128629816125608458e-05 2.258326430900002048e-03
2.141781177663915969e+03 2.257080225734783147e-03 1.121031246116232396e-05 2.245869913273614883e-03
2.145853004997877633e+03 2.241053643869292313e-03 1.112426318991677736e-05 2.229929380679364619e-03
2.149924832331839298e+03 2.220650958877033558e-03 1.102553608122657333e-05 2.209625422795793385e-03
2.153996659665801417e+03 2.195746681790566868e-03 1.091381608345616495e-05 2.184832865707088748e-03
2.158068486999763081e+03 2.167035298757170794e-03 1.079103796836473173e-05 2.156244260788793641e-03
2.162140314333724746e+03 2.135941435221112763e-03 1.066103594587944331e-05 2.125280399275227255e-03
2.166212141667686865e+03 2.104392088263822534e-03 1.052901890401249742e-05 2.093863069359802251e-03
2.170283969001648529e+03 2.074484961156929357e-03 1.040091340504431766e-05 2.064084047751866147e-03
2.174355796335610194e+03 2.048105432475567228e-03 1.028256087793702500e-05 2.037822871597622099e-03
2.178427623669572313e+03 2.026561788643310019e-03 1.017878134955209254e-05 2.016383007293742063e-03
2.182499451003533977e+03 2.010317460321314233e-03 1.009241869372892953e-05 2.000225041627586801e-03
2.186571278337495642e+03 1.998890911102219406e-03 1.002360004227897537e-05 1.988867311059946096e-03
2.190643105671457761e+03 1.990962536107430351e-03 9.969489540949632959e-06 1.980993046566478007e-03
2.194714933005419425e+03 1.984676357093136632e-03 9.924734221052603682e-06 1.974751622872070178e-03
2.198786760339381090e+03 1.978066195561325492e-03 9.882591352544112804e-06 1.968183604208760366e-03
2.202858587673343209e+03 1.969492177384360009e-03 9.836466991607309049e-06 1.959655710392731003e-03
2.206930415007304873e+03 1.957963342994368215e-03 9.781399956364854689e-06 1.948181943037999905e-03
2.211002242341266538e+03 1.943254563036583013e-03 9.714996136735376759e-06 1.933539566899841484e-03
2.215074069675228657e+03 1.925793203001043572e-03 9.637491104844714165e-06 1.916155711896189032e-03
2.219145897009190321e+03 1.906370092294516110e-03 9.550940584163210702e-06 1.896819151710343616e-03
2.223217724343151986e+03 1.885790399531434014e-03 9.457881713754472315e-06 1.876332517817667737e-03
2.227289551677114105e+03 1.864598253178742157e-03 9.360026444641227615e-06 1.855238226734091727e-03
2.231361379011075769e+03 1.842975653615800541e-03 9.257540454849232147e-06 1.833718113160943963e-03
2.235433206345037433e+03 1.820843262903091165e-03 9.149218788802291366e-06 1.811694044114266688e-03
2.239505033678999553e+03 1.798106455086522990e-03 9.033486677551238716e-06 1.789072968408968092e-03
2.243576861012961217e+03 1.774928344360905946e-03 8.909788893751369111e-06 1.766018555467150633e-03
2.247648688346922881e+03 1.751897745127001423e-03 8.779739634687675951e-06 1.743118005492285544e-03
2.251720515680885001e+03 1.730000548609545146e-03 8.647473861564611568e-06 1.721353074747966182e-03
2.255792343014846665e+03 1.710382383845567619e-03 8.518948716709686536e-06 1.701863435128829309e-03
2.259864170348808329e+03 1.693977451737835663e-03 8.400367874819651129e-06 1.685577083862977929e-03
2.263935997682770449e+03 1.681138555622416989e-03 8.296269967439316695e-06 1.672842285654967034e-03
2.268007825016732113e+03 1.671412496131007529e-03 8.207983566956963332e-06 1.663204512564026103e-03
2.272079652350694232e+03 1.663558895655515776e-03 8.133038654237388317e-06 1.655425857001251947e-03
2.276151479684655897e+03 1.655826204789144843e-03 8.065781975266330317e-06 1.647760422813843682e-03
2.280223307018617561e+03 1.646407547582438933e-03 7.999006694030776012e-06 1.638408540888394022e-03
2.284295134352579680e+03 1.633934728712167512e-03 7.926045641854585809e-06 1.626008683070286065e-03
2.288366961686541345e+03 1.617854132857356360e-03 7.842628152363278603e-06 1.610011504704974596e-03
2.292438789020503009e+03 1.598567613544226666e-03 7.747911370137498355e-06 1.590819702174069150e-03
2.296510616354465128e+03 1.577299450262400603e-03 7.644413469375257271e-06 1.569655036793005370e-03
2.300582443688426793e+03 1.555738634423274418e-03 7.536967676647908271e-06 1.548201666746623541e-03
2.304654271022388457e+03 1.535573577665596493e-03 7.431131506053798908e-06 1.528142446159539997e-03
2.308726098356350576e+03 1.518062168933325372e-03 7.331615057431270337e-06 1.510730553875875778e-03
2.312797925690312240e+03 1.503758247329288131e-03 7.241206643441840205e-06 1.496517040685832033e-03
2.316869753024273905e+03 1.492457073734016273e-03 7.160430387371052407e-06 1.485296643346626939e-03
2.320941580358236024e+03 1.483349850016364713e-03 7.087881237906819873e-06 1.476261968778441996e-03
2.325013407692197688e+03 1.475315937030420750e-03 7.020965401468738242e-06 1.468294971628930287e-03
2.329085235026159353e+03 1.467249961968466153e-03 6.956702382302540040e-06 1.460293259586139137e-03
2.333157062360121472e+03 1.458326048817121159e-03 6.892323146104643253e-06 1.451433725671002258e-03
2.337228889694083136e+03 1.448136387370902323e-03 6.825568098344506540e-06 1.441310819272544671e-03
2.341300717028044801e+03 1.436690443821906759e-03 6.754757851979776347e-06 1.429935685969906112e-03
2.345372544362006920e+03 1.424305923642823525e-03 6.678800097019405675e-06 1.417627123545790648e-03
2.349444371695968584e+03 1.411448986142565219e-03 6.597274342213827348e-06 1.404851711800328244e-03
2.353516199029930249e+03 1.398583671081576711e-03 6.510627271631030553e-06 1.392073043809919416e-03
2.357588026363892368e+03 1.386072797426577807e-03 6.420381157894969630e-06 1.379652416268676088e-03
2.361659853697854032e+03 1.374144914999801508e-03 6.329180428677816991e-06 1.367815734571113662e-03
2.365731681031815697e+03 1.362916012541769747e-03 6.240523356031276933e-06 1.356675489185723942e-03
2.369803508365777816e+03 1.352439332105749570e-03 6.158143393163314442e-06 1.346281188712578503e-03
2.373875335699739480e+03 1.342754764774437178e-03 6.085166333512495107e-06 1.336669598440907037e-03
2.377947163033701145e+03 1.333918123172427896e-03 6.023299504805037369e-06 1.327894823667611149e-03
2.382018990367663264e+03 1.326003908466985310e-03 5.972342718626674502e-06 1.320031565748337656e-03
2.386090817701624928e+03 1.319086698299061500e-03 5.930223626798982817e-06 1.313156474672247907e-03
2.390162645035586593e+03 1.313212220261215316e-03 5.893581215533796706e-06 1.307318639045683146e-03
2.394234472369548712e+03 1.308369325701199282e-03 5.858720487449077183e-06 1.302510605213715728e-03
2.398306299703510376e+03 1.304470877563741575e-03 5.822620806730511960e-06 1.298648256757000546e-03
2.402378127037472041e+03 1.301348087176096117e-03 5.783658726936911389e-06 1.295564428449154544e-03
2.406449954371434160e+03 1.298760842021852782e-03 5.741814079632262405e-06 1.293019027942215668e-03
2.410521781705395824e+03 1.296425679422486509e-03 5.698323553402005574e-06 1.290727355869090466e-03
2.414593609039357489e+03 1.294061399086957921e-03 5.654951433651140029e-06 1.288406447653277914e-03
2.418665436373319608e+03 1.291448146062228880e-03 5.613181688578612822e-06 1.285834964373650836e-03
2.422737263707281272e+03 1.288489211666812850e-03 5.573647804586647891e-06 1.282915563862205982e-03
2.426809091041242937e+03 1.285258279404838735e-03 5.536005164220040220e-06 1.279722274240602947e-03
2.430880918375205056e+03 1.282012372849134288e-03 5.499263198015068429e-06 1.276513109651116265e-03
2.434952745709166720e+03 1.279155758692423692e-03 5.462407853739194644e-06 1.273693350838673438e-03
2.439024573043128385e+03 1.277153156108093088e-03 5.425033293006707768e-06 1.271728122815066891e-03
2.443096400377090504e+03 1.276408520688974285e-03 5.387707100188224296e-06 1.271020813588772183e-03
2.447168227711052168e+03 1.277141908133456322e-03 5.351909700501190654e-06 1.271789998432967111e-03
2.451240055045013833e+03 1.279304210408890169e-03 5.319566235517615357e-06 1.273984644173373204e-03
2.455311882378975952e+03 1.282563077878808022e-03 5.292355361600418985e-06 1.277270722517202806e-03
2.459383709712937616e+03 1.286373284754543239e-03 5.271068771079431923e-06 1.281102215983466464e-03
2.463455537046899281e+03 1.290116996057754511e-03 5.255274657406182976e-06 1.284861721400343965e-03
2.467527364380861400e+03 1.293273574548739480e-03 5.243419078167178490e-06 1.288030155470566013e-03
2.471599191714823064e+03 1.295564754932594653e-03 5.233330561980886753e-06 1.290331424370599889e-03
2.475671019048784729e+03 1.297025534607601505e-03 5.222942061118985690e-06 1.291802592546478778e-03
2.479742846382746848e+03 1.297973814308510387e-03 5.210967926353690964e-06 1.292762846382147779e-03
2.483814673716708512e+03 1.298885634511498521e-03 5.197298368858670539e-06 1.293688336142635731e-03
2.487886501050670176e+03 1.300216197871940926e-03 5.182986405309679368e-06 1.295033211466629919e-03
2.491958328384632296e+03 1.302227727470496588e-03 5.169856172971594313e-06 1.297057871297517539e-03
2.496030155718593960e+03 1.304885573325947901e-03 5.159896701648883279e-06 1.299725676624306769e-03
2.500101983052555624e+03 1.307862873895074274e-03 5.154671576405324938e-06 1.302708202318668407e-03
2.504173810386517744e+03 1.310658085338686774e-03 5.154950802798308890e-06 1.305503134535923593e-03
2.508245637720479408e+03 1.312790748832007998e-03 5.160670440721370437e-06 1.307630078391276707e-03
2.512317465054441072e+03 1.314012187350919320e-03 5.171190643805153708e-06 1.308840996707085272e-03
2.516389292388403192e+03 1.314459375299939156e-03 5.185707276946481276e-06 1.309273668022992512e-03
2.520461119722364856e+03 1.314695347490815042e-03 5.203620285597961460e-06 1.309491727205210412e-03
2.524532947056326520e+03 1.315613796489594964e-03 5.224691477301866057e-06 1.310389105012276997e-03
2.528604774390288640e+03 1.318228233738404781e-03 5.248921489143414717e-06 1.312979312249239194e-03
2.532676601724250304e+03 1.323403722055813483e-03 5.276200998691671015e-06 1.318127521057093840e-03
2.536748429058211968e+03 1.331609702727255817e-03 5.305895253939250196e-06 1.326303807473307866e-03
2.540820256392174088e+03 1.342769129052272942e-03 5.336563116739399945e-06 1.337432565935537526e-03
2.544892083726135752e+03 1.356252659833356855e-03 5.365975109234826521e-06 1.350886684724106335e-03
2.548963911060097416e+03 1.371024886097773482e-03 5.391491925757578010e-06 1.365633394172022924e-03
2.553035738394059535e+03 1.385904988365421059e-03 5.410732277833819881e-06 1.380494256087570759e-03
2.557107565728021200e+03 1.399870222005532988e-03 5.422344045390772036e-06 1.394447877960142135e-03
2.561179393061982864e+03 1.412317357437214982e-03 5.426636304524124757e-06 1.406890721132678795e-03
2.565251220395944983e+03 1.423208560078190882e-03 5.425852164146847262e-06 1.417782707914042734e-03
2.569323047729906648e+03 1.433060735130352314e-03 5.423956930827023818e-06 1.427636778199525142e-03
2.573394875063868312e+03 1.442781436484394386e-03 5.425952785249239818e-06 1.437355483699125427e-03
2.577466702397830431e+03 1.453397189844080062e-03 5.436867128736998884e-06 1.447960322715343903e-03
2.581538529731792096e+03 1.465749321654179552e-03 5.460656124336792745e-06 1.460288665529831456e-03
2.585610357065753760e+03 1.480240163624812338e-03 5.499291427630545242e-06 1.474740872197181224e-03
2.589682184399715879e+03 1.496697264239147881e-03 5.552252034943700202e-06 1.491145012204196998e-03
2.593754011733677544e+03 1.514390011018313872e-03 5.616541102362523907e-06 1.508773469915935736e-03
2.597825839067639208e+03 1.532191699623966855e-03 5.687220270425910607e-06 1.526504479353530536e-03
2.601897666401601327e+03 1.548842194222202484e-03 5.758336076420729303e-06 1.543083858145761697e-03
2.605969493735562992e+03 1.563241932844350313e-03 5.824032799036683861e-06 1.557417900045309292e-03
2.610041321069524656e+03 1.574702913367550736e-03 5.879618859051056936e-06 1.568823294508484012e-03
2.614113148403486775e+03 1.583096699172450821e-03 5.922379915648665798e-06 1.577174319256783967e-03
2.618184975737448440e+03 1.588868476802728601e-03 5.951998614144363414e-06 1.582916478188575726e-03
2.622256803071410104e+03 1.592921362281180496e-03 5.970528736432104437e-06 1.586950833544744678e-03
2.626328630405372223e+03 1.596407036187349332e-03 5.981959138252147595e-06 1.590425077049090544e-03
2.630400457739333888e+03 1.600479410781181777e-03 5.991472942280177787e-06 1.594487937838898022e-03
2.634472285073295552e+03 1.606072820852679287e-03 6.004549425531538476e-06 1.600068271427141676e-03
2.638544112407257671e+03 1.613754961451182354e-03 6.026066950758399805e-06 1.607728894500409615e-03
2.642615939741219336e+03 1.623681416011526525e-03 6.059548745706634133e-06 1.617621867265813061e-03
2.646687767075181000e+03 1.635650032976311129e-03 6.106657189090472374e-06 1.629543375787207565e-03
2.650759594409143119e+03 1.649227571404183589e-03 6.166995914095788197e-06 1.643060575490089183e-03
2.654831421743104784e+03 1.663904807055438442e-03 6.238231005246036359e-06 1.657666576050188800e-03
2.658903249077066448e+03 1.679233606747268341e-03 6.316498950364042271e-06 1.672917107796891099e-03
2.662975076411028567e+03 1.694910321675974912e-03 6.397033196798852491e-06 1.688513288479168931e-03
2.667046903744990232e+03 1.710790321771298635e-03 6.474914623867385286e-06 1.704315407147429570e-03
2.671118731078951896e+03 1.726842009190779565e-03 6.545834987901059292e-06 1.720296174202875930e-03
2.675190558412914015e+03 1.743067926811564831e-03 6.606758187205466525e-06 1.736461168624357440e-03
2.679262385746875680e+03 1.759429825385338056e-03 6.656374750612200275e-06 1.752773450634709240e-03
2.683334213080837344e+03 1.775811191503637570e-03 6.695272736157906711e-06 1.769115918767465677e-03
2.687406040414799463e+03 1.792036119627254823e-03 6.725793181680398466e-06 1.785310326445548133e-03
2.691477867748761128e+03 1.807942329888659241e-03 6.751595580459181147e-06 1.801190734308183309e-03
2.695549695082722792e+03 1.823485316978971840e-03 6.777018190883932029e-06 1.816708298788102111e-03
2.699621522416684911e+03 1.838836692326516371e-03 6.806364933892989060e-06 1.832030327392611836e-03
2.703693349750646576e+03 1.854437346303481563e-03 6.843270710666586164e-06 1.847594075592816874e-03
2.707765177084608240e+03 1.870976369140094683e-03 6.890280802424291872e-06 1.864086088337681829e-03
2.711837004418570359e+03 1.889287288996583086e-03 6.948727710595913086e-06 1.882338561285990669e-03
2.715908831752532024e+03 1.910178578044000042e-03 7.018911625314102655e-06 1.903159666418691685e-03
2.719980659086493688e+03 1.934238300124303464e-03 7.100508888912898317e-06 1.927137791235405094e-03
2.724052486420455807e+03 1.961666136210488999e-03 7.193069842957952207e-06 1.954473066367526900e-03
2.728124313754417472e+03 1.992184835639606699e-03 7.296442745613777522e-06 1.984888392893987500e-03
2.732196141088379136e+03 2.025066122838795404e-03 7.410982925403896294e-06 2.017655139913377034e-03
2.736267968422341255e+03 2.059276508064616928e-03 7.537471066977884408e-06 2.051739036997644438e-03
2.740339795756302919e+03 2.093713793019903301e-03 7.676753758001733131e-06 2.086037039261894738e-03
2.744411623090264584e+03 2.127475371729444301e-03 7.829207616445163281e-06 2.119646164113002905e-03
2.748483450424226703e+03 2.160084516568147248e-03 7.994189520959139178e-06 2.152090327047193746e-03
2.752555277758188367e+03 2.191607061478189657e-03 8.169650906002256813e-06 2.183437410572189406e-03
2.756627105092150032e+03 2.222618524270770449e-03 8.352057732777479291e-06 2.214266466537998662e-03
2.760698932426112151e+03 2.254024028447616096e-03 8.536678463260196931e-06 2.245487349984358772e-03
2.764770759760073815e+03 2.286778121388866134e-03 8.718201944648835792e-06 2.278059919444225864e-03
2.768842587094035935e+03 2.321584552689458236e-03 8.891554594547281497e-06 2.312692998094919086e-03
2.772914414427997599e+03 2.358665910789776738e-03 9.052729669092624432e-06 2.349613181120672675e-03
2.776986241761959263e+03 2.397675332407777238e-03 9.199438837807988670e-06 2.388475893569970768e-03
2.781058069095921383e+03 2.437781807646360356e-03 9.331449289513805631e-06 2.428450358356856308e-03
2.785129896429883047e+03 2.477909107361479877e-03 9.450561003267481022e-06 2.468458546358211908e-03
2.789201723763844711e+03 2.517061958896696545e-03 9.560277258517397431e-06 2.507501681638173944e-03
2.793273551097806831e+03 2.554646063773441649e-03 9.665291880009267179e-06 2.544980771893431623e-03
2.797345378431768495e+03 2.590688883585282043e-03 9.770934054444612663e-06 2.580917949530827944e-03
2.801417205765730159e+03 2.625895262088802102e-03 9.882672266810807286e-06 2.616012589821995957e-03
2.805489033099692278e+03 2.661517535805792058e-03 1.000570469881107436e-05 2.651511831106982773e-03
2.809560860433653943e+03 2.699070796496739252e-03 1.014459393204798256e-05 2.688926202564698425e-03
2.813632687767615607e+03 2.739966846509583713e-03 1.030287933516865545e-05 2.729663967174402860e-03
2.817704515101577726e+03 2.785164509277073333e-03 1.048264155537054080e-05 2.774681867721706316e-03
2.821776342435539391e+03 2.834933577652129239e-03 1.068408640269842644e-05 2.824249491249440462e-03
2.825848169769501055e+03 2.888804375445808582e-03 1.090531290750640196e-05 2.877899062538305866e-03
2.829919997103463174e+03 2.945729199694666848e-03 1.114247009668744388e-05 2.934586729597981301e-03
2.833991824437424839e+03 3.004424793921827916e-03 1.139044198025297196e-05 2.993034351941560416e-03
2.838063651771386503e+03 3.063809347161349818e-03 1.164402775175331405e-05 3.052165319409596341e-03
2.842135479105348622e+03 3.123408680109806407e-03 1.189935873976050206e-05 3.111509321370039671e-03
2.846207306439310287e+03 3.183599019250473242e-03 1.215511258825671898e-05 3.171443906662213541e-03
2.850279133773271951e+03 3.245587257055067634e-03 1.241304948760912430e-05 3.233174207567458130e-03
2.854350961107234070e+03 3.311101964591471256e-03 1.267755988264442470e-05 3.298424404708818428e-03
2.858422788441195735e+03 3.381863303340924137e-03 1.295424943815217918e-05 3.368909053902758351e-03
2.862494615775157399e+03 3.458988130464939713e-03 1.324797956822284552e-05 3.445740150896713615e-03
2.866566443109119518e+03 3.542533833613685946e-03 1.356106585858251820e-05 3.528972767755099091e-03
2.870638270443081183e+03 3.631364485131738807e-03 1.389236700105817360e-05 3.617472118130674996e-03
2.874710097777042847e+03 3.723430466197131909e-03 1.423771876947504305e-05 3.709192747427644127e-03
2.878781925111004966e+03 3.816410667459899965e-03 1.459165701244048837e-05 3.801819010447448147e-03
2.882853752444966631e+03 3.908522233539984438e-03 1.494982208640583494e-05 3.893572411453572260e-03
2.886925579778928295e+03 3.999213478355563220e-03 1.531108075754545640e-05 3.983902397598004103e-03
2.890997407112890414e+03 4.089464957074125800e-03 1.567842017519095396e-05 4.073786536898930943e-03
2.895069234446852079e+03 4.181541933837067127e-03 1.605809761956445130e-05 4.165483836217493893e-03
2.899141061780813743e+03 4.278235707793949343e-03 1.645722817711066464e-05 4.261778479616827077e-03
2.903212889114775862e+03 4.381833272661556436e-03 1.688068643465677043e-05 4.364952586226894353e-03
2.907284716448737527e+03 4.493185232751561314e-03 1.732858931305836150e-05 4.475856643438504145e-03
2.911356543782699191e+03 4.611241974017636809e-03 1.779552127272737705e-05 4.593446452744918973e-03
2.915428371116661310e+03 4.733285840179233747e-03 1.827206364345287069e-05 4.715013776535759843e-03
2.919500198450622975e+03 4.855846300315501234e-03 1.874830972603986354e-05 4.837097990589464894e-03
2.923572025784584639e+03 4.976031565751402874e-03 1.921823001287088295e-05 4.956813335738534214e-03
2.927643853118546758e+03 5.092839312380742847e-03 1.968333092281323487e-05 5.073155981457923812e-03
2.931715680452508423e+03 5.207988489189599619e-03 2.015420781217034177e-05 5.187834281377431446e-03
2.935787507786470087e+03 5.325955369614110424e-03 2.064927912871425408e-05 5.305306090485387496e-03
2.939859335120432206e+03 5.453150750703005326e-03 2.119094116989254191e-05 5.431959809533105574e-03
2.943931162454393871e+03 5.596450724154496993e-03 2.180023779605394030e-05 5.574650486358446143e-03
2.948002989788355535e+03 5.761494429285264271e-03 2.249158399011887566e-05 5.739002845295150708e-03
2.952074817122317654e+03 5.951223917345110741e-03 2.326898245510664303e-05 5.927954934890010061e-03
2.956146644456279319e+03 6.165052997192450868e-03 2.412461755750533845e-05 6.140928379634953173e-03
2.960218471790240983e+03 6.398856136011526335e-03 2.503995666049970781e-05 6.373816179351024513e-03
2.964290299124203102e+03 6.645738680955444802e-03 2.598883153203318053e-05 6.619749849423398232e-03
2.968362126458164767e+03 6.897358731008080591e-03 2.694161565330014827e-05 6.870417115354781473e-03
2.972433953792126431e+03 7.145464827429229109e-03 2.786959232358582339e-05 7.117595235105649357e-03
2.976505781126088550e+03 7.383301267881586805e-03 2.874880656158801569e-05 7.354552461319993802e-03
2.980577608460050214e+03 7.606594718516778569e-03 2.956293442522644425e-05 7.577031784091544861e-03
2.984649435794011879e+03 7.813942437152322090e-03 3.030486497641540376e-05 7.783637572175905114e-03
2.988721263127973998e+03 8.006550998970265315e-03 3.097677621170487946e-05 7.975574222758567700e-03
2.992793090461935662e+03 8.187413184524032495e-03 3.158860916910820587e-05 8.155824575354936323e-03
2.996864917795897327e+03 8.360149954092488053e-03 3.215512992221048827e-05 8.327994824170292798e-03
3.000936745129859446e+03 8.527862214270157809e-03 3.269223740720030805e-05 8.495169976862962380e-03
3.005008572463821110e+03 8.692392467032362610e-03 3.321367254077332506e-05 8.659178794491595790e-03
3.009080399797782775e+03 8.854340312555129822e-03 3.372952128064503471e-05 8.820610791274484733e-03
3.013152227131744894e+03 9.013978335105416254e-03 3.424759726512185357e-05 8.979730737840290605e-03
3.017224054465706558e+03 9.172897013055274912e-03 3.477784361977971509e-05 9.138119169435483108e-03
3.021295881799668223e+03 9.335856296095684445e-03 3.533852885075311305e-05 9.300517767244940656e-03
3.025367709133630342e+03 9.512075339284711481e-03 3.596174757845084806e-05 9.476113591706272071e-03
3.029439536467592006e+03 9.715189688667613330e-03 3.669520804171710025e-05 9.678494480625899482e-03
3.033511363801553671e+03 9.961420566844002636e-03 3.759795639598253721e-05 9.923822610448017334e-03
3.037583191135515790e+03 1.026608791711733186e-02 3.872957269504903209e-05 1.022735834442228819e-02
3.041655018469477454e+03 1.063928140270142993e-02 4.013494336208223634e-05 1.059914645933934113e-02
3.045726845803439119e+03 1.108202304502708957e-02 4.182901760220523839e-05 1.104019402742487978e-02
3.049798673137401238e+03 1.158436655273789063e-02 4.378696766504111765e-05 1.154057958507285001e-02
3.053870500471362902e+03 1.212645873983063047e-02 4.594424145803918365e-05 1.208051449837259025e-02
3.057942327805324567e+03 1.268271092136490953e-02 4.820817752150519629e-05 1.263450274384340238e-02
3.062014155139286686e+03 1.322816243472484804e-02 5.047899002978397049e-05 1.317768344469507150e-02
3.066085982473248350e+03 1.374524674875710756e-02 5.267440027920372147e-05 1.369257234847791153e-02
3.070157809807210015e+03 1.422884568515763413e-02 5.475038799211811853e-05 1.417409529716551903e-02
3.074229637141172134e+03 1.468791614203046082e-02 5.671130979087457297e-05 1.463120483223956728e-02
3.078301464475133798e+03 1.514300991758460793e-02 5.860589292591683987e-05 1.508440402465869787e-02
3.082373291809095463e+03 1.562034347044511523e-02 6.051029542960574808e-05 1.555983317501553193e-02
3.086445119143057582e+03 1.614423829335699667e-02 6.250385253739137136e-05 1.608173444081961029e-02
3.090516946477019246e+03 1.673031397570300810e-02 6.464564466593185864e-05 1.666566833103708470e-02
3.094588773810980911e+03 1.738155666772445498e-02 6.695963673453717360e-05 1.731459703098992345e-02
3.098660601144943030e+03 1.808839019014889596e-02 6.943294535900046806e-05 1.801895724478991268e-02
3.102732428478904694e+03 1.883250629771156259e-02 7.202695579667682188e-05 1.876047934191489922e-02
3.106804255812866359e+03 1.959296490478288494e-02 7.469634123648640541e-05 1.951826856354640927e-02
3.110876083146828478e+03 2.035240145851716781e-02 7.740828835841651913e-05 2.027499317015876712e-02
3.114947910480790142e+03 2.110129991209902869e-02 8.015443061028595939e-05 2.102114548148874273e-02
3.119019737814751807e+03 2.183912419299443436e-02 8.295103455900604663e-05 2.175617315843543509e-02
3.123091565148713926e+03 2.257230388906249219e-02 8.582769187946752637e-05 2.248647619718302515e-02
3.127163392482675590e+03 2.331017686849156528e-02 8.880933382919060535e-05 2.322136753466238351e-02
3.131235219816637255e+03 2.406060371050171287e-02 9.189907103944683570e-05 2.396870463946226132e-02
3.135307047150599374e+03 2.482690192658745451e-02 9.506916043808396818e-05 2.473183276614937531e-02
3.139378874484561038e+03 2.560708840210650789e-02 9.826439888459151482e-05 2.550882400322191518e-02
3.143450701818522703e+03 2.639546842290923720e-02 1.014175684003484033e-04 2.629405085450891438e-02
3.147522529152484822e+03 2.718575098835658219e-02 1.044719448248769425e-04 2.708127904353171966e-02
3.151594356486446486e+03 2.797440892377790062e-02 1.074030228021973605e-04 2.786700590097571789e-02
3.155666183820408150e+03 2.876305858497758827e-02 1.102315453696988594e-04 2.865282703960791294e-02
3.159738011154370270e+03 2.955911749688441142e-02 1.130226884162022476e-04 2.944609480846821503e-02
3.163809838488331934e+03 3.037467154806107114e-02 1.158708768711604943e-04 3.025880067118992545e-02
3.167881665822293598e+03 3.122407523759953424e-02 1.188746028460323039e-04 3.110520063475351663e-02
3.171953493156255718e+03 3.212112499405524180e-02 1.221091041998670704e-04 3.199901588985540335e-02
3.176025320490217382e+03 3.307663161618201730e-02 1.256056638615491621e-04 3.295102595232047432e-02
3.180097147824179046e+03 3.409695075561447464e-02 1.293442961060690130e-04 3.396760645950840096e-02
3.184168975158141166e+03 3.518365962782066259e-02 1.332623421994345999e-04 3.505039728562124590e-02
3.188240802492102830e+03 3.633423787110634517e-02 1.372763822108311591e-04 3.619696148889553489e-02
3.192312629826064494e+03 3.754340305665550270e-02 1.413105414786594506e-04 3.740209251517686434e-02
3.196384457160026614e+03 3.880467505198623157e-02 1.453221392685021961e-04 3.865935291271772184e-02
3.200456284493988278e+03 4.011176031170902989e-02 1.493164060884108143e-04 3.996244390562062043e-02
3.204528111827949942e+03 4.145941697965692396e-02 1.533454674645627624e-04 4.130607151219237161e-02
3.208599939161912062e+03 4.284357200386314929e-02 1.574918631903697141e-04 4.268608014067279410e-02
3.212671766495873726e+03 4.426062579970964361e-02 1.618419063302407542e-04 4.409878389337942850e-02
3.216743593829835390e+03 4.570610750118082877e-02 1.664575229548547223e-04 4.553964997822600169e-02
3.220815421163797510e+03 4.717310318288967658e-02 1.713557098255445764e-04 4.700174747306413991e-02
3.224887248497759174e+03 4.865108498959994088e-02 1.765021853539376954e-04 4.847458280424600530e-02
3.228959075831720838e+03 5.012580609336217408e-02 1.818210104993744610e-04 4.994398508286282401e-02
3.233030903165682957e+03 5.158070872160675641e-02 1.872165452802976716e-04 5.139349217632646627e-02
3.237102730499644622e+03 5.299982520543558562e-02 1.925999770412480409e-04 5.280722522839434441e-02
3.241174557833606286e+03 5.437156176455510553e-02 1.979113052639534342e-04 5.417365045929116441e-02
3.245246385167568405e+03 5.569226304472268269e-02 2.031296271841556028e-04 5.548913341753854145e-02
3.249318212501530070e+03 5.696829566252607779e-02 2.082691594567420484e-04 5.676002650306934127e-02
3.253390039835491734e+03 5.821569891739992314e-02 2.133639549113801629e-04 5.800233496248853593e-02
3.257461867169453853e+03 5.945718922772951637e-02 2.184486082314180777e-04 5.923874061949811753e-02
3.261533694503415518e+03 6.071723747347011757e-02 2.235436463864430524e-04 6.049369382708368048e-02
3.265605521837377637e+03 6.201671031912494442e-02 2.286521106474236021e-04 6.178805820847753372e-02
3.269677349171339301e+03 6.336883984741983888e-02 2.337688101007229149e-04 6.313507103731910708e-02
3.273749176505300966e+03 6.477788854292618193e-02 2.388978104741666881e-04 6.453899073245200624e-02
3.277821003839263085e+03 6.624089755423212544e-02 2.440693501562514033e-04 6.599682820407587469e-02
3.281892831173224749e+03 6.775168711240595054e-02 2.493465098917214094e-04 6.750234060251422696e-02
3.285964658507186414e+03 6.930529715493027876e-02 2.548152641065937240e-04 6.905048189082368948e-02
3.290036485841148533e+03 7.090074170352105021e-02 2.605580074576548631e-04 7.064018369606339665e-02
3.294108313175110197e+03 7.254049775601786876e-02 2.666179014206364025e-04 7.227387985459726716e-02
3.298180140509071862e+03 7.422641918892391999e-02 2.729665296460289953e-04 7.395345265927791290e-02
3.302251967843033981e+03 7.595331216090348003e-02 2.794881049940877967e-04 7.567382405590941663e-02
3.306323795176995645e+03 7.770263213478859066e-02 2.859891153610242837e-04 7.741664301942757787e-02
3.310395622510957310e+03 7.943914035447191546e-02 2.922340598387984613e-04 7.914690629463311256e-02
3.314467449844919429e+03 8.111265413337950814e-02 2.979986327819179577e-04 8.081465550059757641e-02
3.318539277178881093e+03 8.266540695958929374e-02 3.031247725311253267e-04 8.236228218705815562e-02
3.322611104512842758e+03 8.404353292877858594e-02 3.075601282765134514e-04 8.373597280050210090e-02
3.326682931846804877e+03 8.520952354583305466e-02 3.113686845120313849e-04 8.489815486132101796e-02
3.330754759180766541e+03 8.615181866868927563e-02 3.147083030234203984e-04 8.583711036566585295e-02
3.334826586514728206e+03 8.688831461491135222e-02 3.177817785865234314e-04 8.657053283632482055e-02
3.338898413848690325e+03 8.746237242616282381e-02 3.207769025281170675e-04 8.714159552363470729e-02
3.342970241182651989e+03 8.793232610368462154e-02 3.238148572495380250e-04 8.760851124643508070e-02
3.347042068516613654e+03 8.835770997385397618e-02 3.269236540062849059e-04 8.803078631984770364e-02
3.351113895850575773e+03 8.878665706709043537e-02 3.300451533882948520e-04 8.845661191370214615e-02
3.355185723184537437e+03 8.924868087660420279e-02 3.330732626231309524e-04 8.891560761398106805e-02
3.359257550518499102e+03 8.975534073461290119e-02 3.359108653958126555e-04 8.941942986921708192e-02
3.363329377852461221e+03 9.030861161137282433e-02 3.385271663760288730e-04 8.997008444499679514e-02
3.367401205186422885e+03 9.091399265717894917e-02 3.409971543598489061e-04 9.057299550281909528e-02
3.371473032520384550e+03 9.159343622988887212e-02 3.435105029208203277e-04 9.124992572696806470e-02
3.375544859854346669e+03 9.239277314863197921e-02 3.463463491389439730e-04 9.204642679949304185e-02
3.379616687188308333e+03 9.337969135923920860e-02 3.498200040213331067e-04 9.302987135521786910e-02
3.383688514522269998e+03 9.463116464239235137e-02 3.542149070920241546e-04 9.427694973530031941e-02
3.387760341856232117e+03 9.621270604963681750e-02 3.597162778765865916e-04 9.585298977176022472e-02
3.391832169190193781e+03 9.815486566664197166e-02 3.663616616043304007e-04 9.778850400503763529e-02
3.395903996524155446e+03 1.004340045908920509e-01 3.740189406856832613e-04 1.000599856502063512e-01
3.399975823858117565e+03 1.029639436687885684e-01 3.823961000034650521e-04 1.025815475687850975e-01
3.404047651192079229e+03 1.056025880205616468e-01 3.910807665545998823e-04 1.052115072540070473e-01
3.408119478526040893e+03 1.081736781492762811e-01 3.996024131957279994e-04 1.077740757360805546e-01
3.412191305860003013e+03 1.104995032073737421e-01 4.075065692903905696e-04 1.100919966380833476e-01
3.416263133193964677e+03 1.124369912850856079e-01 4.144284324806224917e-04 1.120225628526049927e-01
3.420334960527926341e+03 1.139081260262003598e-01 4.201528962091475553e-04 1.134879731299912042e-01
3.424406787861888461e+03 1.149166614557745048e-01 4.246493838518100713e-04 1.144920120719226803e-01
3.428478615195850125e+03 1.155464371237489019e-01 4.280733591363033845e-04 1.151183637646125968e-01
3.432550442529811789e+03 1.159413604921864377e-01 4.307321034807498703e-04 1.155106283887056967e-01
3.436622269863773909e+03 1.162719900785951221e-01 4.330197764890948470e-04 1.158389703021060202e-01
3.440694097197735573e+03 1.166972134353253532e-01 4.353344301004494535e-04 1.162618790052249024e-01
3.444765924531697237e+03 1.173307120441444973e-01 4.379953135113313673e-04 1.168927167306331727e-01
3.448837751865659357e+03 1.182203714055041627e-01 4.411802277672948261e-04 1.177791911777368583e-01
3.452909579199621021e+03 1.193449815457415936e-01 4.448985414086423056e-04 1.189000830043329543e-01
3.456981406533582685e+03 1.206276340740066316e-01 4.490061942204462615e-04 1.201786278797861707e-01
3.461053233867544805e+03 1.219606603790449190e-01 4.532570200669461930e-04 1.215074033589779723e-01
3.465125061201506469e+03 1.232341501928835847e-01 4.573738386092769236e-04 1.227767763542742807e-01
3.469196888535468133e+03 1.243598467097308119e-01 4.611169205818844530e-04 1.238987297891489259e-01
3.473268715869430252e+03 1.252844999889927702e-01 4.643290768521226805e-04 1.248201709121406766e-01
3.477340543203391917e+03 1.259907120653575019e-01 4.669455790414648645e-04 1.255237664863160518e-01
3.481412370537353581e+03 1.264875297082148076e-01 4.689703670513898563e-04 1.260185593411634053e-01
3.485484197871315700e+03 1.267960913012337043e-01 4.704326270615285274e-04 1.263256586741721699e-01
3.489556025205277365e+03 1.269365298888001370e-01 4.713448773861403634e-04 1.264651850114140164e-01
3.493627852539239029e+03 1.269208980823601784e-01 4.716822059079883744e-04 1.264492158764521923e-01
3.497699679873201148e+03 1.267537949478214909e-01 4.713926325422681325e-04 1.262824023152792074e-01
3.501771507207162813e+03 1.264389169134018664e-01 4.704344926883703422e-04 1.259684824207135123e-01
3.505843334541124477e+03 1.259873028528605277e-01 4.688240390081317493e-04 1.255184788138523633e-01
3.509915161875086596e+03 1.254225436245728909e-01 4.666706097177660516e-04 1.249558730148551539e-01
3.513986989209048261e+03 1.247798204306997949e-01 4.641805217823457013e-04 1.243156399089174330e-01
3.518058816543009925e+03 1.240986054892738999e-01 4.616231205840195303e-04 1.236369823686898767e-01
3.522130643876972044e+03 1.234119109054617885e-01 4.592682533448881805e-04 1.229526426521168891e-01
3.526202471210933709e+03 1.227367695556636912e-01 4.573171496340633856e-04 1.222794524060296234e-01
3.530274298544895373e+03 1.220703505568545566e-01 4.558526294529617303e-04 1.216144979274016158e-01
3.534346125878857492e+03 1.213938025007555155e-01 4.548275976129965655e-04 1.209389749031425099e-01
3.538417953212819157e+03 1.206825157776963975e-01 4.540954525046671545e-04 1.202284203251917372e-01
3.542489780546780821e+03 1.199184582526190146e-01 4.534686563409332655e-04 1.194649895962780761e-01
3.546561607880742940e+03 1.190989451696788659e-01 4.527798192916810977e-04 1.186461653503872171e-01
3.550633435214704605e+03 1.182373585401020610e-01 4.519187486019522293e-04 1.177854397915001072e-01
3.554705262548666269e+03 1.173546205119891939e-01 4.508299437661964079e-04 1.169037905682229761e-01
3.558777089882628388e+03 1.164643886088848890e-01 4.494736728792765872e-04 1.160149149360056170e-01
3.562848917216590053e+03 1.155582433909840556e-01 4.477720797659354829e-04 1.151104713112181543e-01
3.566920744550551717e+03 1.145980739676459581e-01 4.455714123701785519e-04 1.141525025552757727e-01
3.570992571884513836e+03 1.135208041174814858e-01 4.426473685765625055e-04 1.130781567489049094e-01
3.575064399218475501e+03 1.122561129245697870e-01 4.387633692011005731e-04 1.118173495553686503e-01
3.579136226552437165e+03 1.107525075283981586e-01 4.337677355964165114e-04 1.103187397928017399e-01
3.583208053886399284e+03 1.090030747121846361e-01 4.276951164486496228e-04 1.085753795957360018e-01
3.587279881220360949e+03 1.070611882445610119e-01 4.208293149573733385e-04 1.066403589296036486e-01
3.591351708554322613e+03 1.050390291502997231e-01 4.136935769149080152e-04 1.046253355733848256e-01
3.595423535888284732e+03 1.030872536084989355e-01 4.069582515500551074e-04 1.026802953569488780e-01
3.599495363222246397e+03 1.013606251903717836e-01 4.012860522313594215e-04 1.009593391381404248e-01
3.603567190556208061e+03 9.997955128484056764e-02 3.971602909132879514e-04 9.958239099392729443e-02
3.607639017890170180e+03 9.899929071558163929e-02 3.947512528084054376e-04 9.860453946277325521e-02
3.611710845224131845e+03 9.839637425182901076e-02 3.938657547202660167e-04 9.800250849710873124e-02
3.615782672558093509e+03 9.807623745235319324e-02 3.939979733996034229e-04 9.768223947895357528e-02
3.619854499892055628e+03 9.789917275703377553e-02 3.944655428369886691e-04 9.750470721419680908e-02
3.623926327226017293e+03 9.771592642261789363e-02 3.945863241009997741e-04 9.732134009851689527e-02
3.627998154559978957e+03 9.740162524232347241e-02 3.938387703193659451e-04 9.700778647200411497e-02
3.632069981893941076e+03 9.687805922543279991e-02 3.919569075728096563e-04 9.648610231785997859e-02
3.636141809227902741e+03 9.611902944333949872e-02 3.889362200966258116e-04 9.573009322324287085e-02
3.640213636561864405e+03 9.513965152250482282e-02 3.849592877618547484e-04 9.475469223474297653e-02
3.644285463895826524e+03 9.397586870830407224e-02 3.802774745936397696e-04 9.359559123371041789e-02
3.648357291229788189e+03 9.266307557476827217e-02 3.750972582884139488e-04 9.228797831647986283e-02
3.652429118563749853e+03 9.122190297093898947e-02 3.695130608465729220e-04 9.085238991009242371e-02
3.656500945897711972e+03 8.965544568640999856e-02 3.635063132916953603e-04 8.929193937311830087e-02
3.660572773231673636e+03 8.795717481445784747e-02 3.570023741894771821e-04 8.760017244026839511e-02
3.664644600565635301e+03 8.612449372767828903e-02 3.499540975990195007e-04 8.577453963007927729e-02
3.668716427899597420e+03 8.417097249404195680e-02 3.424119429664661805e-04 8.382856055107550108e-02
3.672788255233559084e+03 8.213131304815574074e-02 3.345482545316353479e-04 8.179676479362410491e-02
3.676860082567520749e+03 8.005645422043845827e-02 3.266237341112242362e-04 7.972983048632724390e-02
3.680931909901482868e+03 7.800044284316352827e-02 3.189084302586909971e-04 7.768153441290484573e-02
3.685003737235444532e+03 7.600405299335823150e-02 3.115879428095353547e-04 7.569246505054869067e-02
3.689075564569406197e+03 7.408135697710116485e-02 3.046910424495226301e-04 7.377666593465165290e-02
3.693147391903368316e+03 7.221418619051551968e-02 2.980660344720766032e-04 7.191612015604342822e-02
3.697219219237329980e+03 7.035631388079233162e-02 2.914141842251909142e-04 7.006489969656716499e-02
3.701291046571291645e+03 6.844556971600618267e-02 2.843673080380419564e-04 6.816120240796813556e-02
3.705362873905253764e+03 6.641939340774882794e-02 2.765815085297953406e-04 6.614281189921904225e-02
3.709434701239215428e+03 6.422852513669619068e-02 2.678153647319855227e-04 6.396070977196420537e-02
3.713506528573177093e+03 6.184477627163521840e-02 2.579692249073193677e-04 6.158680704672792050e-02
3.717578355907139212e+03 5.926147142464706363e-02 2.470784661718646415e-04 5.901439295847520777e-02
3.721650183241100876e+03 5.648805240579303499e-02 2.352708482230914718e-04 5.625278155756992943e-02
3.725722010575062541e+03 5.354233146171971658e-02 2.227097425936804204e-04 5.331962171912602022e-02
3.729793837909024660e+03 5.044427179114625848e-02 2.095471591265139722e-04 5.023472463201975741e-02
3.733865665242986324e+03 4.721394742893643415e-02 1.959032414773294361e-04 4.701804418745909875e-02
3.737937492576947989e+03 4.387412386882708071e-02 1.818760016341795858e-04 4.369224786719293901e-02
3.742009319910910108e+03 4.045567799226326700e-02 1.675720720324579073e-04 4.028810592023081283e-02
3.746081147244871772e+03 3.700274341686966145e-02 1.531412250843178593e-04 3.684960219178533281e-02
3.750152974578833437e+03 3.357450719411248646e-02 1.387969781962663423e-04 3.343571021591622977e-02
3.754224801912795556e+03 3.024190110826179695e-02 1.248122092982399504e-04 3.011708889896354963e-02
3.758296629246757220e+03 2.707943678384789471e-02 1.114891479125269423e-04 2.696794763593535205e-02
3.762368456580718885e+03 2.415431346861461950e-02 9.911303909251368855e-05 2.405520042952211807e-02
3.766440283914681004e+03 2.151597207078047302e-02 8.790450964993160900e-05 2.142806756113054337e-02
3.770512111248642668e+03 1.918913806385505808e-02 7.798548432088762755e-05 1.911115257953419772e-02
3.774583938582604787e+03 1.717221307168101396e-02 6.936808491952328086e-05 1.710284498676148401e-02
3.778655765916566452e+03 1.544113955480057657e-02 6.196782619849857060e-05 1.537917172860207501e-02
3.782727593250528116e+03 1.395722787894858839e-02 5.563479539895437248e-05 1.390159308354962930e-02
3.786799420584490235e+03 1.267645071638205667e-02 5.019196154901336623e-05 1.262625875483304808e-02
3.790871247918451900e+03 1.155763519054302593e-02 4.546942536931347038e-05 1.151216576517372775e-02
3.794943075252413564e+03 1.056772671545108157e-02 4.132674588857790246e-05 1.052639996956251586e-02
3.799014902586375683e+03 9.683495186892029927e-03 3.766071270235184882e-05 9.645834474189689950e-03
3.803086729920337348e+03 8.890233738624964133e-03 3.440094633486520280e-05 8.855832792290092154e-03
3.807158557254299012e+03 8.178770577998970004e-03 3.149883697372809262e-05 8.147271741025245706e-03
3.811230384588261131e+03 7.542290374422857407e-03 2.891588902582899103e-05 7.513374485397020935e-03
3.815302211922222796e+03 6.974099023878240627e-03 2.661588791129387583e-05 6.947483135966964207e-03
3.819374039256184460e+03 6.466801030438501866e-03 2.456252326431815954e-05 6.442238507174201378e-03
3.823445866590146579e+03 6.012692795706545829e-03 2.272144759777282568e-05 5.989971348108790242e-03
3.827517693924108244e+03 5.604750664663109630e-03 2.106416507903854669e-05 5.583686499584076396e-03
3.831589521258069908e+03 5.237515107691759902e-03 1.957097912278209662e-05 5.217944128568982251e-03
3.835661348592032027e+03 4.907395450939265255e-03 1.823122787979452458e-05 4.889164223059476802e-03
3.839733175925993692e+03 4.612290244000411682e-03 1.704056917336193785e-05 4.595249674827051045e-03
3.843805003259955356e+03 4.350755842917945065e-03 1.599643784169432498e-05 4.334759405076280339e-03
3.847876830593917475e+03 4.121127039496828154e-03 1.509348975574972135e-05 4.106033549741082769e-03
3.851948657927879140e+03 3.920957566693484761e-03 1.432071495750483238e-05 3.906636851735992289e-03
3.856020485261840804e+03 3.746956654319247293e-03 1.366112796218022993e-05 3.733295526357073568e-03
3.860092312595802923e+03 3.595358349587152516e-03 1.309391161186590144e-05 3.582264437975308732e-03
3.864164139929764588e+03 3.462483929448541276e-03 1.259801727508127155e-05 3.449885912173477134e-03
3.868235967263726252e+03 3.345211945737650364e-03 1.215580340028273726e-05 3.333056142337380637e-03
3.872307794597688371e+03 3.241157482552771765e-03 1.175541979518907390e-05 3.229402062757597003e-03
3.876379621931650036e+03 3.148526867712015537e-03 1.139120932428135113e-05 3.137135658387735920e-03
3.880451449265611700e+03 3.065774304343597476e-03 1.106216002329653107e-05 3.054712144320322412e-03
3.884523276599573819e+03 2.991271698622688553e-03 1.076911998035864730e-05 2.980502578642355710e-03
3.888595103933535484e+03 2.923181433888782932e-03 1.051186346116188622e-05 2.912669570427635357e-03
3.892666931267497148e+03 2.859612257464388442e-03 1.028707013196392128e-05 2.849325187332442735e-03
3.896738758601459267e+03 2.798995948609289512e-03 1.008789122752297429e-05 2.788908057381779548e-03
3.900810585935420931e+03 2.740512430981789822e-03 9.905183381840685503e-06 2.730607247599964316e-03
3.904882413269382596e+03 2.684360561956621212e-03 9.729904528631670713e-06 2.674630657427996480e-03
3.908954240603344715e+03 2.631731118273398021e-03 9.555782164090507319e-06 2.622175336109320090e-03
3.913026067937306379e+03 2.584458930726445114e-03 9.381298763190114992e-06 2.575077631963266708e-03
3.917097895271268044e+03 2.544459883376426479e-03 9.210296295527123367e-06 2.535249587080899356e-03
3.921169722605230163e+03 2.513142058961145321e-03 9.050978438319111363e-06 2.504091080522833149e-03
3.925241549939191827e+03 2.490986677441011862e-03 8.913615404467552933e-06 2.482073062036547345e-03
3.929313377273153492e+03 2.477424999118653902e-03 8.807656567428028688e-06 2.468617342551233246e-03
3.933385204607115611e+03 2.471024056384064568e-03 8.739107927862189290e-06 2.462284948456215823e-03
3.937457031941077275e+03 2.469884446535758771e-03 8.708903299567589962e-06 2.461175543236198554e-03
3.941528859275038940e+03 2.472090006736688602e-03 8.712652706240747724e-06 2.463377354030462166e-03
3.945600686609001059e+03 2.476052644160300908e-03 8.741717346767534369e-06 2.467310926813535976e-03
3.949672513942962723e+03 2.480657998033283448e-03 8.785183154793718002e-06 2.471872814878503175e-03
3.953744341276924388e+03 2.485208127352914274e-03 8.832097420481254541e-06 2.476376029932439958e-03
3.957816168610886507e+03 2.489236913011756182e-03 8.873342023599066486e-06 2.480363570988157983e-03
3.961887995944848171e+03 2.492311718479509053e-03 8.902715407461004454e-06 2.483409003072049349e-03
3.965959823278809836e+03 2.493920755238085776e-03 8.917099453886311727e-06 2.485003655784204235e-03
3.970031650612771955e+03 2.493491769552640819e-03 8.915889004307633869e-06 2.484575880548334920e-03
3.974103477946733619e+03 2.490521438542970048e-03 8.900065397688620289e-06 2.481621373145298341e-03
3.978175305280695284e+03 2.484745618735402766e-03 8.871345796360435160e-06 2.475874272939052739e-03
3.982247132614657403e+03 2.476267150836802995e-03 8.831734897371632670e-06 2.467435415939437868e-03
3.986318959948619067e+03 2.465581739213493044e-03 8.783591649487269837e-06 2.456798147564010978e-03
3.990390787282580732e+03 2.453488914741321081e-03 8.730079594137466620e-06 2.444758835147192721e-03
3.994462614616542851e+03 2.440921746724733672e-03 8.675681408127060984e-06 2.432246065316615719e-03
3.998534441950504515e+03 2.428755993741428011e-03 8.626393306892989749e-06 2.420129600434545863e-03
