# wavenumber(cm^-1)  total O H
4.071827333961817175e+00 1.443053526533707998e-01 4.453547134057676132e-02 9.976988131279407312e-02
8.143654667923634349e+00 1.548381424054916522e-01 4.809958063764039476e-02 1.067385617678512644e-01
1.221548200188545152e+01 1.715023461191616805e-01 5.375609614280737331e-02 1.177462499763543696e-01
1.628730933584726870e+01 1.930489225886842797e-01 6.110336079916863644e-02 1.319455617895157196e-01
2.035913666980908587e+01 2.178954252406441194e-01 6.962594255456175385e-02 1.482694826860824211e-01
2.443096400377090305e+01 2.442750690108779765e-01 7.873891376366293215e-02 1.655361552472150721e-01
2.850279133773272022e+01 2.704029054967370671e-01 8.783959628993834312e-02 1.825633092067987795e-01
3.257461867169453740e+01 2.946401090505214593e-01 9.636137899473409818e-02 1.982787300557873889e-01
3.664644600565635812e+01 3.156359188487466994e-01 1.038229157450213797e-01 2.118130031037253058e-01
4.071827333961817175e+01 3.324288542926721046e-01 1.098659347241977280e-01 2.225629195684744599e-01
4.479010067357999247e+01 3.444947592346135901e-01 1.142763827540032723e-01 2.302183764806103594e-01
4.886192800754180610e+01 3.517381811149858928e-01 1.169865234367658963e-01 2.347516576782200382e-01
5.293375534150362682e+01 3.544336136149519589e-01 1.180592244979133676e-01 2.363743891170385913e-01
5.700558267546544045e+01 3.531317397217331733e-01 1.176590241909537121e-01 2.354727155307795583e-01
6.107741000942726117e+01 3.485507711067558079e-01 1.160167102568200048e-01 2.325340608499358586e-01
6.514923734338907479e+01 3.414730624202426124e-01 1.133944991382003636e-01 2.280785632820422903e-01
6.922106467735089552e+01 3.326625954166760879e-01 1.100574628208034894e-01 2.226051325958727234e-01
7.329289201131271625e+01 3.228112588575157704e-01 1.062541778410527049e-01 2.165570810164631210e-01
7.736471934527452277e+01 3.125135090656112058e-01 1.022065841407606701e-01 2.103069249248505357e-01
8.143654667923634349e+01 3.022624147551162266e-01 9.810668422481762241e-02 2.041557305302986181e-01
8.550837401319816422e+01 2.924569293925259883e-01 9.411662982943194700e-02 1.983402995630940691e-01
8.958020134715998495e+01 2.834108995456592339e-01 9.036908083301163630e-02 1.930418187126475560e-01
9.365202868112179146e+01 2.753579328595498477e-01 8.696612249191346122e-02 1.883918103676364419e-01
9.772385601508361219e+01 2.684510771082117553e-01 8.397680683914823807e-02 1.844742702690636005e-01
1.017956833490454329e+02 2.627603846206885696e-01 8.143480692325874570e-02 1.813255776974298794e-01
1.058675106830072536e+02 2.582734380702902399e-01 7.933822392168948801e-02 1.789352141486008074e-01
1.099393380169690602e+02 2.549033181312511109e-01 7.765313680365180937e-02 1.772501813275993987e-01
1.140111653509308809e+02 2.525058266590231026e-01 7.632129251442643092e-02 1.761845341445967272e-01
1.180829926848927016e+02 2.509042679714520441e-01 7.527091513905934117e-02 1.756333528323927029e-01
1.221548200188545223e+02 2.499171465446795304e-01 7.442851678005962812e-02 1.754886297646199578e-01
1.262266473528163289e+02 2.493828318174458603e-01 7.372920590592099699e-02 1.756536259115248910e-01
1.302984746867781496e+02 2.491759547838100219e-01 7.312340872060416053e-02 1.760525460632059169e-01
1.343703020207399561e+02 2.492126762132010620e-01 7.257895448056556065e-02 1.766337217326355291e-01
1.384421293547017910e+02 2.494451061828909244e-01 7.207874731577988692e-02 1.773663588671111346e-01
1.425139566886635976e+02 2.498479967268340540e-01 7.161534102013508707e-02 1.782326557066989392e-01
1.465857840226254325e+02 2.504025239277176129e-01 7.118434393707258334e-02 1.792181799906450712e-01
1.506576113565872390e+02 2.510821383494254433e-01 7.077859488995112691e-02 1.803035434594743580e-01
1.547294386905490455e+02 2.518442329941332214e-01 7.038455117001597705e-02 1.814596818241173415e-01
1.588012660245108805e+02 2.526292949664299958e-01 6.998153453945660241e-02 1.826477604269734212e-01
1.628730933584726870e+02 2.533669753947860315e-01 6.954365256531766515e-02 1.838233228294684218e-01
1.669449206924344935e+02 2.539867588257237463e-01 6.904356895480708023e-02 1.849431898709167077e-01
1.710167480263963284e+02 2.544300176488260568e-01 6.845696166318285258e-02 1.859730559856432597e-01
1.750885753603581350e+02 2.546602747570411718e-01 6.776650051133237262e-02 1.868937742457087992e-01
1.791604026943199699e+02 2.546692890692201505e-01 6.696443446992150772e-02 1.877048545992987261e-01
1.832322300282817764e+02 2.544777992787126131e-01 6.605329654570545050e-02 1.884245027330071764e-01
1.873040573622435829e+02 2.541310608095953549e-01 6.504469701700821282e-02 1.890863637925871144e-01
1.913758846962054179e+02 2.536904009970576968e-01 6.395658471476883822e-02 1.897338162822888585e-01
1.954477120301672244e+02 2.532227134433490123e-01 6.280963909775331977e-02 1.904130743455957064e-01
1.995195393641290309e+02 2.527900376417486217e-01 6.162357198554292703e-02 1.911664656562057085e-01
2.035913666980908658e+02 2.524411401316150605e-01 6.041405879934345913e-02 1.920270813322715875e-01
2.076631940320526724e+02 2.522064187102274202e-01 5.919081057529353845e-02 1.930156081349338471e-01
2.117350213660145073e+02 2.520966397534454839e-01 5.795699647485567235e-02 1.941396432785898463e-01
2.158068486999763138e+02 2.521051772924187695e-01 5.670990967380625664e-02 1.953952676186125337e-01
2.198786760339381203e+02 2.522127453989392865e-01 5.544251765874463889e-02 1.967702277401945921e-01
2.239505033678999553e+02 2.523932597097794384e-01 5.414541122130049622e-02 1.982478484884789283e-01
2.280223307018617618e+02 2.526195016834004714e-01 5.280868560491223940e-02 1.998108160784882736e-01
2.320941580358235683e+02 2.528676463063351254e-01 5.142342678735075528e-02 2.014442195189844187e-01
2.361659853697854032e+02 2.531202947025260608e-01 4.998267352469973335e-02 2.031376211778263274e-01
2.402378127037472098e+02 2.533682080707457818e-01 4.848190629511343885e-02 2.048863017756323845e-01
2.443096400377090447e+02 2.536112651386909778e-01 4.691921817363784580e-02 2.066920469650532222e-01
2.483814673716708512e+02 2.538591560946160119e-01 4.529532813524098783e-02 2.085638279593750588e-01
2.524532947056326577e+02 2.541320218219791371e-01 4.361352599207059255e-02 2.105184958299085862e-01
2.565251220395944642e+02 2.544608231807442555e-01 4.187954253474825139e-02 2.125812806459960458e-01
2.605969493735562992e+02 2.548869188847004419e-01 4.010127612244447637e-02 2.147856427622560349e-01
2.646687767075181341e+02 2.554603360536648604e-01 3.828831402044784171e-02 2.171720220332170881e-01
2.687406040414799122e+02 2.562365882133770811e-01 3.645126147712235420e-02 2.197853267362547547e-01
2.728124313754417472e+02 2.572725040358245230e-01 3.460099580244403727e-02 2.226715082333805551e-01
2.768842587094035821e+02 2.586221084650407454e-01 3.274804045243479012e-02 2.258740680126060385e-01
2.809560860433653602e+02 2.603338478243512055e-01 3.090225784803016240e-02 2.294315899763210709e-01
2.850279133773271951e+02 2.624501805341137861e-01 2.907297347104060778e-02 2.333772070630731610e-01
2.890997407112890301e+02 2.650097835603426044e-01 2.726949240992859735e-02 2.377402911504140626e-01
2.931715680452508650e+02 2.680515987277011791e-01 2.550180937316371549e-02 2.425497893545374983e-01
2.972433953792126431e+02 2.716190560608126581e-01 2.378120931060465765e-02 2.478378467502080351e-01
3.013152227131744780e+02 2.757624478516155220e-01 2.212045476566038005e-02 2.536419930859551974e-01
3.053870500471363130e+02 2.805377973147427650e-01 2.053336626799745143e-02 2.600044310467454212e-01
3.094588773810980911e+02 2.860016024865444373e-01 1.903378936677743369e-02 2.669678131197669724e-01
3.135307047150599260e+02 2.922022044045154976e-01 1.763414255695623309e-02 2.745680618475592749e-01
3.176025320490217609e+02 2.991697485429595238e-01 1.634388524595920683e-02 2.828258632970003239e-01
3.216743593829835390e+02 3.069073432190898565e-01 1.516828527564832718e-02 2.917390579434415709e-01
3.257461867169453740e+02 3.153858482273830255e-01 1.410779003656606988e-02 3.012780581908170996e-01
3.298180140509072089e+02 3.245438308996332344e-01 1.315814236071249574e-02 3.113856885389207352e-01
3.338898413848689870e+02 3.342929397873543040e-01 1.231118802675441534e-02 3.219817517605998991e-01
3.379616687188308219e+02 3.445277070952398324e-01 1.155615772482909351e-02 3.329715493704107354e-01
3.420334960527926569e+02 3.551379561951604757e-01 1.088111886593900665e-02 3.442568373292214656e-01
3.461053233867544918e+02 3.660216988621912138e-01 1.027429815755831130e-02 3.557474007046328435e-01
3.501771507207162699e+02 3.770965592702266722e-01 9.725059248556336411e-03 3.673715000216704052e-01
3.542489780546781049e+02 3.883081216148216996e-01 9.224443590209793070e-03 3.790836780246119586e-01
3.583208053886399398e+02 3.996339561898625825e-01 8.765303238370427893e-03 3.908686529514922015e-01
3.623926327226017179e+02 4.110823905590197391e-01 8.342137266536963844e-03 4.027402532924828082e-01
3.664644600565635528e+02 4.226855073546610941e-01 7.950773597202724294e-03 4.147347337574583959e-01
3.705362873905253878e+02 4.344866029566184507e-01 7.588020711132847929e-03 4.268985822454857137e-01
3.746081147244871659e+02 4.465235554984242627e-01 7.251368397052084143e-03 4.392721871013722246e-01
3.786799420584490008e+02 4.588110593407691562e-01 6.938767021265673449e-03 4.518722923195033769e-01
3.827517693924108357e+02 4.713259806571095112e-01 6.648478790162592675e-03 4.646775018669468404e-01
3.868235967263726138e+02 4.840004766164492378e-01 6.378979368901277480e-03 4.776214972475479326e-01
3.908954240603344488e+02 4.967264163537116195e-01 6.128890510171385725e-03 4.905975258435401609e-01
3.949672513942962837e+02 5.093719261057780834e-01 5.896934285134110276e-03 5.034749918206439245e-01
3.990390787282580618e+02 5.218071119860632212e-01 5.681907190116883104e-03 5.161252047959462574e-01
4.031109060622198967e+02 5.339323714292596446e-01 5.482672602463461997e-03 5.284496988267962658e-01
4.071827333961817317e+02 5.457006272622095810e-01 5.298163890306310277e-03 5.404024633719032300e-01
4.112545607301435666e+02 5.571254433659371674e-01 5.127383645281188840e-03 5.519980597206559647e-01
4.153263880641053447e+02 5.682705982782880749e-01 4.969383434228878509e-03 5.633012148440592615e-01
4.193982153980671796e+02 5.792224650329019786e-01 4.823216427536547793e-03 5.743992486053655089e-01
4.234700427320290146e+02 5.900526531872417602e-01 4.687870334012033541e-03 5.853647828532297925e-01
4.275418700659907927e+02 6.007825903403605228e-01 4.562203819995914837e-03 5.962203865203645758e-01
4.316136973999526276e+02 6.113622552325259640e-01 4.444918050904815045e-03 6.069173371816212192e-01
4.356855247339144626e+02 6.216715046570160386e-01 4.334590515584450278e-03 6.173369141414315475e-01
4.397573520678762407e+02 6.315453018855594625e-01 4.229780460553738200e-03 6.273155214250056844e-01
4.438291794018380756e+02 6.408159512594059359e-01 4.129189566324001706e-03 6.366867616930818041e-01
4.479010067357999105e+02 6.493590703841675138e-01 4.031837447248243569e-03 6.453272329369192928e-01
4.519728340697616886e+02 6.571279353893035857e-01 3.937198962349305539e-03 6.531907364269542438e-01
4.560446614037235236e+02 6.641640531986379159e-01 3.845255317681651932e-03 6.603187978809563763e-01
4.601164887376853585e+02 6.705794923416874553e-01 3.756433327113361566e-03 6.668230590145739489e-01
4.641883160716471366e+02 6.765161040305249784e-01 3.671440240663391332e-03 6.728446637898615190e-01
4.682601434056089715e+02 6.820949310166180002e-01 3.591034274405146502e-03 6.785038967422127865e-01
4.723319707395708065e+02 6.873728642344456574e-01 3.515792121381846637e-03 6.838570721130639019e-01
4.764037980735326414e+02 6.923214939397309697e-01 3.445936819411620725e-03 6.888755571203193373e-01
4.804756254074944195e+02 6.968357203600122896e-01 3.381271411129211334e-03 6.934544489488831953e-01
4.845474527414562544e+02 7.007695509698008696e-01 3.321231679359301463e-03 6.974483192904417095e-01
4.886192800754180894e+02 7.039871520551720385e-01 3.265035426341948623e-03 7.007221166288298830e-01
4.926911074093798675e+02 7.064119298951203607e-01 3.211877874269229195e-03 7.032000520208510075e-01
4.967629347433417024e+02 7.080570488255739647e-01 3.161111492972977412e-03 7.048959373326010303e-01
5.008347620773035374e+02 7.090271116643194205e-01 3.112356923467477117e-03 7.059147547408517465e-01
5.049065894112653154e+02 7.094904989866798184e-01 3.065516237851854866e-03 7.064249827488280342e-01
5.089784167452271504e+02 7.096316767483470400e-01 3.020692099620361174e-03 7.066109846487267365e-01
5.130502440791889285e+02 7.095992750254487280e-01 2.978045945273798817e-03 7.066212290801747731e-01
5.171220714131508203e+02 7.094667823185208944e-01 2.937645971895293424e-03 7.065291363466256191e-01
5.211938987471125984e+02 7.092180982072242568e-01 2.899356543698292620e-03 7.063187416635261506e-01
5.252657260810743765e+02 7.087616907103392316e-01 2.862805166030314014e-03 7.058988855443087962e-01
5.293375534150362682e+02 7.079677196064604328e-01 2.827436969063007368e-03 7.051402826373973642e-01
5.334093807489980463e+02 7.067153837432327279e-01 2.792638284818563764e-03 7.039227454584141563e-01
5.374812080829598244e+02 7.049351674937479606e-01 2.757889254354123614e-03 7.021772782393937984e-01
5.415530354169217162e+02 7.026331921834566563e-01 2.722896916179764256e-03 6.999102952672767719e-01
5.456248627508834943e+02 6.998913681128449138e-01 2.687667096194403058e-03 6.972037010166504123e-01
5.496966900848452724e+02 6.968450954574849643e-01 2.652493073698221696e-03 6.941926023837867721e-01
5.537685174188071642e+02 6.936471359429500216e-01 2.617865018909840309e-03 6.910292709240402065e-01
5.578403447527689423e+02 6.904298321522160942e-01 2.584328354528520142e-03 6.878455037976876074e-01
5.619121720867307204e+02 6.872772186407811734e-01 2.552333996506350039e-03 6.847248846442746117e-01
5.659839994206926121e+02 6.842143321565701264e-01 2.522124438788878216e-03 6.816922077177812733e-01
5.700558267546543902e+02 6.812148979403609417e-01 2.493686850020041500e-03 6.787212110903407813e-01
5.741276540886162820e+02 6.782227083656814370e-01 2.466782148627332059e-03 6.757559262170540482e-01
5.781994814225780601e+02 6.751782729257315152e-01 2.441034804794096295e-03 6.727372381209374419e-01
5.822713087565398382e+02 6.720416693335776737e-01 2.416049834251348966e-03 6.696256194993264188e-01
5.863431360905017300e+02 6.688048192266379255e-01 2.391516966307217183e-03 6.664133022603306866e-01
5.904149634244635081e+02 6.654905696300058571e-01 2.367269095899950278e-03 6.631233005341058417e-01
5.944867907584252862e+02 6.621404371374761677e-01 2.343280019372583067e-03 6.597971571181034944e-01
5.985586180923871780e+02 6.587962186657561059e-01 2.319608623867370437e-03 6.564766100418887307e-01
6.026304454263489561e+02 6.554820011622221054e-01 2.296315338765274241e-03 6.531856858234567076e-01
6.067022727603107342e+02 6.521922897916632156e-01 2.273385393078328730e-03 6.499189043985849068e-01
6.107741000942726259e+02 6.488895844220727849e-01 2.250689549916686134e-03 6.466388948721559782e-01
6.148459274282344040e+02 6.455117219258769135e-01 2.227998332877581967e-03 6.432837235929993458e-01
6.189177547621961821e+02 6.419866321745001381e-01 2.205045873857812595e-03 6.397815863006423021e-01
6.229895820961580739e+02 6.382504932782596674e-01 2.181621551394145094e-03 6.360688717268655479e-01
6.270614094301198520e+02 6.342648373306627452e-01 2.157657684637836332e-03 6.321071796460248082e-01
6.311332367640816301e+02 6.300287748676602906e-01 2.133282696266450978e-03 6.278954921713938431e-01
6.352050640980435219e+02 6.255837793647799350e-01 2.108820376506382460e-03 6.234749589882735421e-01
6.392768914320053000e+02 6.210099986067726396e-01 2.084732869470740796e-03 6.189252657373021105e-01
6.433487187659670781e+02 6.164145662944375825e-01 2.061521932276524395e-03 6.143530443621610937e-01
6.474205460999289699e+02 6.119137563955246994e-01 2.039614670277660555e-03 6.098741417252470098e-01
6.514923734338907479e+02 6.076120042653195830e-01 2.019263381736185504e-03 6.055927408835835024e-01
6.555642007678525260e+02 6.035817104087578544e-01 2.000484295475998126e-03 6.015812261132816863e-01
6.596360281018144178e+02 5.998481235648462917e-01 1.983049203274215352e-03 5.978650743615719909e-01
6.637078554357761959e+02 5.963831727226946988e-01 1.966530822392052649e-03 5.944166419003026336e-01
6.677796827697379740e+02 5.931106624794578730e-01 1.950390603418931338e-03 5.911602718760389230e-01
6.718515101036998658e+02 5.899228106715410647e-01 1.934089041112099132e-03 5.879887216304290343e-01
6.759233374376616439e+02 5.867051329491146383e-01 1.917194501278022449e-03 5.847879384478366083e-01
6.799951647716234220e+02 5.833639691010098494e-01 1.899467291190015629e-03 5.814645018098199003e-01
6.840669921055853138e+02 5.798494471428414787e-01 1.880900742557181995e-03 5.779685464002841666e-01
6.881388194395470919e+02 5.761671375757828617e-01 1.861709681965509691e-03 5.743054278938174440e-01
6.922106467735089836e+02 5.723742603257333528e-01 1.842267681454420967e-03 5.705319926442788958e-01
6.962824741074707617e+02 5.685605362529317919e-01 1.823006149594460362e-03 5.667375301033372725e-01
7.003543014414325398e+02 5.648184325666864014e-01 1.804298205987514992e-03 5.630141343606990256e-01
7.044261287753944316e+02 5.612111374990549351e-01 1.786355636198837206e-03 5.594247818628561575e-01
7.084979561093562097e+02 5.577478214019820912e-01 1.769165825083074840e-03 5.559786555768988503e-01
7.125697834433179878e+02 5.543740069660884062e-01 1.752486719586430304e-03 5.526215202465019072e-01
7.166416107772798796e+02 5.509805646556287240e-01 1.735903126271900934e-03 5.492446615293568035e-01
7.207134381112416577e+02 5.474292620528833364e-01 1.718930761176355043e-03 5.457103312917068738e-01
7.247852654452034358e+02 5.435877154495702968e-01 1.701140450177614661e-03 5.418865749993927450e-01
7.288570927791653276e+02 5.393636891249702359e-01 1.682268355380883360e-03 5.376814207695892467e-01
7.329289201131271057e+02 5.347289230438776464e-01 1.662281603594363989e-03 5.330666414402832620e-01
7.370007474470888837e+02 5.297259481212296395e-01 1.641381539925237248e-03 5.280845665813043155e-01
7.410725747810507755e+02 5.244565531069512732e-01 1.619945169044032266e-03 5.228366079379072051e-01
7.451444021150125536e+02 5.190559639504229716e-01 1.598423372050730359e-03 5.174575405783722326e-01
7.492162294489743317e+02 5.136606523244060529e-01 1.577226438752061307e-03 5.120834258856538090e-01
7.532880567829362235e+02 5.083788745736452785e-01 1.556629644324903023e-03 5.068222449293202647e-01
7.573598841168980016e+02 5.032713872642531339e-01 1.536723676173613233e-03 5.017346635880796102e-01
7.614317114508597797e+02 4.983460779423786180e-01 1.517419708520833686e-03 4.968286582338578006e-01
7.655035387848216715e+02 4.935658825225354707e-01 1.498502049736463292e-03 4.920673804727989653e-01
7.695753661187834496e+02 4.888657912869519007e-01 1.479708047300629060e-03 4.873860832396512133e-01
7.736471934527452277e+02 4.841729805209135096e-01 1.460809196718377027e-03 4.827121713241950829e-01
7.777190207867071194e+02 4.794244052782645760e-01 1.441670217457233791e-03 4.779827350608073511e-01
7.817908481206688975e+02 4.745780745267074718e-01 1.422272378174435810e-03 4.731558021485330334e-01
7.858626754546306756e+02 4.696167763406658979e-01 1.402699755132838511e-03 4.682140765855329900e-01
7.899345027885925674e+02 4.645452649644472021e-01 1.383098127958764601e-03 4.631621668364885314e-01
7.940063301225543455e+02 4.593832282458296667e-01 1.363622637118602548e-03 4.580196056087110779e-01
7.980781574565161236e+02 4.541565898025499703e-01 1.344390897223701796e-03 4.528121989053260910e-01
8.021499847904780154e+02 4.488891731707260746e-01 1.325453802858422197e-03 4.475637193678676518e-01
8.062218121244397935e+02 4.435959781218839493e-01 1.306789051506548850e-03 4.422891890703773976e-01
8.102936394584015716e+02 4.382787276187016801e-01 1.288315150641637565e-03 4.369904124680600299e-01
8.143654667923634634e+02 4.329240996539888142e-01 1.269918547043863855e-03 4.316541811069449786e-01
8.184372941263252415e+02 4.275050228365294691e-01 1.251484557699638180e-03 4.262535382788297800e-01
8.225091214602871332e+02 4.219852834368774674e-01 1.232923815816907220e-03 4.207523596210604455e-01
8.265809487942490250e+02 4.163272097727190868e-01 1.214188919977289820e-03 4.151130208527417653e-01
8.306527761282106894e+02 4.105013437291516465e-01 1.195279519601200220e-03 4.093060642095504020e-01
8.347246034621726949e+02 4.044960415200146153e-01 1.176237026785961152e-03 4.033198044932285731e-01
8.387964307961343593e+02 3.983243149323031362e-01 1.157131887165091435e-03 3.971671830451380392e-01
8.428682581300961374e+02 3.920253552220287485e-01 1.138046834492879075e-03 3.908873083875358256e-01
8.469400854640580292e+02 3.856592558358161726e-01 1.119059187320390041e-03 3.845401966484957024e-01
8.510119127980199210e+02 3.792952772166350850e-01 1.100224570926702956e-03 3.781950526457083517e-01
8.550837401319815854e+02 3.729960436241713806e-01 1.081563907392734964e-03 3.719144797167786565e-01
8.591555674659433635e+02 3.668016295690048612e-01 1.063055281517137326e-03 3.657385742874877388e-01
8.632273947999052552e+02 3.607179781224091886e-01 1.044632224854514764e-03 3.596733458975546194e-01
8.672992221338670333e+02 3.547132231609768649e-01 1.026189722888337565e-03 3.536870334380884939e-01
8.713710494678289251e+02 3.487234438041487694e-01 1.007598481596061381e-03 3.477158453225526746e-01
8.754428768017908169e+02 3.426667527592576201e-01 9.887265214894799554e-04 3.416780262377680510e-01
8.795147041357524813e+02 3.364622190230545096e-01 9.694651754277496675e-04 3.354927538476267790e-01
8.835865314697144868e+02 3.300487039414886636e-01 9.497545948174231003e-04 3.290989493466712767e-01
8.876583588036761512e+02 3.233986971219964812e-01 9.296026900421324509e-04 3.224690944319542618e-01
8.917301861376379293e+02 3.165236723679761832e-01 9.090917685286997729e-04 3.156145805994474141e-01
8.958020134715998211e+02 3.094698947667559041e-01 8.883693320641872010e-04 3.085815254346916392e-01
8.998738408055617128e+02 3.023062544110811101e-01 8.676232704055014677e-04 3.014386311406755392e-01
9.039456681395233772e+02 2.951077831277350016e-01 8.470460899755730610e-04 2.942607370377593456e-01
9.080174954734851553e+02 2.879394300007421803e-01 8.267964588120341315e-04 2.871126335419301734e-01
9.120893228074470471e+02 2.808442112441460470e-01 8.069678721834762803e-04 2.800372433719625631e-01
9.161611501414088252e+02 2.738382274171975439e-01 7.875728485361695522e-04 2.730506545686613440e-01
9.202329774753707170e+02 2.669128254299743541e-01 7.685469094774542275e-04 2.661442785204969352e-01
9.243048048093326088e+02 2.600421028449911853e-01 7.497708594855084525e-04 2.592923319855056086e-01
9.283766321432942732e+02 2.531926562926852808e-01 7.311044272909534864e-04 2.524615518653943180e-01
9.324484594772562787e+02 2.463323243502055226e-01 7.124210671752154514e-04 2.456199032830303219e-01
9.365202868112179431e+02 2.394356282052251816e-01 6.936338628128742387e-04 2.387419943424122226e-01
9.405921141451797212e+02 2.324852546863092617e-01 6.747060437995326459e-04 2.318105486425097728e-01
9.446639414791416129e+02 2.254706145335361733e-01 6.556453532959962468e-04 2.248149691802401873e-01
9.487357688131035047e+02 2.183856073777146745e-01 6.364872835085587854e-04 2.177491200942061056e-01
9.528075961470652828e+02 2.112278313539349972e-01 6.172758538439499995e-04 2.106105555000910012e-01
9.568794234810269472e+02 2.040005698056813477e-01 5.980507620346596932e-04 2.034025190436466735e-01
9.609512508149888390e+02 1.967173438133707764e-01 5.788463597450416382e-04 1.961384974536257153e-01
9.650230781489506171e+02 1.894072690217004917e-01 5.597023502677732571e-04 1.888475666714326540e-01
9.690949054829125089e+02 1.821185516320159847e-01 5.406806106101832727e-04 1.815778710214057956e-01
9.731667328168744007e+02 1.749176237464511452e-01 5.218793350859963261e-04 1.743957444113651556e-01
9.772385601508361788e+02 1.678826711386366966e-01 5.034361224221801500e-04 1.673792350162144893e-01
9.813103874847980705e+02 1.610922382496214056e-01 4.855155890328829646e-04 1.606067226605885079e-01
9.853822148187597350e+02 1.546115097234176672e-01 4.682830851531944480e-04 1.541432266382644634e-01
9.894540421527215130e+02 1.484800373609705404e-01 4.518717949878608173e-04 1.480281655659826667e-01
9.935258694866834048e+02 1.427046226702745058e-01 4.363536862457012165e-04 1.422682689840288062e-01
9.975976968206452966e+02 1.372597299090554390e-01 4.217241720323980955e-04 1.368380057370230385e-01
1.001669524154607075e+03 1.320956088933878947e-01 4.079061412692765306e-04 1.316877027521186072e-01
1.005741351488568739e+03 1.271519860804583291e-01 3.947727438413457172e-04 1.267572133366169918e-01
1.009813178822530631e+03 1.223735239344649200e-01 3.821822680023069323e-04 1.219913416664626382e-01
1.013885006156492409e+03 1.177228056001103917e-01 3.700147622525546938e-04 1.173527908378578510e-01
1.017956833490454301e+03 1.131874966761328982e-01 3.581999326137982713e-04 1.128292967435191585e-01
1.022028660824416193e+03 1.087802258106485426e-01 3.467291444854719742e-04 1.084334966661631150e-01
1.026100488158377857e+03 1.045319419152205276e-01 3.356497169277661069e-04 1.041962921982928086e-01
1.030172315492339749e+03 1.004813055590155491e-01 3.250451271219204552e-04 1.001562604318936983e-01
1.034244142826301641e+03 9.666350718356492289e-02 3.150084080383307476e-04 9.634849877552663366e-02
1.038315970160263305e+03 9.310160138324422019e-02 3.056169033091273501e-04 9.279598447993514521e-02
1.042387797494225197e+03 8.980223597328111651e-02 2.969147293299675776e-04 8.950532124395113587e-02
1.046459624828187088e+03 8.675605267648026087e-02 2.889058234065706825e-04 8.646714685307373138e-02
1.050531452162148753e+03 8.394162855248740729e-02 2.815568050091110468e-04 8.366007174747833175e-02
1.054603279496110645e+03 8.133105019934289137e-02 2.748063396358685806e-04 8.105624385970704171e-02
1.058675106830072536e+03 7.889521437684790528e-02 2.685769128128868261e-04 7.862663746403504572e-02
1.062746934164034201e+03 7.660757461594529250e-02 2.627857368333862695e-04 7.634478887911194667e-02
1.066818761497996093e+03 7.444594922814325166e-02 2.573531677780875257e-04 7.418859606036519450e-02
1.070890588831957984e+03 7.239278327376666433e-02 2.522085726931122475e-04 7.214057470107355929e-02
1.074962416165919649e+03 7.043464823164148625e-02 2.472943862823830954e-04 7.018735384535909616e-02
1.079034243499881541e+03 6.856170734060633432e-02 2.425689834448077392e-04 6.831913835716155181e-02
1.083106070833843432e+03 6.676750629568463380e-02 2.380083236031066613e-04 6.652949797208154714e-02
1.087177898167805097e+03 6.504900884560052554e-02 2.336057019900923681e-04 6.481540314361045052e-02
1.091249725501766989e+03 6.340651175172670739e-02 2.293688823509130136e-04 6.317714286937582691e-02
1.095321552835728880e+03 6.184306036084873115e-02 2.253145297614061343e-04 6.161774583108734632e-02
1.099393380169690545e+03 6.036321646941329722e-02 2.214609254348078710e-04 6.014175554397851314e-02
1.103465207503652437e+03 5.897136395899540279e-02 2.178208692769630723e-04 5.875354308971843936e-02
1.107537034837614328e+03 5.767000049463079370e-02 2.143969249671460607e-04 5.745560356966367133e-02
1.111608862171575993e+03 5.645853000723695392e-02 2.111805051604158791e-04 5.624734950207652823e-02
1.115680689505537885e+03 5.533291562302987410e-02 2.081549345915219837e-04 5.512476068843839838e-02
1.119752516839499776e+03 5.428625230046846273e-02 2.053011227290334163e-04 5.408095117773940863e-02
1.123824344173461441e+03 5.331000635123641501e-02 2.026034803676913555e-04 5.310740287086873623e-02
1.127896171507423333e+03 5.239547248810640795e-02 2.000536761809090390e-04 5.219541881192553412e-02
1.131967998841385224e+03 5.153498500554828249e-02 1.976507837631155044e-04 5.133733422178515804e-02
1.136039826175347116e+03 5.072257324457681016e-02 1.953979148895185138e-04 5.052717532968731273e-02
1.140111653509308780e+03 4.995399192152784329e-02 1.932969106228462264e-04 4.976069501090503444e-02
1.144183480843270672e+03 4.922627975861144228e-02 1.913434438818455467e-04 4.903493631472962550e-02
1.148255308177232564e+03 4.853712345458189442e-02 1.895246594247399342e-04 4.834759879515715397e-02
1.152327135511194228e+03 4.788429984253875227e-02 1.878203644814709929e-04 4.769647947805731591e-02
1.156398962845156120e+03 4.726536512566933274e-02 1.862072845689930725e-04 4.707915784110035945e-02
1.160470790179118012e+03 4.667761973674731946e-02 1.846646598736294991e-04 4.649295507687369045e-02
1.164542617513079676e+03 4.611826629232681357e-02 1.831789860797758168e-04 4.593508730624704800e-02
1.168614444847041568e+03 4.558463548835579859e-02 1.817461578273401094e-04 4.540288933052850223e-02
1.172686272181003460e+03 4.507438084972073544e-02 1.803704104766784002e-04 4.489401043924404200e-02
1.176758099514965124e+03 4.458560625677928518e-02 1.790607586039140984e-04 4.440654549817543012e-02
1.180829926848927016e+03 4.411694685710808306e-02 1.778265422071196038e-04 4.393912031490097153e-02
1.184901754182888908e+03 4.366764237574351920e-02 1.766738612997880223e-04 4.349096851444372858e-02
1.188973581516850572e+03 4.323761581630908291e-02 1.756040943639571809e-04 4.306201172194511900e-02
1.193045408850812464e+03 4.282752025679722324e-02 1.746146666104046990e-04 4.265290559018684174e-02
1.197117236184774356e+03 4.243867611797692146e-02 1.737012375251833151e-04 4.226497488045174306e-02
1.201189063518736020e+03 4.207282106306929614e-02 1.728599413316967879e-04 4.189996112173759862e-02
1.205260890852697912e+03 4.173164527424712278e-02 1.720884369753249393e-04 4.155955683727178412e-02
1.209332718186659804e+03 4.141617164305956555e-02 1.713852068497129493e-04 4.124478643620983070e-02
1.213404545520621468e+03 4.112612919562426417e-02 1.707474528788996209e-04 4.095538174274536425e-02
1.217476372854583360e+03 4.085951929743938948e-02 1.701686658107300911e-04 4.068935063162867211e-02
1.221548200188545252e+03 4.061255953962422671e-02 1.696371804264951849e-04 4.044292235919773326e-02
1.225620027522506916e+03 4.038010478230579653e-02 1.691366886273305207e-04 4.021096809367844666e-02
1.229691854856468808e+03 4.015651023261017361e-02 1.686489174137027064e-04 3.998786131519647957e-02
1.233763682190430700e+03 3.993675903515161996e-02 1.681578047067725130e-04 3.976860123044482359e-02
1.237835509524392364e+03 3.971757386909815363e-02 1.676538645011381586e-04 3.954992000459702645e-02
1.241907336858354256e+03 3.949820555600917771e-02 1.671372608594808083e-04 3.933106829514968622e-02
1.245979164192316148e+03 3.928065601294335185e-02 1.666184617512442788e-04 3.911403755119209624e-02
1.250050991526277812e+03 3.906923436419755535e-02 1.661160869495978648e-04 3.890311827724794724e-02
1.254122818860239704e+03 3.886952553552275313e-02 1.656524436124538649e-04 3.870387309191025693e-02
1.258194646194201596e+03 3.868701866776301512e-02 1.652479742195319627e-04 3.852177069354346950e-02
1.262266473528163260e+03 3.852574834275128424e-02 1.649162012136384478e-04 3.836083214153765408e-02
1.266338300862125152e+03 3.838731143905328713e-02 1.646606391129226449e-04 3.822265079994037473e-02
1.270410128196087044e+03 3.827052954783127098e-02 1.644745953994484512e-04 3.810605495243182816e-02
1.274481955530048708e+03 3.817185385313269508e-02 1.643439535395298961e-04 3.800750989959315873e-02
1.278553782864010600e+03 3.808640287371153899e-02 1.642521571405861460e-04 3.792215071657094316e-02
1.282625610197972492e+03 3.800934185210190497e-02 1.641859410781749289e-04 3.784515591102373400e-02
1.286697437531934156e+03 3.793720968731961740e-02 1.641400840342690289e-04 3.777306960328537244e-02
1.290769264865896048e+03 3.786880851512577223e-02 1.641196856462725649e-04 3.770468882947950601e-02
1.294841092199857940e+03 3.780539423763083079e-02 1.641391609098838823e-04 3.764125507672098220e-02
1.298912919533819604e+03 3.775011133182216982e-02 1.642181146409742230e-04 3.758589321718124043e-02
1.302984746867781496e+03 3.770684336652040114e-02 1.643752283826246854e-04 3.754246813813779532e-02
1.307056574201743388e+03 3.767883273880893308e-02 1.646219566683479961e-04 3.751421078214062232e-02
1.311128401535705052e+03 3.766750073681986166e-02 1.649579595127100896e-04 3.750254277730719066e-02
1.315200228869666944e+03 3.767184373726042285e-02 1.653697245729412600e-04 3.750647401268750875e-02
1.319272056203628836e+03 3.768860612136275268e-02 1.658328859330760667e-04 3.752277323542971971e-02
1.323343883537590500e+03 3.771318813870850467e-02 1.663176255465716549e-04 3.754687051316193958e-02
1.327415710871552392e+03 3.774101480610554671e-02 1.667956182344706886e-04 3.757421918787107878e-02
1.331487538205514284e+03 3.776894684123297680e-02 1.672465622693869382e-04 3.760170027896360401e-02
1.335559365539475948e+03 3.779630621477951535e-02 1.676625595107764772e-04 3.762864365526873145e-02
1.339631192873437840e+03 3.782522080068928538e-02 1.680493768915406849e-04 3.765717142379775006e-02
1.343703020207399732e+03 3.786021937679188987e-02 1.684246447617940843e-04 3.769179473203012470e-02
1.347774847541361396e+03 3.790725029705863808e-02 1.688139535464264413e-04 3.773843634351224663e-02
1.351846674875323288e+03 3.797246926594020910e-02 1.692462862422937689e-04 3.780322297969791745e-02
1.355918502209285180e+03 3.806118461821006438e-02 1.697501392459799057e-04 3.789143447896409223e-02
1.359990329543246844e+03 3.817725194377706577e-02 1.703511316717978234e-04 3.800690081210527510e-02
1.364062156877208736e+03 3.832301633354378428e-02 1.710711534603704038e-04 3.815194518008342695e-02
1.368133984211170628e+03 3.849968866401275169e-02 1.719284807282386407e-04 3.832776018328455658e-02
1.372205811545132292e+03 3.870789553436550234e-02 1.729380356602542939e-04 3.853495749870524539e-02
1.376277638879094184e+03 3.894811508805512412e-02 1.741111506245173488e-04 3.877400393743062057e-02
1.380349466213056076e+03 3.922080665088618912e-02 1.754546802937967094e-04 3.904535197059240403e-02
1.384421293547017967e+03 3.952621336054360640e-02 1.769698358135985816e-04 3.934924352473003623e-02
1.388493120880979632e+03 3.986398616006552043e-02 1.786514337405150971e-04 3.968533472632503056e-02
1.392564948214941523e+03 4.023287081211469191e-02 1.804882155712078814e-04 4.005238259654348570e-02
1.396636775548903415e+03 4.063067853010911973e-02 1.824645290550184833e-04 4.044821400105409748e-02
1.400708602882865080e+03 4.105463818333356107e-02 1.845631466752344053e-04 4.087007503665831404e-02
1.404780430216826971e+03 4.150206075893351360e-02 1.867685651226563240e-04 4.131529219381085971e-02
1.408852257550788863e+03 4.197110957283890775e-02 1.890699652418709848e-04 4.178203960759706292e-02
1.412924084884750528e+03 4.246142149446240077e-02 1.914631656320171685e-04 4.226995832883040372e-02
1.416995912218712419e+03 4.297438273378938189e-02 1.939512811865586972e-04 4.278043145260286562e-02
1.421067739552674311e+03 4.351299776032844374e-02 1.965442189915342917e-04 4.331645354133693143e-02
1.425139566886635976e+03 4.408144025296417690e-02 1.992574329024574453e-04 4.388218282006171866e-02
1.429211394220597867e+03 4.468447685726929797e-02 2.021104277966100679e-04 4.448236642947269587e-02
1.433283221554559759e+03 4.532697063668010562e-02 2.051253862129690886e-04 4.512184525046718242e-02
1.437355048888521424e+03 4.601360532319319352e-02 2.083260992176417766e-04 4.580527922397557850e-02
1.441426876222483315e+03 4.674886332323542615e-02 2.117372433526176886e-04 4.653712607988282762e-02
1.445498703556445207e+03 4.753719307494837926e-02 2.153840143700493093e-04 4.732180906057836811e-02
1.449570530890406872e+03 4.838325489417754505e-02 2.192921693318094253e-04 4.816396272484578522e-02
1.453642358224368763e+03 4.929214816275011291e-02 2.234885423004519798e-04 4.906865962044969220e-02
1.457714185558330655e+03 5.026957459731947603e-02 2.280019986753634089e-04 5.004157259864411289e-02
1.461786012892292320e+03 5.132194505091758341e-02 2.328645783779084450e-04 5.108908047253971768e-02
1.465857840226254211e+03 5.245646090582208043e-02 2.381123570813045882e-04 5.221834854874076587e-02
1.469929667560216103e+03 5.368118962514005499e-02 2.437854973508732652e-04 5.343740412778923143e-02
1.474001494894177767e+03 5.500512652798907054e-02 2.499271975810459195e-04 5.475519933040805254e-02
1.478073322228139659e+03 5.643822089717039081e-02 2.565817639143920048e-04 5.618163913325604358e-02
1.482145149562101551e+03 5.799136271158435163e-02 2.637926358075180690e-04 5.772757007577683508e-02
1.486216976896063215e+03 5.967636927427342336e-02 2.716015757480337795e-04 5.940476769852541528e-02
1.490288804230025107e+03 6.150604713992129102e-02 2.800501003226783911e-04 6.122599703959863415e-02
1.494360631563986999e+03 6.349439714076650365e-02 2.891834919579764577e-04 6.320521364880855864e-02
1.498432458897948663e+03 6.565696340170901202e-02 2.990565964960347671e-04 6.535790680521300078e-02
1.502504286231910555e+03 6.801122502698284111e-02 3.097395567985206577e-04 6.770148547018436935e-02
1.506576113565872447e+03 7.057685182034020843e-02 3.213212193589792863e-04 7.025553060098128910e-02
1.510647940899834111e+03 7.337566170496613582e-02 3.339085644633049839e-04 7.304175314050287415e-02
1.514719768233796003e+03 7.643126396956331781e-02 3.476221260148036401e-04 7.608364184354855786e-02
1.518791595567757895e+03 7.976862033161732923e-02 3.625894712844010656e-04 7.940603086033297398e-02
1.522863422901719559e+03 8.341400619010527762e-02 3.789405415671330719e-04 8.303506564853821437e-02
1.526935250235681451e+03 8.739597087205433490e-02 3.968091317500546883e-04 8.699916174030428162e-02
1.531007077569643343e+03 9.174776524544991929e-02 4.163435091777664731e-04 9.133142173627217808e-02
1.535078904903605007e+03 9.651130293357911005e-02 4.377263122579295182e-04 9.607357662132121057e-02
1.539150732237566899e+03 1.017421472544797617e-01 4.612003164095353344e-04 1.012809469380702848e-01
1.543222559571528791e+03 1.075144794405354098e-01 4.870937564783083462e-04 1.070273856840571192e-01
1.547294386905490455e+03 1.139247549326027620e-01 5.158379662126698784e-04 1.134089169663901470e-01
1.551366214239452347e+03 1.210929826268124510e-01 5.479718789679788749e-04 1.205450107478445443e-01
1.555438041573414239e+03 1.291612986643385086e-01 5.841322189930522185e-04 1.285771664453455032e-01
1.559509868907375903e+03 1.382905776045863788e-01 6.250337837939229845e-04 1.376655438207924909e-01
1.563581696241337795e+03 1.486568752288022766e-01 6.714491730770948260e-04 1.479854260557252610e-01
1.567653523575299687e+03 1.604500940036200363e-01 7.241996645071300089e-04 1.597258943391129393e-01
1.571725350909261351e+03 1.738770350826474020e-01 7.841672558248800537e-04 1.730928678268225662e-01
1.575797178243223243e+03 1.891697902294305900e-01 8.523318731335055012e-04 1.883174583562971516e-01
1.579869005577185135e+03 2.065983767790015579e-01 9.298283802853639108e-04 2.056685483987162333e-01
1.583940832911146799e+03 2.264840818288470226e-01 1.018007448956220100e-03 2.254660743798908018e-01
1.588012660245108691e+03 2.492078319984298018e-01 1.118475359882854271e-03 2.480893566385470039e-01
1.592084487579070583e+03 2.752067717923633028e-01 1.233083210281597092e-03 2.739736885820817092e-01
1.596156314913032247e+03 3.049527025302438132e-01 1.363837953447092884e-03 3.035888645767967353e-01
1.600228142246994139e+03 3.389083638614291405e-01 1.512717142680840027e-03 3.373956467187483321e-01
1.604299969580956031e+03 3.774615448390006289e-01 1.681385588172645872e-03 3.757801592508280830e-01
1.608371796914917695e+03 4.208420410731813499e-01 1.870833105290025528e-03 4.189712079678912238e-01
1.612443624248879587e+03 4.690315091577515472e-01 2.080974419669446955e-03 4.669505347380821236e-01
1.616515451582841479e+03 5.216801203925468533e-01 2.310270442071151072e-03 5.193698499504756372e-01
1.620587278916803143e+03 5.780454949558044841e-01 2.555439784885780129e-03 5.754900551709187795e-01
1.624659106250765035e+03 6.369680041212383292e-01 2.811326815677027934e-03 6.341566773055612449e-01
1.628730933584726927e+03 6.968920781865677316e-01 3.070976126186366912e-03 6.938211020603812784e-01
1.632802760918688818e+03 7.559362895322067066e-01 3.325934438590311647e-03 7.526103550936164011e-01
1.636874588252650483e+03 8.120069809341927680e-01 3.566764313950776446e-03 8.084402166202421247e-01
1.640946415586612375e+03 8.629427560930208463e-01 3.783716794880760074e-03 8.591590392981401925e-01
1.645018242920574266e+03 9.066719083861503048e-01 3.967480561848022759e-03 9.027044278243021580e-01
1.649090070254536158e+03 9.413630457862666168e-01 4.109910461689800579e-03 9.372531353245768804e-01
1.653161897588498050e+03 9.655511720800085129e-01 4.204642301762841032e-03 9.613465297782457508e-01
1.657233724922459714e+03 9.782267413236510611e-01 4.247522895289061740e-03 9.739792184283622145e-01
1.661305552256421379e+03 9.788823131633215269e-01 4.236819074385402527e-03 9.746454940889360818e-01
1.665377379590383043e+03 9.675185550893221631e-01 4.173207998928773858e-03 9.633453470903934335e-01
1.669449206924345390e+03 9.446167163049519200e-01 4.059584009892514521e-03 9.405571322950592172e-01
1.673521034258306827e+03 9.110872151106736982e-01 3.900737008243129744e-03 9.071864781024305824e-01
1.677592861592268719e+03 8.682034744539197657e-01 3.702960737158277928e-03 8.645005137167615095e-01
1.681664688926230610e+03 8.175274201366518056e-01 3.473638449338559663e-03 8.140537816873132382e-01
1.685736516260192275e+03 7.608295943341076839e-01 3.220834562486982015e-03 7.576087597716207878e-01
1.689808343594154167e+03 7.000042223022304722e-01 2.952902236679397305e-03 6.970513200655512609e-01
1.693880170928116058e+03 6.369789297921055748e-01 2.678105431187581369e-03 6.343008243609179475e-01
1.697951998262077495e+03 5.736204022838973238e-01 2.404253390157157742e-03 5.712161488937402831e-01
1.702023825596039842e+03 5.116404123591916653e-01 2.138354440282358611e-03 5.095020579189093457e-01
1.706095652930001506e+03 4.525099446617948939e-01 1.886309235651793077e-03 4.506236354261431432e-01
1.710167480263963171e+03 3.973910890169474186e-01 1.652674133398171442e-03 3.957384148835493276e-01
1.714239307597924835e+03 3.470958489147750736e-01 1.440527235312376395e-03 3.456553216794627792e-01
1.718311134931886727e+03 3.020777742027565549e-01 1.251460179864623441e-03 3.008263140228918942e-01
1.722382962265848619e+03 2.624570835697007110e-01 1.085699800106215956e-03 2.613713837695945119e-01
1.726454789599810510e+03 2.280741216268876437e-01 9.423407486179732288e-04 2.271317808782696568e-01
1.730526616933772402e+03 1.985612430034391640e-01 8.196502150135002778e-04 1.977415927884256797e-01
1.734598444267734067e+03 1.734208316594438859e-01 7.153950077359589720e-04 1.727054366517079553e-01
1.738670271601695958e+03 1.520976786451374851e-01 6.271424894388935144e-04 1.514705361556986374e-01
1.742742098935657850e+03 1.340369839723792311e-01 5.524990836737369085e-04 1.334844848887055124e-01
1.746813926269619742e+03 1.187237296259754105e-01 4.892688717596003307e-04 1.182344607542158144e-01
1.750885753603581634e+03 1.057037037149234637e-01 4.355341538252384165e-04 1.052681695610982321e-01
1.754957580937543298e+03 9.458983518501010157e-02 3.896743554040362346e-04 9.420016082960609716e-02
1.759029408271504963e+03 8.505906690894703137e-02 3.503462790610875209e-04 8.470872062988595019e-02
1.763101235605466627e+03 7.684477300313050097e-02 3.164474335239040323e-04 7.652832556960662003e-02
1.767173062939428974e+03 6.972828821553944678e-02 2.870775638304275536e-04 6.944121065170906493e-02
1.771244890273390411e+03 6.353129007967528441e-02 2.615052796154999004e-04 6.326978480005980565e-02
1.775316717607352302e+03 5.810929621338478679e-02 2.391401658914861397e-04 5.787015604749332770e-02
1.779388544941314194e+03 5.334581144442979150e-02 2.195077471702992886e-04 5.312630369725953455e-02
1.783460372275275859e+03 4.914667489817718671e-02 2.022250599108687424e-04 4.894444983826635315e-02
1.787532199609237750e+03 4.543460029859821420e-02 1.869768568476160736e-04 4.524762344175060208e-02
1.791604026943199642e+03 4.214435565914430304e-02 1.734946598859261782e-04 4.197086099925837616e-02
1.795675854277161079e+03 3.921917892881622569e-02 1.615415599631249313e-04 3.905763736885313475e-02
1.799747681611123426e+03 3.660878937699305058e-02 1.509044817964012137e-04 3.645788489519664194e-02
1.803819508945085090e+03 3.426887166034755378e-02 1.413932969675015265e-04 3.412747836338005103e-02
1.807891336279046754e+03 3.216144202378432709e-02 1.328439373158086297e-04 3.202859808646855294e-02
1.811963163613008419e+03 3.025528978582945477e-02 1.251216464395511231e-04 3.013016813938992899e-02
1.816034990946970311e+03 2.852581843846171972e-02 1.181211508608752679e-04 2.840769728760085891e-02
1.820106818280932202e+03 2.695401229829047507e-02 1.117624538520039574e-04 2.684224984443849341e-02
1.824178645614894094e+03 2.552472840326583392e-02 1.059832093591251475e-04 2.541874519390673742e-02
1.828250472948855986e+03 2.422484354271834534e-02 1.007302044498863618e-04 2.412411333826849913e-02
1.832322300282817650e+03 2.304184128155393682e-02 9.595275166991488840e-05 2.294588852988404051e-02
1.836394127616779542e+03 2.196320840757150575e-02 9.159979331797617273e-05 2.187160861425354111e-02
1.840465954950741434e+03 2.097665000088266146e-02 8.762083427015689564e-05 2.088902916661252232e-02
1.844537782284703326e+03 2.007080431148122387e-02 8.396927052744524833e-05 1.998683504095379732e-02
1.848609609618665218e+03 1.923598571863950960e-02 8.060593059846434135e-05 1.915537978804103883e-02
1.852681436952626882e+03 1.846455420590223384e-02 7.750092511101989382e-05 1.838705328079125872e-02
1.856753264286588546e+03 1.775074516506597311e-02 7.463295370205783724e-05 1.767611221136391672e-02
1.860825091620550211e+03 1.709006868178271701e-02 7.198648659735808121e-05 1.701808219518540638e-02
1.864896918954512557e+03 1.647857471837808202e-02 6.954814192268733947e-05 1.640902657645542523e-02
1.868968746288473994e+03 1.591230727929211428e-02 6.730377888996293253e-05 1.584500350040221606e-02
1.873040573622435886e+03 1.538714576844683532e-02 6.523733723406559574e-05 1.532190843121279331e-02
1.877112400956397778e+03 1.489903165777544183e-02 6.333158696457741386e-05 1.483570007081089562e-02
1.881184228290359442e+03 1.444440373332176765e-02 6.157013703490570240e-05 1.438283359628690639e-02
1.885256055624321334e+03 1.402059145500166373e-02 5.993962496855693718e-05 1.396065183003311096e-02
1.889327882958283226e+03 1.362596351154797200e-02 5.843108856536318341e-05 1.356753242298265605e-02
1.893399710292245118e+03 1.325976029753571372e-02 5.703998879523134282e-05 1.320272030874048916e-02
1.897471537626207009e+03 1.292168506677655870e-02 5.576495219790136149e-05 1.286592011457867758e-02
1.901543364960168674e+03 1.261142282978155137e-02 5.460576987046291542e-05 1.255681705991110522e-02
1.905615192294130566e+03 1.232826545216344528e-02 5.356137408855399533e-05 1.227470407807492933e-02
1.909687019628092003e+03 1.207095538170852543e-02 5.262840637252632573e-05 1.201832697533606296e-02
1.913758846962053894e+03 1.183775994776293736e-02 5.180070052817011857e-05 1.178595924723481805e-02
1.917830674296016241e+03 1.162670181412847441e-02 5.106967832988265621e-05 1.157563213579863165e-02
1.921902501629977678e+03 1.143583186238523140e-02 5.042540894295199016e-05 1.138540645344233125e-02
1.925974328963939570e+03 1.126344402695293734e-02 4.985796278529990407e-05 1.121358606416768787e-02
1.930046156297901234e+03 1.110817871175841590e-02 4.935868324339868406e-05 1.105882002851505015e-02
1.934117983631863126e+03 1.096901359628828232e-02 4.892106646437583382e-05 1.092009252982394096e-02
1.938189810965825018e+03 1.084517495963714141e-02 4.854104805515383842e-05 1.079663391158204415e-02
1.942261638299786910e+03 1.073601161719548239e-02 4.821663200056337448e-05 1.068779498519495906e-02
1.946333465633748801e+03 1.064086460666131308e-02 4.794695457991270582e-05 1.059291765208144817e-02
1.950405292967710466e+03 1.055895289109900700e-02 4.773103462637801227e-05 1.051122185647268906e-02
1.954477120301672358e+03 1.048928900738854350e-02 4.756657865919249436e-05 1.044172242872935807e-02
1.958548947635633795e+03 1.043063976766575585e-02 4.744923202963789342e-05 1.038319053563619213e-02
1.962620774969596141e+03 1.038154855285582968e-02 4.737256020806239996e-05 1.033417599264780870e-02
1.966692602303558033e+03 1.034042852846022743e-02 4.732881942910020144e-05 1.029309970903114282e-02
1.970764429637519470e+03 1.030571712782889227e-02 4.731030057460829986e-05 1.025840682725432697e-02
1.974836256971481362e+03 1.027605738887540920e-02 4.731080728633059760e-05 1.022874658158911057e-02
1.978908084305443026e+03 1.025045362968976873e-02 4.732675420679121844e-05 1.020312687548300366e-02
1.982979911639404918e+03 1.022834922608877040e-02 4.735748640545262548e-05 1.018099173968338260e-02
1.987051738973366810e+03 1.020959659511328464e-02 4.740469152577252621e-05 1.016219190358755818e-02
1.991123566307328701e+03 1.019432640410581833e-02 4.747109991695297340e-05 1.014685530418890994e-02
1.995195393641290593e+03 1.018275886139504913e-02 4.755891771073072572e-05 1.013519994368434693e-02
1.999267220975252258e+03 1.017501855358387761e-02 4.766851570126925687e-05 1.012735003788265906e-02
2.003339048309214149e+03 1.017100728773339020e-02 4.779777685545902706e-05 1.012320951087797467e-02
2.007410875643175586e+03 1.017036056761401117e-02 4.794224293346541373e-05 1.012241832468056477e-02
2.011482702977137478e+03 1.017247687363495925e-02 4.809590735600199196e-05 1.012438096627901393e-02
2.015554530311099825e+03 1.017658233528905345e-02 4.825229472680348040e-05 1.012833004056229967e-02
2.019626357645061262e+03 1.018178878300246906e-02 4.840542141258127813e-05 1.013338336158995691e-02
2.023698184979023154e+03 1.018712131277992733e-02 4.855034875845692943e-05 1.013857096402148369e-02
2.027770012312984818e+03 1.019152165617976530e-02 4.868325616173140187e-05 1.014283840001808934e-02
2.031841839646946710e+03 1.019385912821803644e-02 4.880117615231127306e-05 1.014505795206578631e-02
2.035913666980908602e+03 1.019298747459228272e-02 4.890165858940188426e-05 1.014408581600291862e-02
2.039985494314870493e+03 1.018786879295254487e-02 4.898262278375197746e-05 1.013888617016885096e-02
2.044057321648832385e+03 1.017775190516480126e-02 4.904253064749279363e-05 1.012870937451733171e-02
2.048129148982794050e+03 1.016235760080160325e-02 4.908083332400639553e-05 1.011327676747765178e-02
2.052200976316755714e+03 1.014200375838172387e-02 4.909848731378506500e-05 1.009290527106799194e-02
2.056272803650717833e+03 1.011760980510933300e-02 4.909826693460066091e-05 1.006851153817478646e-02
2.060344630984679497e+03 1.009055177451319459e-02 4.908464272842506749e-05 1.004146713178480539e-02
2.064416458318641162e+03 1.006238542256882376e-02 4.906313171810208404e-05 1.001332229085075305e-02
2.068488285652603281e+03 1.003449887629191337e-02 4.903920505070122045e-05 9.985459671241278187e-03
2.072560112986564945e+03 1.000778257648745131e-02 4.901700001456890752e-05 9.958765576472933256e-03
2.076631940320526610e+03 9.982404031348340867e-03 4.899817441287963388e-05 9.933405856935514922e-03
2.080703767654488729e+03 9.957748584909153003e-03 4.898123319708590651e-05 9.908767351712116644e-03
2.084775594988450393e+03 9.932543676583650491e-03 4.896155082781345001e-05 9.883582125755897146e-03
2.088847422322412058e+03 9.905136104425593321e-03 4.893213592703858476e-05 9.856203968498603377e-03
2.092919249656374177e+03 9.873852881207470511e-03 4.888498463946179751e-05 9.824967896568056330e-03
2.096991076990335841e+03 9.837356174950309673e-03 4.881270084488677691e-05 9.788543474105470404e-03
2.101062904324297506e+03 9.794905908833490688e-03 4.870997443034184653e-05 9.746195934403201547e-03
2.105134731658259625e+03 9.746468436729419441e-03 4.857453338583431982e-05 9.697893903343614286e-03
2.109206558992221289e+03 9.692649871624837640e-03 4.840732158146986706e-05 9.644242550043416115e-03
2.113278386326182954e+03 9.634478114253882536e-03 4.821186788105920405e-05 9.586266246372873029e-03
2.117350213660145073e+03 9.573096817884272150e-03 4.799304254723303626e-05 9.525103775337089712e-03
2.121422040994106737e+03 9.509456810580373121e-03 4.775557227621252864e-05 9.461701238304224756e-03
2.125493868328068402e+03 9.444089102945297381e-03 4.750274757362648394e-05 9.396586355371713134e-03
2.129565695662030521e+03 9.377018097927328558e-03 4.723568259501968291e-05 9.329782415332348380e-03
2.133637522995992185e+03 9.307830910336512345e-03 4.695330117812068072e-05 9.260877609158415374e-03
2.137709350329953850e+03 9.235871722370194575e-03 4.665298704060261901e-05 9.189218735329652069e-03
2.141781177663915969e+03 9.160493939396855897e-03 4.633163276100977487e-05 9.114162306635901004e-03
2.145853004997877633e+03 9.081289566623837461e-03 4.598672080354107773e-05 9.035302845820309889e-03
2.149924832331839298e+03 8.998228917077702449e-03 4.561710114422040029e-05 8.952611815933549100e-03
2.153996659665801417e+03 8.911678894319161395e-03 4.522327397179087556e-05 8.866455620347409375e-03
2.158068486999763081e+03 8.822311108622202594e-03 4.480718048904143690e-05 8.777503928133223790e-03
2.162140314333724746e+03 8.730945692921690884e-03 4.437167204597014921e-05 8.686574020875765384e-03
2.166212141667686865e+03 8.638390453997613072e-03 4.391990595515133592e-05 8.594470548042503627e-03
2.170283969001648529e+03 8.545324452602360080e-03 4.345488458822884632e-05 8.501869568014177800e-03
2.174355796335610194e+03 8.452247026378961053e-03 4.297923948765013916e-05 8.409267786891355678e-03
2.178427623669572313e+03 8.359481472642820918e-03 4.249522441551503276e-05 8.316986248227372855e-03
2.182499451003533977e+03 8.267201656147346589e-03 4.200478588109968442e-05 8.225196870266297117e-03
2.186571278337495642e+03 8.175448429303575418e-03 4.150956788936135494e-05 8.133938861414266586e-03
2.190643105671457761e+03 8.084120020971089643e-03 4.101077884386115132e-05 8.043109242127255420e-03
2.194714933005419425e+03 7.992946562380379150e-03 4.050896235984827041e-05 7.952437600020578062e-03
2.198786760339381090e+03 7.901479650549688219e-03 4.000381012093672022e-05 7.861475840428802653e-03
2.202858587673343209e+03 7.809131886816792281e-03 3.949418261985440399e-05 7.769637704196971813e-03
2.206930415007304873e+03 7.715285319385034590e-03 3.897844416310769982e-05 7.676306875221977286e-03
2.211002242341266538e+03 7.619458010559722327e-03 3.845509455111969751e-05 7.581002916008673306e-03
2.215074069675228657e+03 7.521487684069880046e-03 3.792354468482644691e-05 7.483564139385068432e-03
2.219145897009190321e+03 7.421674493870480602e-03 3.738479674023644200e-05 7.384289697130290604e-03
2.223217724343151986e+03 7.320829748800339494e-03 3.684179098578103299e-05 7.283987957814616263e-03
2.227289551677114105e+03 7.220203030195665103e-03 3.629927297238704376e-05 7.183903757223331077e-03
2.231361379011075769e+03 7.121296932151220845e-03 3.576318144466468209e-05 7.085533750706599077e-03
2.235433206345037433e+03 7.025612662987892540e-03 3.523970247503297636e-05 6.990372960512906964e-03
2.239505033678999553e+03 6.934388714934550460e-03 3.473422613293408398e-05 6.899654488801676075e-03
2.243576861012961217e+03 6.848393158663357121e-03 3.425045092696160198e-05 6.814142707736463647e-03
2.247648688346922881e+03 6.767810658424355807e-03 3.378981539766946719e-05 6.734020843026744182e-03
2.251720515680885001e+03 6.692237166130259041e-03 3.335133076804272956e-05 6.658885835362257470e-03
2.255792343014846665e+03 6.620769319654007563e-03 3.293178833562215765e-05 6.587837531318451942e-03
2.259864170348808329e+03 6.552159686940606069e-03 3.252625392101392163e-05 6.519633433019661299e-03
2.263935997682770449e+03 6.485005197750174158e-03 3.212874799513632413e-05 6.452876449755081886e-03
2.268007825016732113e+03 6.417940911082981210e-03 3.173302791934434286e-05 6.386207883163655570e-03
2.272079652350694232e+03 6.349818558480838093e-03 3.133340919271311283e-05 6.318485149288145634e-03
2.276151479684655897e+03 6.279854055847291713e-03 3.092556213112796799e-05 6.248928493716172927e-03
2.280223307018617561e+03 6.207729078963782066e-03 3.050719485131357241e-05 6.177221884112531550e-03
2.284295134352579680e+03 6.133631502355600326e-03 3.007850106550987999e-05 6.103553001290097646e-03
2.288366961686541345e+03 6.058222541253477193e-03 2.964224289156302828e-05 6.028580298361926708e-03
2.292438789020503009e+03 5.982528072870685158e-03 2.920338044663840386e-05 5.953324692424068892e-03
2.296510616354465128e+03 5.907767365962010228e-03 2.876825555937755706e-05 5.878999110402656839e-03
2.300582443688426793e+03 5.835149668120912306e-03 2.834346229786004052e-05 5.806806205823114922e-03
2.304654271022388457e+03 5.765680856417983863e-03 2.793464696893582262e-05 5.737746209449091916e-03
2.308726098356350576e+03 5.700022711816229992e-03 2.754552736838741521e-05 5.672477184447925237e-03
2.312797925690312240e+03 5.638434436001675196e-03 2.717737752228304837e-05 5.611257058479407651e-03
2.316869753024273905e+03 5.580803234293676973e-03 2.682909639900325820e-05 5.553974137894693644e-03
2.320941580358236024e+03 5.526745798496472510e-03 2.649780800347474008e-05 5.500247990493005099e-03
2.325013407692197688e+03 5.475744148161697591e-03 2.617978618819909417e-05 5.449564361973521960e-03
2.329085235026159353e+03 5.427273865189286353e-03 2.587141590456745898e-05 5.401402449284743550e-03
2.333157062360121472e+03 5.380891584921800724e-03 2.556992131094045325e-05 5.355321663610875145e-03
2.337228889694083136e+03 5.336267542249325743e-03 2.527369897385724852e-05 5.310993843275488464e-03
2.341300717028044801e+03 5.293170286281592869e-03 2.498224624992821663e-05 5.268188040031692408e-03
2.345372544362006920e+03 5.251426307401743827e-03 2.469581106602648424e-05 5.226730496335746552e-03
2.349444371695968584e+03 5.210882059428882836e-03 2.441496019621653725e-05 5.186467099232676056e-03
2.353516199029930249e+03 5.171389177832452083e-03 2.414024906640412411e-05 5.147248928766052882e-03
2.357588026363892368e+03 5.132819534883481527e-03 2.387209327447245344e-05 5.108947441609027959e-03
2.361659853697854032e+03 5.095101570322854365e-03 2.361083290041963333e-05 5.071490737422443100e-03
2.365731681031815697e+03 5.058259238849933601e-03 2.335689399137613753e-05 5.034902344858556596e-03
2.369803508365777816e+03 5.022433404056489414e-03 2.311092093327295012e-05 4.999322483123192981e-03
2.373875335699739480e+03 4.987872339097461014e-03 2.287378430725244737e-05 4.964998554790219822e-03
2.377947163033701145e+03 4.954889736806305719e-03 2.264643932208233059e-05 4.932243297484177266e-03
2.382018990367663264e+03 4.923800388117756562e-03 2.242968334295592208e-05 4.901370704774802266e-03
2.386090817701624928e+03 4.894851155911018013e-03 2.222390419350799045e-05 4.872627251717534871e-03
2.390162645035586593e+03 4.868165887243212746e-03 2.202890880093596109e-05 4.846136978442282944e-03
2.394234472369548712e+03 4.843717927591489718e-03 2.184388232933640839e-05 4.821874045262129413e-03
2.398306299703510376e+03 4.821335405706006494e-03 2.166747541158561520e-05 4.799667930294409732e-03
2.402378127037472041e+03 4.800735680690759385e-03 2.149797804799340482e-05 4.779237702642778578e-03
2.406449954371434160e+03 4.781578953635487288e-03 2.133352855608263378e-05 4.760245425079384640e-03
2.410521781705395824e+03 4.763528317184840405e-03 2.117232216566850166e-05 4.742355995019155793e-03
2.414593609039357489e+03 4.746304218065858574e-03 2.101280948994277035e-05 4.725291408575891389e-03
2.418665436373319608e+03 4.729724224815056582e-03 2.085388962323638030e-05 4.708870335191833040e-03
2.422737263707281272e+03 4.713722713866242212e-03 2.069509430248092852e-05 4.693027619563723898e-03
2.426809091041242937e+03 4.698348654032120757e-03 2.053673271433353374e-05 4.677811921317781216e-03
2.430880918375205056e+03 4.683742815043992654e-03 2.037993955020481765e-05 4.663362875493781527e-03
2.434952745709166720e+03 4.670098655332280760e-03 2.022656432452570697e-05 4.649872091007749286e-03
2.439024573043128385e+03 4.657614050178458635e-03 2.007887139045001074e-05 4.637535178788010359e-03
2.443096400377090504e+03 4.646443638975393531e-03 1.993908302879378091e-05 4.626504555946579604e-03
2.447168227711052168e+03 4.636663046130829260e-03 1.980886947558660219e-05 4.616854176655224400e-03
2.451240055045013833e+03 4.628255413126463984e-03 1.968893744222462440e-05 4.608566475684217414e-03
2.455311882378975952e+03 4.621126727263158256e-03 1.957886550680979811e-05 4.601547861756344338e-03
2.459383709712937616e+03 4.615149453824146479e-03 1.947727239095329563e-05 4.595672181433241126e-03
2.463455537046899281e+03 4.610225375688736978e-03 1.938229886542491273e-05 4.590843076823322710e-03
2.467527364380861400e+03 4.606350828866900837e-03 1.929227201382214960e-05 4.587058556853096380e-03
2.471599191714823064e+03 4.603663574288041627e-03 1.920634425712750996e-05 4.584457230030852988e-03
2.475671019048784729e+03 4.602452548106766503e-03 1.912489072445520426e-05 4.583327657382329882e-03
2.479742846382746848e+03 4.603120174029751155e-03 1.904951533866930410e-05 4.584070658691097311e-03
2.483814673716708512e+03 4.606100096717679997e-03 1.898263874105937530e-05 4.587117457976619232e-03
2.487886501050670176e+03 4.611747473573851383e-03 1.892677923704358891e-05 4.592820694336779974e-03
2.491958328384632296e+03 4.620229816673165728e-03 1.888374418282791171e-05 4.601346072490330660e-03
2.496030155718593960e+03 4.631449873858226388e-03 1.885398687833225574e-05 4.612595886979950141e-03
2.500101983052555624e+03 4.645026267911148143e-03 1.883633942093402728e-05 4.626189928490204162e-03
2.504173810386517744e+03 4.660343525708673593e-03 1.882821890377521648e-05 4.641515306804911041e-03
2.508245637720479408e+03 4.676664433628493871e-03 1.882625892832279213e-05 4.657838174700172813e-03
2.512317465054441072e+03 4.693279756769801192e-03 1.882718675558898123e-05 4.674452570014257964e-03
2.516389292388403192e+03 4.709658676091066191e-03 1.882868962528451391e-05 4.690829986465819279e-03
2.520461119722364856e+03 4.725561521007877117e-03 1.883001513116365700e-05 4.706731505876755872e-03
2.524532947056326520e+03 4.741085272794281005e-03 1.883212891196307649e-05 4.722253143882332305e-03
2.528604774390288640e+03 4.756629478648776062e-03 1.883738376687370351e-05 4.737792094881948871e-03
2.532676601724250304e+03 4.772790829546026334e-03 1.884879773739488973e-05 4.753942031808708162e-03
2.536748429058211968e+03 4.790212986813364819e-03 1.886915178139218812e-05 4.771343835031996612e-03
2.540820256392174088e+03 4.809429365125824155e-03 1.890016731579018859e-05 4.790529197810063436e-03
2.544892083726135752e+03 4.830737743402294462e-03 1.894199656800417197e-05 4.811795746834321603e-03
2.548963911060097416e+03 4.854136844006745784e-03 1.899316402986365551e-05 4.835143679976861356e-03
2.553035738394059535e+03 4.879339048240080232e-03 1.905096490959407829e-05 4.860288083330527309e-03
2.557107565728021200e+03 4.905854524239713563e-03 1.911219640797169326e-05 4.886742327831775090e-03
2.561179393061982864e+03 4.933124960765267360e-03 1.917400802841280028e-05 4.913950952736887041e-03
2.565251220395944983e+03 4.960673760474531950e-03 1.923463250612531133e-05 4.941439127968449800e-03
2.569323047729906648e+03 4.988236252847552850e-03 1.929380322669515093e-05 4.968942449620874884e-03
2.573394875063868312e+03 5.015838584258089719e-03 1.935276029932995714e-05 4.996485823958786779e-03
2.577466702397830431e+03 5.043805961119420325e-03 1.941386454569265715e-05 5.024392096573783613e-03
2.581538529731792096e+03 5.072697057900052084e-03 1.947994176509373291e-05 5.053217116134997924e-03
2.585610357065753760e+03 5.103178163454505020e-03 1.955354136881051925e-05 5.083624622085754566e-03
2.589682184399715879e+03 5.135864520946728864e-03 1.963630137712397402e-05 5.116228219569661506e-03
2.593754011733677544e+03 5.171164415851016612e-03 1.972857002650999747e-05 5.151435845824564250e-03
2.597825839067639208e+03 5.209162092716076824e-03 1.982935981626409404e-05 5.189332732899840268e-03
2.601897666401601327e+03 5.249568213788027675e-03 1.993662532352327864e-05 5.229631588464532521e-03
2.605969493735562992e+03 5.291752604111986391e-03 2.004778242901851724e-05 5.271704821683024025e-03
2.610041321069524656e+03 5.334856227502443766e-03 2.016033811564194362e-05 5.314695889386842308e-03
2.614113148403486775e+03 5.377961490740780157e-03 2.027248326550486895e-05 5.357689007475316921e-03
2.618184975737448440e+03 5.420286125085990898e-03 2.038351584125275371e-05 5.399902609244799402e-03
2.622256803071410104e+03 5.461359425690269324e-03 2.049400390247157772e-05 5.440865421787888928e-03
2.626328630405372223e+03 5.501142374801973843e-03 2.060565916544967107e-05 5.480536715636585843e-03
2.630400457739333888e+03 5.540064831580334900e-03 2.072096109436998061e-05 5.519343870486024747e-03
2.634472285073295552e+03 5.578971017028706847e-03 2.084263433666246973e-05 5.558128382692087942e-03
2.638544112407257671e+03 5.618984724661626323e-03 2.097312237269014745e-05 5.598011602288974729e-03
2.642615939741219336e+03 5.661323132453261256e-03 2.111420334617683959e-05 5.640208929107102739e-03
2.646687767075181000e+03 5.707098478964918800e-03 2.126685381171747999e-05 5.685831625153269994e-03
2.650759594409143119e+03 5.757147708031888980e-03 2.143138909370301579e-05 5.735716318938213591e-03
2.654831421743104784e+03 5.811921540481280665e-03 2.160781580146540825e-05 5.790313724679867387e-03
2.658903249077066448e+03 5.871448918777512002e-03 2.179625321395441514e-05 5.849652665563588941e-03
2.662975076411028567e+03 5.935374824723315887e-03 2.199724604397040786e-05 5.913377578679375295e-03
2.667046903744990232e+03 6.003054021119573827e-03 2.221181972336244896e-05 5.980842201396238331e-03
2.671118731078951896e+03 6.073674253480257877e-03 2.244121769820392657e-05 6.051233035782074832e-03
2.675190558412914015e+03 6.146381629178580136e-03 2.268638191097638418e-05 6.123695247267618887e-03
2.679262385746875680e+03 6.220387371635563434e-03 2.294735031545375826e-05 6.197440021320140338e-03
2.683334213080837344e+03 6.295045768955109637e-03 2.322280518242405368e-05 6.271822963772701216e-03
2.687406040414799463e+03 6.369903645938726662e-03 2.350998472238666849e-05 6.346393661216346085e-03
2.691477867748761128e+03 6.444728277603725859e-03 2.380506741443961762e-05 6.420923210189328871e-03
2.695549695082722792e+03 6.519521352826455896e-03 2.410398288494915983e-05 6.495417369941522585e-03
2.699621522416684911e+03 6.594521962960909686e-03 2.440344632746286964e-05 6.570118516633518743e-03
2.703693349750646576e+03 6.670194534791083762e-03 2.470191081520747535e-05 6.645492623975904171e-03
2.707765177084608240e+03 6.747192252434458699e-03 2.500012372068745046e-05 6.722192128713821817e-03
2.711837004418570359e+03 6.826286467519307108e-03 2.530106990434827452e-05 6.800985397614976377e-03
2.715908831752532024e+03 6.908259490828022251e-03 2.560926035613383665e-05 6.882650230471945921e-03
2.719980659086493688e+03 6.993770654047729018e-03 2.592952752292930206e-05 6.967841126524885846e-03
2.724052486420455807e+03 7.083219512561705726e-03 2.626565321638082396e-05 7.056953859345382538e-03
2.728124313754417472e+03 7.176639920376251189e-03 2.661922676104003672e-05 7.150020693615274578e-03
2.732196141088379136e+03 7.273659362966145014e-03 2.698908244929349167e-05 7.246670280516895497e-03
2.736267968422341255e+03 7.373546898253385655e-03 2.737150621557292440e-05 7.346175392037855231e-03
2.740339795756302919e+03 7.475351797517964733e-03 2.776117696444715222e-05 7.447590620553534366e-03
2.744411623090264584e+03 7.578108962774057593e-03 2.815258585981636282e-05 7.549956376914290605e-03
2.748483450424226703e+03 7.681064459017455590e-03 2.854152673078375578e-05 7.652522932286713250e-03
2.752555277758188367e+03 7.783863088742749500e-03 2.892622217621643735e-05 7.754936866566597593e-03
2.756627105092150032e+03 7.886645053898525687e-03 2.930775581310765928e-05 7.857337298085496219e-03
2.760698932426112151e+03 7.990020588142831767e-03 2.968969164600572010e-05 7.960330896496864428e-03
2.764770759760073815e+03 8.094924586438482714e-03 3.007701197781710125e-05 8.064847574460711627e-03
2.768842587094035935e+03 8.202388041791103257e-03 3.047471559202196147e-05 8.171913326199115729e-03
2.772914414427997599e+03 8.313288582730398932e-03 3.088651891169193816e-05 8.282402063818760513e-03
2.776986241761959263e+03 8.428150051940225262e-03 3.131406016258619495e-05 8.396835991777656591e-03
2.781058069095921383e+03 8.547047799881095712e-03 3.175683402678172517e-05 8.515290965854380861e-03
2.785129896429883047e+03 8.669645862554069965e-03 3.221284051765816201e-05 8.637433022036445501e-03
2.789201723763844711e+03 8.795353819955945701e-03 3.267970058475157854e-05 8.762674119371241868e-03
2.793273551097806831e+03 8.923556842066023703e-03 3.315585123897148579e-05 8.890400990827116226e-03
2.797345378431768495e+03 9.053852677128737883e-03 3.364142990267453357e-05 9.020211247226090495e-03
2.801417205765730159e+03 9.186229553184502294e-03 3.413858573264359840e-05 9.152090967451929210e-03
2.805489033099692278e+03 9.321137907851278701e-03 3.465116142103916435e-05 9.286486746430285683e-03
2.809560860433653943e+03 9.459439457311150795e-03 3.518389288344838967e-05 9.424255564427755708e-03
2.813632687767615607e+03 9.602249369189816072e-03 3.574140284122655182e-05 9.566507966348633193e-03
2.817704515101577726e+03 9.750712054034011561e-03 3.632727960334193037e-05 9.714384774430697908e-03
2.821776342435539391e+03 9.905763028375178664e-03 3.694344557720339109e-05 9.868819582798013870e-03
2.825848169769501055e+03 1.006792807825143340e-02 3.758988368687413227e-05 1.003033819456461938e-02
2.829919997103463174e+03 1.023720008413213020e-02 3.826467153777517421e-05 1.019893541259441275e-02
2.833991824437424839e+03 1.041301822025116758e-02 3.896422307195792050e-05 1.037405399717925003e-02
2.838063651771386503e+03 1.059435747437333444e-02 3.968366497715089845e-05 1.055467380939622765e-02
2.842135479105348622e+03 1.077991979143190157e-02 4.041734560298092867e-05 1.073950244582896896e-02
2.846207306439310287e+03 1.096840116515596444e-02 4.115952812033057230e-05 1.092724163703568362e-02
2.850279133773271951e+03 1.115879164649754771e-02 4.190530548223415322e-05 1.111688634101538724e-02
2.854350961107234070e+03 1.135065002852762850e-02 4.265167879977118211e-05 1.130799834972790428e-02
2.858422788441195735e+03 1.154428757376544865e-02 4.339859966960742110e-05 1.150088897409590194e-02
2.862494615775157399e+03 1.174080256945711151e-02 4.414966426153550016e-05 1.169665290519563729e-02
2.866566443109119518e+03 1.194193429291175515e-02 4.491213859147365802e-05 1.189702215432035873e-02
2.870638270443081183e+03 1.214974929348110362e-02 4.569612903020971173e-05 1.210405316445097024e-02
2.874710097777042847e+03 1.236622455289430010e-02 4.651296503564582741e-05 1.231971158785869283e-02
2.878781925111004966e+03 1.259283429704181542e-02 4.737314626679683987e-05 1.254546115077506338e-02
2.882853752444966631e+03 1.283026220055653518e-02 4.828440792859745690e-05 1.278197779262800829e-02
2.886925579778928295e+03 1.307833712430802112e-02 4.925048032121803195e-05 1.302908664398684524e-02
2.890997407112890414e+03 1.333622979221887016e-02 5.027092997282322790e-05 1.328595886224610313e-02
2.895069234446852079e+03 1.360286608815345841e-02 5.134212443135312412e-05 1.355152396372217606e-02
2.899141061780813743e+03 1.387743674059616072e-02 5.245898409085036522e-05 1.382497775650536054e-02
2.903212889114775862e+03 1.415984136583608999e-02 5.361691770837170027e-05 1.410622444812777501e-02
2.907284716448737527e+03 1.445091592627427424e-02 5.481329136887030690e-05 1.439610263490545550e-02
2.911356543782699191e+03 1.475235741364426881e-02 5.604797727754179008e-05 1.469630943636677720e-02
2.915428371116661310e+03 1.506635873716228105e-02 5.732289547863426884e-05 1.500903584168367631e-02
2.919500198450622975e+03 1.539506686657309865e-02 5.864085516685429604e-05 1.533642601140631015e-02
2.923572025784584639e+03 1.574004230166870313e-02 6.000426665030990890e-05 1.568003803501844678e-02
2.927643853118546758e+03 1.610190305202427452e-02 6.141432483594208569e-05 1.604048872718837407e-02
2.931715680452508423e+03 1.648027762346888567e-02 6.287104890104013347e-05 1.641740657456791305e-02
2.935787507786470087e+03 1.687408828949476386e-02 6.437418832396464888e-05 1.680971410117082510e-02
2.939859335120432206e+03 1.728207400065506077e-02 6.592462442165468299e-05 1.721614937623346803e-02
2.943931162454393871e+03 1.770338103282582259e-02 6.752566367378395385e-05 1.763585536915209667e-02
2.948002989788355535e+03 1.813802738142610352e-02 6.918362999589447351e-05 1.806884375143023164e-02
2.952074817122317654e+03 1.858709119060923676e-02 7.090741620116237833e-05 1.851618377440813687e-02
2.956146644456279319e+03 1.905256772000392396e-02 7.270705230089836047e-05 1.897986066770307803e-02
2.960218471790240983e+03 1.953694975324036381e-02 7.459173470460988566e-05 1.946235801853577960e-02
2.964290299124203102e+03 2.004267443927992831e-02 7.656798399442786389e-05 1.996610645528554967e-02
2.968362126458164767e+03 2.057161596226051575e-02 7.863857062329649989e-05 2.049297739163728066e-02
2.972433953792126431e+03 2.112477803332353868e-02 8.080257564232933899e-05 2.104397545768126390e-02
2.976505781126088550e+03 2.170226490503295719e-02 8.305653967609119537e-05 2.161920836535692267e-02
2.980577608460050214e+03 2.230351318949182204e-02 8.539625556103113877e-05 2.221811693393085235e-02
2.984649435794011879e+03 2.292768386946406403e-02 8.781853162273222367e-05 2.283986533784137379e-02
2.988721263127973998e+03 2.357407251034576018e-02 9.032228367931725344e-05 2.348375022666652698e-02
2.992793090461935662e+03 2.424240745754671633e-02 9.290859594541936786e-05 2.414949886160137893e-02
2.996864917795897327e+03 2.493296256408245731e-02 9.557981755952066685e-05 2.483738274652298392e-02
3.000936745129859446e+03 2.564648844217674167e-02 9.833816590047598019e-05 2.554815027627634766e-02
3.005008572463821110e+03 2.638403337761672379e-02 1.011845257940994478e-04 2.628284885182271061e-02
3.009080399797782775e+03 2.714675595172521411e-02 1.041180673870556608e-04 2.704263788433818386e-02
3.013152227131744894e+03 2.793581512623252022e-02 1.071369664358038195e-04 2.782867815979679291e-02
3.017224054465706558e+03 2.875236855627826341e-02 1.102400229307955832e-04 2.864212853334753214e-02
3.021295881799668223e+03 2.959764133251559931e-02 1.134285326408147133e-04 2.948421279987484267e-02
3.025367709133630342e+03 3.047297748636616441e-02 1.167075649068312121e-04 3.035626992145941047e-02
3.029439536467592006e+03 3.137978179526854788e-02 1.200859511614878829e-04 3.125969584410713542e-02
3.033511363801553671e+03 3.231930831289212686e-02 1.235747683788278426e-04 3.219573354451336911e-02
3.037583191135515790e+03 3.329233965383221472e-02 1.271847448633580801e-04 3.316515490896891627e-02
3.041655018469477454e+03 3.429889213404446746e-02 1.309235686541142143e-04 3.416796856539042193e-02
3.045726845803439119e+03 3.533813318083506294e-02 1.347942943168496026e-04 3.520333888651827614e-02
3.049798673137401238e+03 3.640867524403688937e-02 1.387957855911141488e-04 3.626987945844584865e-02
3.053870500471362902e+03 3.750930659965871078e-02 1.429254430583728314e-04 3.736638115660040338e-02
3.057942327805324567e+03 3.864005908959493307e-02 1.471835739475495382e-04 3.849287551564745113e-02
3.062014155139286686e+03 3.980334939670128469e-02 1.515780003135730925e-04 3.965177139638777215e-02
3.066085982473248350e+03 4.100482806629446308e-02 1.561271890538254827e-04 4.084870087724067067e-02
3.070157809807210015e+03 4.225357973572593101e-02 1.608604903596203960e-04 4.209271924536637371e-02
3.074229637141172134e+03 4.356145410452818417e-02 1.658149283997937509e-04 4.339563917612847266e-02
3.078301464475133798e+03 4.494153979778293950e-02 1.710291165226101153e-04 4.477051068126038785e-02
3.082373291809095463e+03 4.640605373895416441e-02 1.765358661582328004e-04 4.622951787279600683e-02
3.086445119143057582e+03 4.796412246763625403e-02 1.823555569311827965e-04 4.778176691070509796e-02
3.090516946477019246e+03 4.962000890336124015e-02 1.884921516387432394e-04 4.943151675172256093e-02
3.094588773810980911e+03 5.137225851807382393e-02 1.949329486055921719e-04 5.117732556946825995e-02
3.098660601144943030e+03 5.321402421488595491e-02 2.016520667634189305e-04 5.301237214812258569e-02
3.102732428478904694e+03 5.513454389134510997e-02 2.086166555690569489e-04 5.492592723577607167e-02
3.106804255812866359e+03 5.712147198536465798e-02 2.157942432214953539e-04 5.690567774214320973e-02
3.110876083146828478e+03 5.916357866571224366e-02 2.231596112643978046e-04 5.894041905444791229e-02
3.114947910480790142e+03 6.125326643966626239e-02 2.307000018051063271e-04 6.102256643786122675e-02
3.119019737814751807e+03 6.338841175454366927e-02 2.384180531675154002e-04 6.314999370137622248e-02
3.123091565148713926e+03 6.557318574360015973e-02 2.463323372215280851e-04 6.532685340637867100e-02
3.127163392482675590e+03 6.781769976683374446e-02 2.544755909551241289e-04 6.756322417587867779e-02
3.131235219816637255e+03 7.013652178409621185e-02 2.628907572309959503e-04 6.987363102686525163e-02
3.135307047150599374e+03 7.254629841606072271e-02 2.716249928616140371e-04 7.227467342319918164e-02
3.139378874484561038e+03 7.506288391070171928e-02 2.807220915128509674e-04 7.478216181918892480e-02
3.143450701818522703e+03 7.769850577014772441e-02 2.902143668346477919e-04 7.740829140331313696e-02
3.147522529152484822e+03 8.045955695396236895e-02 3.001157515495671496e-04 8.015944120241283444e-02
3.151594356486446486e+03 8.334555381210762004e-02 3.104182840201133312e-04 8.303513552808755582e-02
3.155666183820408150e+03 8.634960273334599257e-02 3.210938460152438600e-04 8.602850888733079571e-02
3.159738011154370270e+03 8.946037968468781298e-02 3.321017842725260019e-04 8.912827790041530363e-02
3.163809838488331934e+03 9.266520763359969992e-02 3.434011117891286953e-04 9.232180652181062874e-02
3.167881665822293598e+03 9.595343778574530469e-02 3.549639889164462594e-04 9.559847379682891166e-02
3.171953493156255718e+03 9.931914768752683753e-02 3.667859960351867892e-04 9.895236169149168592e-02
3.176025320490217382e+03 1.027622772945961521e-01 3.788890506207376742e-04 1.023833882439754844e-01
3.180097147824179046e+03 1.062877573407833703e-01 3.913148964048014894e-04 1.058964424443786384e-01
3.184168975158141166e+03 1.099028430153760894e-01 4.041103871962077728e-04 1.094987326281799261e-01
3.188240802492102830e+03 1.136135402771825814e-01 4.173091637089839626e-04 1.131962311134736138e-01
3.192312629826064494e+03 1.174214470819588269e-01 4.309164052353474947e-04 1.169905306767235198e-01
3.196384457160026614e+03 1.213223234680507467e-01 4.449030765860746868e-04 1.208774203914646933e-01
3.200456284493988278e+03 1.253071911443317532e-01 4.592132459281175879e-04 1.248479778984036698e-01
3.204528111827949942e+03 1.293658715436704632e-01 4.737834048059883993e-04 1.288920881388644635e-01
3.208599939161912062e+03 1.334918916265838695e-01 4.885678844859062554e-04 1.330033237420980285e-01
3.212671766495873726e+03 1.376869798114569998e-01 5.035612990546418618e-04 1.371834185124023997e-01
3.216743593829835390e+03 1.419632398301808596e-01 5.188088576980000224e-04 1.414444309724828541e-01
3.220815421163797510e+03 1.463416459362071875e-01 5.343987188955770214e-04 1.458072472173116974e-01
3.224887248497759174e+03 1.508466241201452118e-01 5.504363764840883300e-04 1.502961877436611304e-01
3.228959075831720838e+03 1.554978303398042438e-01 5.670074422062870104e-04 1.549308228975979917e-01
3.233030903165682957e+03 1.603013605019928123e-01 5.841398725240550807e-04 1.597172206294688035e-01
3.237102730499644622e+03 1.652431261106411253e-01 6.017779367581607957e-04 1.646413481738830120e-01
3.241174557833606286e+03 1.702867901472533974e-01 6.197774564271226177e-04 1.696670126908262910e-01
3.245246385167568405e+03 1.753775332680689303e-01 6.379258648100292681e-04 1.747396074032589453e-01
3.249318212501530070e+03 1.804513199070668095e-01 6.559833429539858049e-04 1.797953365641128953e-01
3.253390039835491734e+03 1.854477248528779154e-01 6.737350036288356891e-04 1.847739898492490873e-01
3.257461867169453853e+03 1.903232416779845060e-01 6.910407503563315099e-04 1.896322009276281972e-01
3.261533694503415518e+03 1.950616676555620987e-01 7.078699524718164464e-04 1.943537977030903030e-01
3.265605521837377637e+03 1.996787536375534133e-01 7.243121229800138271e-04 1.989544415145734491e-01
3.269677349171339301e+03 2.042196715017421393e-01 7.405610089021560710e-04 2.034791104928399541e-01
3.273749176505300966e+03 2.087496285984170308e-01 7.568760548402910220e-04 2.079927525435767977e-01
3.277821003839263085e+03 2.133396869160299469e-01 7.735303570667019729e-04 2.125661565589632429e-01
3.281892831173224749e+03 2.180510820854302256e-01 7.907568663535191871e-04 2.172603252190767331e-01
3.285964658507186869e+03 2.229217689720321971e-01 8.087043952421539344e-04 2.221130645767900591e-01
3.290036485841148533e+03 2.279584309017339550e-01 8.274123150087874185e-04 2.271310185867251863e-01
3.294108313175110197e+03 2.331358866755134651e-01 8.468085070005496170e-04 2.322890781685129080e-01
3.298180140509072316e+03 2.384040213783849560e-01 8.667301406394972447e-04 2.375372912377454460e-01
3.302251967843033981e+03 2.437004945213905316e-01 8.869621307163215928e-04 2.428135323906742971e-01
3.306323795176996100e+03 2.489660169052557437e-01 9.072845041809454291e-04 2.480587324010747885e-01
3.310395622510956855e+03 2.541583284936395626e-01 9.275180516195722291e-04 2.532308104420200046e-01
3.314467449844919429e+03 2.592613562038955655e-01 9.475580041926057184e-04 2.583137981997030708e-01
3.318539277178881548e+03 2.642873241330730982e-01 9.673881714806255045e-04 2.633199359615925328e-01
3.322611104512842758e+03 2.692715024233188759e-01 9.870726119223193189e-04 2.682844298113966075e-01
3.326682931846805332e+03 2.742612919877383537e-01 1.006727532228313083e-03 2.732545644555101072e-01
3.330754759180766087e+03 2.793028741653023062e-01 1.026481326082965845e-03 2.782763928392193442e-01
3.334826586514728206e+03 2.844292516935003623e-01 1.046433963896023370e-03 2.833828177296043305e-01
3.338898413848690780e+03 2.896529873904459262e-01 1.066627217412309189e-03 2.885863601730335737e-01
3.342970241182651989e+03 2.949654707806422804e-01 1.087034163854149176e-03 2.938784366167881967e-01
3.347042068516613654e+03 3.003425734547372494e-01 1.107570825314349843e-03 2.992350026294229304e-01
3.351113895850575318e+03 3.057547067242862848e-01 1.128126300088330616e-03 3.046265804241979902e-01
3.355185723184537437e+03 3.111781314486757877e-01 1.148602334490146605e-03 3.100295291141856313e-01
3.359257550518499102e+03 3.166042077399642274e-01 1.168950638731776652e-03 3.154352571012323803e-01
3.363329377852461221e+03 3.220440866535195790e-01 1.189197120531533449e-03 3.208548895329880191e-01
3.367401205186422885e+03 3.275277975134865405e-01 1.209446176907359727e-03 3.263183513365791599e-01
3.371473032520384550e+03 3.330982624783696555e-01 1.229863855822097311e-03 3.318683986225475779e-01
3.375544859854346669e+03 3.388019898245900885e-01 1.250644263649010584e-03 3.375513455609411295e-01
3.379616687188308333e+03 3.446787703933623659e-01 1.271967492760774825e-03 3.434068029006016043e-01
3.383688514522270452e+03 3.507526078429759053e-01 1.293958771314533945e-03 3.494586490716613536e-01
3.387760341856232117e+03 3.570255556162676980e-01 1.316657581549642584e-03 3.557088980347181129e-01
3.391832169190193781e+03 3.634754033565281151e-01 1.340002888505691190e-03 3.621354004680225058e-01
3.395903996524154991e+03 3.700574823999541185e-01 1.363837291350547326e-03 3.686936451086036404e-01
3.399975823858117565e+03 3.767103204047269061e-01 1.387929549005418369e-03 3.753223908557215549e-01
3.404047651192079684e+03 3.833644041523943113e-01 1.412011844635364813e-03 3.819523923077590699e-01
3.408119478526040439e+03 3.899528028232192578e-01 1.435825404025449763e-03 3.885169774191937764e-01
3.412191305860003013e+03 3.964218486198434199e-01 1.459165825212300083e-03 3.949626827946312035e-01
3.416263133193964222e+03 4.027396232352941086e-01 1.481918216565852528e-03 4.012577050187283167e-01
3.420334960527926341e+03 4.088999485761878327e-01 1.504072802153303160e-03 4.073958757740345216e-01
3.424406787861888915e+03 4.149202110161416823e-01 1.525714791113032352e-03 4.133944962250286070e-01
3.428478615195849670e+03 4.208327430372875710e-01 1.546988120627453998e-03 4.192857549166600362e-01
3.432550442529811789e+03 4.266713899316119663e-01 1.568040151547660200e-03 4.251033497800643102e-01
3.436622269863773454e+03 4.324567169940298217e-01 1.588961376548293477e-03 4.308677556174814738e-01
3.440694097197735573e+03 4.381843286207822707e-01 1.609738011652805988e-03 4.365745906091295647e-01
3.444765924531697237e+03 4.438203891177009419e-01 1.630233814193873809e-03 4.421901553035071375e-01
3.448837751865658902e+03 4.493065172265283680e-01 1.650210039286338550e-03 4.476563071872420307e-01
3.452909579199621021e+03 4.545732335878271968e-01 1.669380768473490611e-03 4.529038528193538582e-01
3.456981406533582685e+03 4.595580465111653856e-01 1.687488549084277187e-03 4.578705579620810928e-01
3.461053233867544805e+03 4.642222289695108195e-01 1.704376827402683979e-03 4.625178521421081657e-01
3.465125061201506469e+03 4.685602685066242445e-01 1.720034639977198031e-03 4.668402338666470253e-01
3.469196888535468133e+03 4.725981008163641084e-01 1.734596622994498362e-03 4.708635041933696419e-01
3.473268715869430252e+03 4.763799764531221892e-01 1.748295620072735533e-03 4.746316808330494075e-01
3.477340543203391917e+03 4.799478925077586555e-01 1.761381327405369540e-03 4.781865111803533241e-01
3.481412370537354036e+03 4.833204481513205808e-01 1.774030735239969393e-03 4.815464174160807298e-01
3.485484197871315700e+03 4.864785927380988473e-01 1.786279910251364293e-03 4.846923128278475268e-01
3.489556025205277365e+03 4.893636760350196235e-01 1.798000179700089780e-03 4.875656758553195691e-01
3.493627852539239484e+03 4.918891196615469141e-01 1.808927057261877202e-03 4.900801926042849255e-01
3.497699679873201148e+03 4.939623314847719771e-01 1.818732443538197911e-03 4.921435990412338368e-01
3.501771507207163268e+03 4.955098740808461244e-01 1.827116120513897195e-03 4.936827579603322858e-01
3.505843334541124023e+03 4.964976994830941903e-01 1.833886534657573923e-03 4.946638129484366431e-01
3.509915161875086596e+03 4.969399240400685369e-01 1.839005367134927170e-03 4.951009186729335987e-01
3.513986989209048716e+03 4.968935359677699171e-01 1.842583556428697891e-03 4.950509524113412274e-01
3.518058816543009925e+03 4.964411765322490067e-01 1.844833272134449673e-03 4.945963432601144794e-01
3.522130643876972499e+03 4.956680046245239279e-01 1.845994681996842137e-03 4.938220099425271181e-01
3.526202471210933254e+03 4.946402969951324557e-01 1.846263253388240625e-03 4.927940337417442973e-01
3.530274298544895373e+03 4.933923614823292891e-01 1.845740843095939861e-03 4.915466206392334891e-01
3.534346125878857947e+03 4.919250673337124402e-01 1.844423583484033208e-03 4.900806437502284174e-01
3.538417953212819157e+03 4.902151198801433241e-01 1.842225911586081646e-03 4.883728939685573200e-01
3.542489780546780821e+03 4.882306767701427574e-01 1.839028214919313830e-03 4.863916485552233770e-01
3.546561607880742486e+03 4.859472333806377220e-01 1.834729500201388776e-03 4.841125038804364178e-01
3.550633435214704605e+03 4.833583402359323822e-01 1.829287644436897479e-03 4.815290525914954212e-01
3.554705262548666269e+03 4.804782164412308987e-01 1.822736719208980062e-03 4.786554797220220481e-01
3.558777089882628388e+03 4.773365985298047010e-01 1.815180188039419110e-03 4.755214183417653118e-01
3.562848917216590053e+03 4.739689324479404720e-01 1.806766688093454625e-03 4.721621657598469857e-01
3.566920744550551717e+03 4.704063073987587162e-01 1.797659014337068487e-03 4.686086483844216777e-01
3.570992571884513836e+03 4.666690252075607614e-01 1.788006252360307535e-03 4.648810189552005090e-01
3.575064399218475501e+03 4.627657909363637745e-01 1.777925112031114281e-03 4.609878658243326544e-01
3.579136226552437620e+03 4.586980845659957007e-01 1.767491775414426185e-03 4.569305927905812359e-01
3.583208053886399284e+03 4.544673160248796639e-01 1.756742167084717528e-03 4.527105738577950622e-01
3.587279881220360949e+03 4.500815725505263876e-01 1.745677515405095071e-03 4.483358950351212791e-01
3.591351708554322158e+03 4.455593045003430897e-01 1.734273013571353828e-03 4.438250314867716595e-01
3.595423535888284732e+03 4.409287927862585721e-01 1.722488954930922415e-03 4.392063038313276380e-01
3.599495363222246851e+03 4.362239958406359253e-01 1.710284462192306846e-03 4.345137113784436345e-01
3.603567190556207606e+03 4.314786663883856122e-01 1.697633145681437224e-03 4.297810332427042246e-01
3.607639017890170180e+03 4.267210073844732721e-01 1.684538107583466188e-03 4.250364692768898722e-01
3.611710845224131390e+03 4.219705689621695011e-01 1.671041905571129648e-03 4.202995270565985098e-01
3.615782672558093509e+03 4.172379240816370682e-01 1.657226788035280618e-03 4.155806972936018084e-01
3.619854499892056083e+03 4.125264493368325236e-01 1.643202448460538310e-03 4.108832468883719113e-01
3.623926327226016838e+03 4.078347848504615958e-01 1.629082335713439049e-03 4.062057025147481903e-01
3.627998154559978957e+03 4.031585158757554632e-01 1.614953801721695460e-03 4.015435620740337441e-01
3.632069981893940621e+03 3.984902469829436078e-01 1.600850270809961711e-03 3.968893967121338018e-01
3.636141809227902741e+03 3.938181986100997567e-01 1.586733811674902097e-03 3.922314647984249114e-01
3.640213636561864405e+03 3.891243063177761696e-01 1.572493699643515543e-03 3.875518126181327072e-01
3.644285463895826069e+03 3.843831813063328662e-01 1.557961724740995367e-03 3.828252195815918246e-01
3.648357291229788189e+03 3.795630456140364761e-01 1.542939911952079289e-03 3.780201057020844413e-01
3.652429118563749853e+03 3.746289919798039270e-01 1.527232817693305105e-03 3.731017591621107465e-01
3.656500945897711972e+03 3.695479400892784927e-01 1.510675785073937235e-03 3.680372643042045810e-01
3.660572773231673636e+03 3.642938437776772065e-01 1.493152479428772267e-03 3.628006912982485455e-01
3.664644600565635301e+03 3.588513555420426160e-01 1.474598646783775550e-03 3.573767568952589957e-01
3.668716427899597420e+03 3.532164113680205664e-01 1.454992811311547028e-03 3.517614185567091711e-01
3.672788255233559084e+03 3.473929891868550168e-01 1.434337246529919030e-03 3.459586519403251570e-01
3.676860082567521204e+03 3.413863764189023486e-01 1.412633476765773072e-03 3.399737429421366142e-01
3.680931909901482868e+03 3.351943310053994152e-01 1.389856138249800574e-03 3.338044748671496476e-01
3.685003737235444532e+03 3.287982320392610069e-01 1.365928170119362368e-03 3.274323038691416832e-01
3.689075564569406652e+03 3.221564946753354697e-01 1.340699919421167990e-03 3.208157947559143741e-01
3.693147391903368316e+03 3.152021286751711115e-01 1.313935188708054841e-03 3.138881934864630741e-01
3.697219219237330435e+03 3.078454641869424746e-01 1.285308125211137662e-03 3.065601560617313703e-01
3.701291046571291190e+03 2.999819775823119317e-01 1.254415191216954207e-03 2.987275623910949918e-01
3.705362873905253764e+03 2.915040943892577285e-01 1.220805292155481385e-03 2.902832890971023261e-01
3.709434701239215883e+03 2.823150680303486704e-01 1.184028065936325140e-03 2.811310399644124658e-01
3.713506528573177093e+03 2.723426887746637770e-01 1.143695859975859533e-03 2.711989929146879641e-01
3.717578355907139667e+03 2.615507065886494287e-01 1.099550376191221973e-03 2.604511562124581792e-01
3.721650183241100422e+03 2.499463785198164645e-01 1.051522021226243466e-03 2.488948564985903611e-01
3.725722010575062541e+03 2.375833157636395576e-01 9.997699764653534150e-04 2.365835457871742764e-01
3.729793837909025115e+03 2.245596136939259913e-01 9.446942755633360844e-04 2.236149194183627564e-01
3.733865665242986324e+03 2.110119261397970791e-01 8.869169620359228928e-04 2.101250091777611961e-01
3.737937492576947989e+03 1.971065815480373407e-01 8.272360032324230835e-04 1.962793455448049451e-01
3.742009319910909653e+03 1.830290026655214952e-01 7.665610770206769675e-04 1.822624415885008842e-01
3.746081147244871772e+03 1.689726250190896617e-01 7.058430787392595222e-04 1.682667819403504406e-01
3.750152974578833437e+03 1.551282985685842886e-01 6.460086508893703953e-04 1.544822899176949982e-01
3.754224801912795556e+03 1.416748939385192863e-01 5.879077698673530620e-04 1.410869861686519511e-01
3.758296629246757220e+03 1.287715877567815193e-01 5.322778177579478914e-04 1.282393099390236046e-01
3.762368456580718885e+03 1.165521003317435411e-01 4.797232610350068570e-04 1.160723770707086100e-01
3.766440283914681004e+03 1.051209988515941635e-01 4.307073254654405223e-04 1.046902915261287148e-01
3.770512111248642668e+03 9.455204065795209945e-02 3.855513948383013046e-04 9.416648926311388390e-02
3.774583938582604787e+03 8.488839942171860775e-02 3.444389262087988097e-04 8.454396049550980119e-02
3.778655765916566452e+03 7.614449563023122092e-02 3.074225478403620629e-04 7.583707308239087674e-02
3.782727593250528116e+03 6.830906176216540449e-02 2.744346478445706819e-04 6.803462711432087251e-02
3.786799420584490235e+03 6.134903560957323532e-02 2.453024422607809254e-04 6.110373316731252530e-02
3.790871247918451900e+03 5.521390306031324219e-02 2.197680535735550573e-04 5.499413500673973332e-02
3.794943075252414019e+03 4.984019132849461242e-02 1.975128888856636446e-04 4.964267843960901150e-02
3.799014902586375683e+03 4.515591069105266697e-02 1.781842332570005071e-04 4.497772645779569978e-02
3.803086729920337348e+03 4.108481586153261977e-02 1.614210989555772918e-04 4.092339476257710745e-02
3.807158557254298557e+03 3.755037875879280868e-02 1.468763469023864497e-04 3.740350241189047131e-02
3.811230384588261131e+03 3.447933227270891937e-02 1.342328939727339726e-04 3.434509937873623381e-02
3.815302211922223250e+03 3.180458967236658718e-02 1.232131034919671400e-04 3.168137656887469455e-02
3.819374039256184005e+03 2.946731403126090498e-02 1.135817684975460858e-04 2.935373226276339481e-02
3.823445866590146579e+03 2.741794895921132597e-02 1.051440572197244233e-04 2.731280490199167188e-02
3.827517693924107789e+03 2.561614170167267335e-02 9.774022046108712600e-05 2.551840148121163956e-02
3.831589521258069908e+03 2.402967037895121366e-02 9.123880331282632956e-05 2.393843157563844970e-02
3.835661348592032482e+03 2.263267520090435705e-02 8.552974313321779084e-05 2.254714545777120743e-02
3.839733175925993237e+03 2.140362420153857706e-02 8.051828277057353482e-05 2.132310591876803232e-02
3.843805003259955356e+03 2.032346802619159135e-02 7.612022754309739751e-05 2.024734779864854201e-02
3.847876830593917020e+03 1.937434238963939293e-02 7.225877235607670326e-05 1.930208361728335403e-02
3.851948657927879140e+03 1.853899020712752171e-02 6.886289467876327715e-05 1.847012731244881273e-02
3.856020485261840804e+03 1.780085866322472787e-02 6.586710654391276913e-05 1.773499155668085275e-02
3.860092312595802468e+03 1.714464830347652360e-02 6.321217207974801078e-05 1.708143613139682243e-02
3.864164139929764588e+03 1.655700281615654287e-02 6.084625854821095744e-05 1.649615655760841917e-02
3.868235967263726252e+03 1.602704590285847913e-02 5.872595192042279471e-05 1.596831995093807993e-02
3.872307794597688371e+03 1.554657441797601194e-02 5.681666718095369908e-05 1.548975775079512382e-02
3.876379621931650036e+03 1.510985808653830809e-02 5.509220390288484530e-05 1.505476588263548673e-02
3.880451449265611700e+03 1.471312355338906183e-02 5.353347271065435613e-05 1.465959008067848138e-02
3.884523276599573819e+03 1.435387651163737635e-02 5.212665705741550412e-05 1.430174985458001514e-02
3.888595103933535484e+03 1.403022786781914569e-02 5.086120232809243771e-05 1.397936666549111362e-02
3.892666931267497603e+03 1.374035082521582116e-02 4.972801365077661733e-05 1.369062281156512365e-02
3.896738758601459267e+03 1.348213251429679696e-02 4.871812330159708542e-05 1.343341439099524949e-02
3.900810585935420931e+03 1.325302413802154425e-02 4.782192281194801300e-05 1.320520221520967222e-02
3.904882413269383051e+03 1.305005489194427035e-02 4.702891122699420778e-05 1.300302598071733685e-02
3.908954240603344715e+03 1.286996018612680814e-02 4.632783008364886330e-05 1.282363235604321895e-02
3.913026067937306834e+03 1.270937609533713195e-02 4.570704006487160125e-05 1.266366905527234119e-02
3.917097895271267589e+03 1.256505845465769912e-02 4.515501788598004767e-05 1.251990343677179818e-02
3.921169722605230163e+03 1.243408953648213536e-02 4.466088225527354010e-05 1.238942865422691837e-02
3.925241549939192282e+03 1.231403776188978727e-02 4.421487605306591295e-05 1.226982288583679075e-02
3.929313377273153492e+03 1.220304143342989221e-02 4.380874057162351392e-05 1.215923269285834434e-02
3.933385204607116066e+03 1.209980099693561996e-02 4.343593197684882383e-05 1.205636506495883289e-02
3.937457031941076821e+03 1.200348598574233101e-02 4.309166178011296637e-05 1.196039432396228154e-02
3.941528859275038940e+03 1.191358636993382347e-02 4.277278745882726052e-05 1.187081358247506907e-02
3.945600686609001514e+03 1.182975365919850322e-02 4.247761539561897837e-05 1.178727604380294669e-02
3.949672513942962723e+03 1.175167660391648709e-02 4.220568156499231036e-05 1.170947092235154197e-02
3.953744341276924388e+03 1.167901819023522449e-02 4.195753623877918195e-05 1.163706065399650914e-02
3.957816168610886052e+03 1.161141176268010861e-02 4.173449404136913849e-05 1.156967726863880434e-02
3.961887995944848171e+03 1.154848729618769033e-02 4.153825893222426186e-05 1.150694903725551187e-02
3.965959823278809836e+03 1.148988680292154993e-02 4.137033713196048987e-05 1.144851646578966611e-02
3.970031650612771955e+03 1.143523700984261371e-02 4.123122943348878078e-05 1.139400578040919779e-02
3.974103477946733619e+03 1.138407434298690721e-02 4.111952813933700268e-05 1.134295481484765868e-02
3.978175305280695284e+03 1.133574967006760817e-02 4.103117595916846723e-05 1.129471849410849590e-02
3.982247132614657403e+03 1.128936245819234241e-02 4.095920283203567793e-05 1.124840325536040700e-02
3.986318959948619067e+03 1.124377395532765063e-02 4.089418974659378154e-05 1.120287976558111999e-02
3.990390787282581186e+03 1.119772410607762156e-02 4.082551352601812567e-05 1.115689859255166935e-02
3.994462614616542851e+03 1.115003570389919846e-02 4.074315947087750196e-05 1.110929254442838063e-02
3.998534441950504515e+03 1.109984823016998620e-02 4.063964767985206721e-05 1.105920858249017855e-02
