# wavenumber(cm^-1)  total O H
4.071827333961817175e+00 1.134562424672557954e-02 3.336370191797880056e-03 8.009254054927692976e-03
8.143654667923634349e+00 1.284451362559030710e-02 3.807487256076599186e-03 9.037026369513695770e-03
1.221548200188545152e+01 1.516007539149865149e-02 4.555473232902487214e-03 1.060460215859615127e-02
1.628730933584726870e+01 1.811549746218960727e-02 5.538042657970655355e-03 1.257745480421896059e-02
2.035913666980908587e+01 2.164092379896856433e-02 6.737837550501155071e-03 1.490308624846740058e-02
2.443096400377090305e+01 2.595934074096627533e-02 8.231928079180602514e-03 1.772741266178567976e-02
2.850279133773272022e+01 3.168492665811700054e-02 1.023571642208079453e-02 2.144921023603621121e-02
3.257461867169453740e+01 3.951968810609929328e-02 1.300071308443536376e-02 2.651897502166392778e-02
3.664644600565635812e+01 4.953776881266962195e-02 1.656163171514461740e-02 3.297613709752501843e-02
4.071827333961817175e+01 6.067783522027959953e-02 2.055591988241068854e-02 4.012191533786890751e-02
4.479010067357999247e+01 7.115137200500076808e-02 2.436509238752476367e-02 4.678627961747600789e-02
4.886192800754180610e+01 7.960176245813743723e-02 2.751589732220163786e-02 5.208586513593580630e-02
5.293375534150362682e+01 8.591596419921876393e-02 2.995703968054398356e-02 5.595892451867477690e-02
5.700558267546544045e+01 9.082506513250823699e-02 3.191726391523062867e-02 5.890780121727760138e-02
6.107741000942726117e+01 9.470610253925966504e-02 3.349374634776567522e-02 6.121235619149397594e-02
6.514923734338907479e+01 9.685681554079002276e-02 3.440760446181318627e-02 6.244921107897682955e-02
6.922106467735089552e+01 9.597977820873068722e-02 3.417401737356652591e-02 6.180576083516416130e-02
7.329289201131271625e+01 9.135903437656452131e-02 3.251166746200630925e-02 5.884736691455820512e-02
7.736471934527452277e+01 8.362322954230852479e-02 2.962078966348221515e-02 5.400243987882628882e-02
8.143654667923634349e+01 7.451099111647221940e-02 2.612542442408882781e-02 4.838556669238337771e-02
8.550837401319816422e+01 6.594977728613635182e-02 2.276236280841766393e-02 4.318741447771869135e-02
8.958020134715998495e+01 5.918595451915890926e-02 2.005124435538872818e-02 3.913471016377018108e-02
9.365202868112179146e+01 5.450092938533804970e-02 1.814706971296634747e-02 3.635385967237170224e-02
9.772385601508361219e+01 5.154554688018723324e-02 1.692970818577224992e-02 3.461583869441497985e-02
1.017956833490454329e+02 4.989620861905107174e-02 1.621634815097313526e-02 3.367986046807792955e-02
1.058675106830072536e+02 4.935424759667557393e-02 1.590709596022593306e-02 3.344715163644963740e-02
1.099393380169690602e+02 4.984099970837781168e-02 1.596960562997221111e-02 3.387139407840559363e-02
1.140111653509308809e+02 5.117303317315189531e-02 1.634771696123770574e-02 3.482531621191419652e-02
1.180829926848927016e+02 5.305725206521568621e-02 1.693698069039212620e-02 3.612027137482356348e-02
1.221548200188545223e+02 5.526923797484413481e-02 1.764281881899817592e-02 3.762641915584596930e-02
1.262266473528163289e+02 5.768703439500057900e-02 1.840779948439773966e-02 3.927923491060282546e-02
1.302984746867781496e+02 6.006499217853875777e-02 1.914693590805567266e-02 4.091805627048307470e-02
1.343703020207399561e+02 6.185998755923416415e-02 1.968500354072767744e-02 4.217498401850650058e-02
1.384421293547017910e+02 6.244751870862712273e-02 1.981775349332312239e-02 4.262976521530400381e-02
1.425139566886635976e+02 6.160877176829039625e-02 1.946929578198507843e-02 4.213947598630531088e-02
1.465857840226254325e+02 5.980837709611928205e-02 1.878768021934307253e-02 4.102069687677623033e-02
1.506576113565872390e+02 5.796446111445345550e-02 1.807498914799959139e-02 3.988947196645387105e-02
1.547294386905490455e+02 5.689841556385085569e-02 1.760968758574560020e-02 3.928872797810525896e-02
1.588012660245108805e+02 5.689612539432794408e-02 1.750017242640741072e-02 3.939595296792052642e-02
1.628730933584726870e+02 5.764532384287033434e-02 1.765495648343957252e-02 3.999036735943075488e-02
1.669449206924344935e+02 5.851017033213305046e-02 1.786244421958437315e-02 4.064772611254867385e-02
1.710167480263963284e+02 5.893322768963030894e-02 1.792311416284115763e-02 4.101011352678914784e-02
1.750885753603581350e+02 5.873601575621294202e-02 1.776278887321875583e-02 4.097322688299419313e-02
1.791604026943199699e+02 5.815702447468586861e-02 1.746089826928210603e-02 4.069612620540376258e-02
1.832322300282817764e+02 5.761586161072522472e-02 1.717232688940798641e-02 4.044353472131723137e-02
1.873040573622435829e+02 5.738056515987306760e-02 1.700045046627985182e-02 4.038011469359319844e-02
1.913758846962054179e+02 5.739179234064069324e-02 1.692362430312654986e-02 4.046816803751414338e-02
1.954477120301672244e+02 5.736504822910069856e-02 1.683125232109353858e-02 4.053379590800715998e-02
1.995195393641290309e+02 5.705838731156781529e-02 1.662714897284425786e-02 4.043123833872355744e-02
2.035913666980908658e+02 5.647046213106530349e-02 1.630408269932249674e-02 4.016637943174279635e-02
2.076631940320526724e+02 5.581706014117589904e-02 1.593131771365232513e-02 3.988574242752356697e-02
2.117350213660145073e+02 5.533142282473145490e-02 1.558114830595787662e-02 3.975027451877358176e-02
2.158068486999763138e+02 5.507675371432298184e-02 1.526989732887474270e-02 3.980685638544824434e-02
2.198786760339381203e+02 5.493651270795114894e-02 1.496465477294391978e-02 3.997185793500722395e-02
2.239505033678999553e+02 5.477621791131905699e-02 1.463846043550294171e-02 4.013775747581610487e-02
2.280223307018617618e+02 5.460011624261364854e-02 1.431045761786126080e-02 4.028965862475238080e-02
2.320941580358235683e+02 5.453278360560498417e-02 1.402813761977918759e-02 4.050464598582578790e-02
2.361659853697854032e+02 5.464983303935899706e-02 1.381342172405817734e-02 4.083641131530080237e-02
2.402378127037472098e+02 5.485408797020842331e-02 1.363226339142481827e-02 4.122182457878359463e-02
2.443096400377090447e+02 5.493748790704659074e-02 1.341753062378567805e-02 4.151995728326090401e-02
2.483814673716708512e+02 5.474818999653548179e-02 1.311554060051737212e-02 4.163264939601809406e-02
2.524532947056326577e+02 5.427045632288068910e-02 1.270866991656675882e-02 4.156178640631393029e-02
2.565251220395944642e+02 5.355578307436578006e-02 1.220424375503604067e-02 4.135153931932974286e-02
2.605969493735562992e+02 5.263378318382690157e-02 1.161814576539024410e-02 4.101563741843665400e-02
2.646687767075181341e+02 5.152978081667084626e-02 1.097405738245135938e-02 4.055572343421947473e-02
2.687406040414799122e+02 5.034345625838525240e-02 1.030704460949537389e-02 4.003641164888988024e-02
2.728124313754417472e+02 4.924889090637674105e-02 9.652849534791672556e-03 3.959604137158506676e-02
2.768842587094035821e+02 4.838569723180281140e-02 9.028113109121735022e-03 3.935758412268106771e-02
2.809560860433653602e+02 4.776127998881905812e-02 8.423568324282494288e-03 3.933771166453654822e-02
2.850279133773271951e+02 4.727054199903489573e-02 7.818744055948637084e-03 3.945179794308625865e-02
2.890997407112890301e+02 4.679673083091379776e-02 7.203525540406295787e-03 3.959320529050750631e-02
2.931715680452508650e+02 4.628578536669832044e-02 6.588045761800581657e-03 3.969773960489772491e-02
2.972433953792126431e+02 4.575713290579436210e-02 5.996869208340789223e-03 3.976026369745355726e-02
3.013152227131744780e+02 4.529321193995407280e-02 5.455594119426315433e-03 3.983761782052774175e-02
3.053870500471363130e+02 4.502793224684172035e-02 4.978824206037719621e-03 4.004910804080399206e-02
3.094588773810980911e+02 4.510304162830976876e-02 4.564933441197164925e-03 4.053810818711259256e-02
3.135307047150599260e+02 4.559227114557046906e-02 4.200109579752690780e-03 4.139216156581777828e-02
3.176025320490217609e+02 4.646133376930888098e-02 3.869304988433716445e-03 4.259202878087516020e-02
3.216743593829835390e+02 4.761105994360362303e-02 3.565999662058440441e-03 4.404506028154517305e-02
3.257461867169453740e+02 4.895341806977738380e-02 3.293168133474783706e-03 4.566024993630259793e-02
3.298180140509072089e+02 5.044188786866391633e-02 3.056068088311318653e-03 4.738581978035258380e-02
3.338898413848689870e+02 5.206141548713898171e-02 2.854775548255895044e-03 4.920663993888309273e-02
3.379616687188308219e+02 5.383729345337723293e-02 2.683043286522337947e-03 5.115425016685489629e-02
3.420334960527926569e+02 5.585043513949498883e-02 2.532876337557757231e-03 5.331755880193724678e-02
3.461053233867544918e+02 5.817565911918026744e-02 2.399395287695138025e-03 5.577626383148513028e-02
3.501771507207162699e+02 6.074888264069330107e-02 2.281560327844056775e-03 5.846732231284923476e-02
3.542489780546781049e+02 6.332333106658424859e-02 2.178600460578616199e-03 6.114473060600562893e-02
3.583208053886399398e+02 6.564027092284556442e-02 2.085877026247736927e-03 6.355439389659781058e-02
3.623926327226017179e+02 6.769128395760586059e-02 1.994849659405105533e-03 6.569643429820075375e-02
3.664644600565635528e+02 6.978743624177921601e-02 1.898431751965856673e-03 6.788900448981337321e-02
3.705362873905253878e+02 7.231574303949335480e-02 1.797312195831852599e-03 7.051843084366146708e-02
3.746081147244871659e+02 7.539244645932406674e-02 1.700595859415167345e-03 7.369185059990888964e-02
3.786799420584490008e+02 7.874282583996831952e-02 1.619029261927246079e-03 7.712379657804106781e-02
3.827517693924108357e+02 8.192438886369494966e-02 1.556670231963029963e-03 8.036771863173192143e-02
3.868235967263726138e+02 8.470179573901412406e-02 1.508583669819019667e-03 8.319321206919511047e-02
3.908954240603344488e+02 8.726161329901085950e-02 1.465854275179469647e-03 8.579575902383138053e-02
3.949672513942962837e+02 9.008316379677526464e-02 1.422128092123776423e-03 8.866103570465153072e-02
3.990390787282580618e+02 9.354104904856842817e-02 1.375728569607990222e-03 9.216532047896043578e-02
4.031109060622198967e+02 9.754731569414035186e-02 1.327272119677755553e-03 9.622004357446259371e-02
4.071827333961817317e+02 1.015738044750797986e-01 1.277231916418437212e-03 1.002965725586613538e-01
4.112545607301435666e+02 1.051138326684991353e-01 1.226441616191473270e-03 1.038873910523076677e-01
4.153263880641053447e+02 1.082020551583279255e-01 1.177904459160599316e-03 1.070241506991673336e-01
4.193982153980671796e+02 1.114526299487296895e-01 1.136364014817533002e-03 1.103162659339121526e-01
4.234700427320290146e+02 1.154885049934888386e-01 1.104918488196425866e-03 1.143835865052923867e-01
4.275418700659907927e+02 1.202945924164104952e-01 1.081915252358755120e-03 1.192126771640517474e-01
4.316136973999526276e+02 1.252059852018046482e-01 1.061668124981332128e-03 1.241443170768233017e-01
4.356855247339144626e+02 1.296283698395454265e-01 1.038678896407318943e-03 1.285896909431380741e-01
4.397573520678762407e+02 1.337684563732094711e-01 1.011359977229135156e-03 1.327570963959803230e-01
4.438291794018380756e+02 1.385499974149935754e-01 9.819591550754959777e-04 1.375680382599180629e-01
4.479010067357999105e+02 1.447046669651539941e-01 9.535515005462513304e-04 1.437511154646076983e-01
4.519728340697616886e+02 1.519220642560925594e-01 9.276478248452608641e-04 1.509944164312472803e-01
4.560446614037235236e+02 1.589360903908997869e-01 9.043558102626395598e-04 1.580317345806371288e-01
4.601164887376853585e+02 1.644970619501073261e-01 8.837267768734988422e-04 1.636133351732338426e-01
4.641883160716471366e+02 1.683187667767470086e-01 8.661426390984246562e-04 1.674526241376486091e-01
4.682601434056089715e+02 1.711831439626457785e-01 8.516316136037788359e-04 1.703315123490420080e-01
4.723319707395708065e+02 1.742408841842990053e-01 8.395159937121598548e-04 1.734013681905868798e-01
4.764037980735326414e+02 1.781984019744152770e-01 8.289290963909515947e-04 1.773694728780243202e-01
4.804756254074944195e+02 1.829564175814669680e-01 8.193217612670106089e-04 1.821370958201999346e-01
4.845474527414562544e+02 1.877416796679532429e-01 8.102996861993307575e-04 1.869313799817538535e-01
4.886192800754180894e+02 1.915120865377090698e-01 8.013014223809629194e-04 1.907107851153280742e-01
4.926911074093798675e+02 1.934792892463077785e-01 7.917544703496404027e-04 1.926875347759581525e-01
4.967629347433417024e+02 1.935760744206784234e-01 7.814225067287897206e-04 1.927946519139496773e-01
5.008347620773035374e+02 1.925387547899823915e-01 7.703648560010663065e-04 1.917683899339813203e-01
5.049065894112653154e+02 1.914089728741909524e-01 7.587132658469920420e-04 1.906502596083439194e-01
5.089784167452271504e+02 1.908059217523351558e-01 7.468844848308118503e-04 1.900590372675043105e-01
5.130502440791889285e+02 1.906524109799779543e-01 7.360473229970919450e-04 1.899163636569808356e-01
5.171220714131508203e+02 1.905869283871725606e-01 7.278706475781274426e-04 1.898590577395944390e-01
5.211938987471125984e+02 1.905047430825002053e-01 7.232198694870100491e-04 1.897815232130131702e-01
5.252657260810743765e+02 1.905620619001792970e-01 7.209382444693644178e-04 1.898411236557099591e-01
5.293375534150362682e+02 1.907324158012618787e-01 7.182182957084363214e-04 1.900141975055534560e-01
5.334093807489980463e+02 1.906202969560534810e-01 7.126364816439418508e-04 1.899076604744095453e-01
5.374812080829598244e+02 1.898645619093423109e-01 7.041437263206497396e-04 1.891604181830216502e-01
5.415530354169217162e+02 1.886113159519152149e-01 6.951137459434441907e-04 1.879162022059717718e-01
5.456248627508834943e+02 1.873880352885017586e-01 6.882727845609270482e-04 1.866997625039408248e-01
5.496966900848452724e+02 1.864857542962478631e-01 6.843453320376421132e-04 1.858014089642102407e-01
5.537685174188071642e+02 1.856085449240845731e-01 6.815613463704869954e-04 1.849269835777140325e-01
5.578403447527689423e+02 1.842172137008915578e-01 6.773980643803301227e-04 1.835398156365111999e-01
5.619121720867307204e+02 1.821438648349792966e-01 6.708047375491032766e-04 1.814730600974302221e-01
5.659839994206926121e+02 1.797837227357074186e-01 6.628460490863041701e-04 1.791208766866211333e-01
5.700558267546543902e+02 1.777382657917074282e-01 6.554497054116227833e-04 1.770828160862957801e-01
5.741276540886162820e+02 1.763830698896500793e-01 6.497688678759013566e-04 1.757333010217741742e-01
5.781994814225780601e+02 1.757643931037565221e-01 6.456633095940414718e-04 1.751187297941624865e-01
5.822713087565398382e+02 1.757445624769941317e-01 6.423284006767974660e-04 1.751022340763173646e-01
5.863431360905017300e+02 1.761075541348521845e-01 6.390768009910340573e-04 1.754684773338611725e-01
5.904149634244635081e+02 1.765600065201581859e-01 6.356270161941556538e-04 1.759243795039640568e-01
5.944867907584252862e+02 1.767759475237469791e-01 6.320277299742310846e-04 1.761439197937727519e-01
5.985586180923871780e+02 1.765329520946272157e-01 6.284618646816582778e-04 1.759044902299455870e-01
6.026304454263489561e+02 1.757991828904455767e-01 6.249198130429815031e-04 1.751742630774025533e-01
6.067022727603107342e+02 1.746758850518947415e-01 6.208973348251252281e-04 1.740549877170696202e-01
6.107741000942726259e+02 1.732956040301058265e-01 6.155983049711262305e-04 1.726800057251346998e-01
6.148459274282344040e+02 1.718068956477735443e-01 6.087310033398225014e-04 1.711981646444337424e-01
6.189177547621961821e+02 1.704032691754950868e-01 6.010979898198078042e-04 1.698021711856752547e-01
6.229895820961580739e+02 1.692663503851052909e-01 5.941220390919561140e-04 1.686722283460133087e-01
6.270614094301198520e+02 1.684420982607967576e-01 5.886442276382561562e-04 1.678534540331584890e-01
6.311332367640816301e+02 1.678197040403826279e-01 5.843235676487552399e-04 1.672353804727338689e-01
6.352050640980435219e+02 1.672732300498410152e-01 5.803113391049233077e-04 1.666929187107360766e-01
6.392768914320053000e+02 1.667905053263742388e-01 5.762955077319044774e-04 1.662142098186423222e-01
6.433487187659670781e+02 1.664110028294584764e-01 5.725981937706417935e-04 1.658384046356878305e-01
6.474205460999289699e+02 1.660641893858955664e-01 5.693365795276450958e-04 1.654948528063679147e-01
6.514923734338907479e+02 1.655628156715882038e-01 5.659157497513338849e-04 1.649968999218368593e-01
6.555642007678525260e+02 1.647997298730816684e-01 5.615929660899521498e-04 1.642381369069917108e-01
6.596360281018144178e+02 1.638883512231336381e-01 5.563078536672998523e-04 1.633320433694662732e-01
6.637078554357761959e+02 1.630252307488617713e-01 5.505961048926330840e-04 1.624746346439691347e-01
6.677796827697379740e+02 1.622225931404309152e-01 5.447232755842511612e-04 1.616778698648466128e-01
6.718515101036998658e+02 1.612606046986446162e-01 5.383104009782054607e-04 1.607222942976663793e-01
6.759233374376616439e+02 1.599413315867485030e-01 5.310327014216041424e-04 1.594102988853269010e-01
6.799951647716234220e+02 1.583267711721500492e-01 5.233968579722563658e-04 1.578033743141777634e-01
6.840669921055853138e+02 1.566550800858333703e-01 5.163919818504337979e-04 1.561386881039829311e-01
6.881388194395470919e+02 1.550570706966167833e-01 5.103575646554442749e-04 1.545467131319613330e-01
6.922106467735089836e+02 1.534708197019696019e-01 5.046065355140455424e-04 1.529662131664555613e-01
6.962824741074707617e+02 1.518843576979564403e-01 4.984347512760084909e-04 1.513859229466804623e-01
7.003543014414325398e+02 1.505578681655063700e-01 4.922470873862770527e-04 1.500656210781201039e-01
7.044261287753944316e+02 1.498403212008225238e-01 4.872160933674023024e-04 1.493531051074551141e-01
7.084979561093562097e+02 1.497088144965119105e-01 4.837212990191701550e-04 1.492250931974927197e-01
7.125697834433179878e+02 1.495888122394166964e-01 4.804668833030821301e-04 1.491083453561136141e-01
7.166416107772798796e+02 1.487665189284446687e-01 4.754636559865277096e-04 1.482910552724581443e-01
7.207134381112416577e+02 1.470209837550399967e-01 4.678596099527086152e-04 1.465531241450873101e-01
7.247852654452034358e+02 1.448116569252165531e-01 4.586759949189184865e-04 1.443529809302976363e-01
7.288570927791653276e+02 1.428378396493135971e-01 4.498760303555142046e-04 1.423879636189580855e-01
7.329289201131271057e+02 1.414657445991882589e-01 4.429580191733960759e-04 1.410227865800148805e-01
7.370007474470888837e+02 1.405856730834365020e-01 4.383229386762270202e-04 1.401473501447602632e-01
7.410725747810507755e+02 1.398985516853132882e-01 4.354225436143641147e-04 1.394631291416989494e-01
7.451444021150125536e+02 1.391923861450014011e-01 4.330714868910807177e-04 1.387593146581103110e-01
7.492162294489743317e+02 1.383526229910780059e-01 4.298370091830327230e-04 1.379227859818949187e-01
7.532880567829362235e+02 1.372818964552058318e-01 4.247664588952463792e-04 1.368571299963106114e-01
7.573598841168980016e+02 1.359539949457546637e-01 4.180871623062740357e-04 1.355359077834483728e-01
7.614317114508597797e+02 1.345119964307695537e-01 4.110261146778961851e-04 1.341009703160916389e-01
7.655035387848216715e+02 1.331942814618164161e-01 4.047032132230857443e-04 1.327895782485933318e-01
7.695753661187834496e+02 1.321348111916793577e-01 3.992654299784523589e-04 1.317355457617008785e-01
7.736471934527452277e+02 1.312976329769461881e-01 3.942457448501185857e-04 1.309033872320961023e-01
7.777190207867071194e+02 1.306129451249238294e-01 3.895902859620013542e-04 1.302233548389618023e-01
7.817908481206688975e+02 1.300790418429128847e-01 3.859378777049692934e-04 1.296931039652078899e-01
7.858626754546306756e+02 1.296618840820681628e-01 3.837467124659135450e-04 1.292781373696022251e-01
7.899345027885925674e+02 1.291652554426415134e-01 3.823876428964761640e-04 1.287828677997450710e-01
7.940063301225543455e+02 1.283264629482645247e-01 3.803699765856887577e-04 1.279460929716788598e-01
7.980781574565161236e+02 1.270709679231548928e-01 3.764889086595404237e-04 1.266944790144953481e-01
8.021499847904780154e+02 1.256081017511472275e-01 3.707026491442650773e-04 1.252373991020029609e-01
8.062218121244397935e+02 1.242457751568320640e-01 3.640091267256227703e-04 1.238817660301064355e-01
8.102936394584015716e+02 1.231611702638151506e-01 3.576592324572163708e-04 1.228035110313579342e-01
8.143654667923634634e+02 1.223750345027656145e-01 3.524512010698042431e-04 1.220225833016957695e-01
8.184372941263252415e+02 1.218550610879661350e-01 3.484753361521784670e-04 1.215065857518139725e-01
8.225091214602871332e+02 1.215146614799706981e-01 3.452396633815384554e-04 1.211694218165891568e-01
8.265809487942490250e+02 1.211044536071198136e-01 3.420049898468247593e-04 1.207624486172729633e-01
8.306527761282106894e+02 1.202447877023242323e-01 3.382007660624611681e-04 1.199065869362617720e-01
8.347246034621726949e+02 1.187061347801542793e-01 3.337620852220008773e-04 1.183723726949323096e-01
8.387964307961343593e+02 1.166720329628577468e-01 3.291844665318129082e-04 1.163428484963258958e-01
8.428682581300961374e+02 1.146463930425223737e-01 3.251891147865354536e-04 1.143212039277358566e-01
8.469400854640580292e+02 1.130510208853903603e-01 3.221606250223781921e-04 1.127288602603679912e-01
8.510119127980199210e+02 1.119345532246252828e-01 3.197954990921001101e-04 1.116147577255331702e-01
8.550837401319815854e+02 1.110853655614470747e-01 3.173449200727691149e-04 1.107680206413743235e-01
8.591555674659433635e+02 1.103482930656200789e-01 3.142912863343478506e-04 1.100340017792857256e-01
8.632273947999052552e+02 1.097134483554741136e-01 3.107414042424523496e-04 1.094027069512316652e-01
8.672992221338670333e+02 1.090817314819184647e-01 3.070330013032475619e-04 1.087746984806152312e-01
8.713710494678289251e+02 1.080803617461914418e-01 3.030047438993257666e-04 1.077773570022921151e-01
8.754428768017908169e+02 1.062713203975427234e-01 2.979111289633074684e-04 1.059734092685794132e-01
8.795147041357524813e+02 1.035798589951660437e-01 2.912147270226551660e-04 1.032886442681433953e-01
8.835865314697144868e+02 1.004420008466938852e-01 2.833125731627058014e-04 1.001586882735311795e-01
8.876583588036761512e+02 9.747763576735658797e-02 2.752700345644848315e-04 9.720236573279210368e-02
8.917301861376379293e+02 9.504959054233445837e-02 2.679143841501122297e-04 9.478167615818433589e-02
8.958020134715998211e+02 9.315482762291429908e-02 2.614268534520424771e-04 9.289340076946225877e-02
8.998738408055617128e+02 9.163571021457533883e-02 2.557545801200683750e-04 9.137995563445525105e-02
9.039456681395233772e+02 9.034131678482155980e-02 2.509621221062013170e-04 9.009035466271535231e-02
9.080174954734851553e+02 8.906569234421769787e-02 2.468612363152380149e-04 8.881883110790246560e-02
9.120893228074470471e+02 8.749364892723912601e-02 2.425688491007151125e-04 8.725108007813842104e-02
9.161611501414088252e+02 8.538306351257481108e-02 2.370007645913484195e-04 8.514606274798346142e-02
9.202329774753707170e+02 8.281810036389773699e-02 2.300106146077137098e-04 8.258808974929002233e-02
9.243048048093326088e+02 8.017817608155175524e-02 2.227390147425210702e-04 7.995543706680921514e-02
9.283766321432942732e+02 7.778808922902789857e-02 2.165117279325656666e-04 7.757157750109534844e-02
9.324484594772562787e+02 7.562332081715195109e-02 2.114372570524839824e-04 7.541188356009945193e-02
9.365202868112179431e+02 7.339278381135790064e-02 2.063154932147331802e-04 7.318646831814315523e-02
9.405921141451797212e+02 7.088141783151892528e-02 1.999442829904789188e-04 7.068147354852845343e-02
9.446639414791416129e+02 6.816538159646287620e-02 1.923314664894160641e-04 6.797305012997344187e-02
9.487357688131035047e+02 6.550557636067150247e-02 1.845710978776838684e-04 6.532100526279382979e-02
9.528075961470652828e+02 6.308877115584836381e-02 1.777258660284396588e-04 6.291104528981993071e-02
9.568794234810269472e+02 6.089323653153781712e-02 1.719983063066081452e-04 6.072123822523121245e-02
9.609512508149888390e+02 5.876301680345243778e-02 1.668805626931228107e-04 5.859613624075932226e-02
9.650230781489506171e+02 5.656497929598145596e-02 1.618380346536522939e-04 5.640314126132779660e-02
9.690949054829125089e+02 5.427956299477242064e-02 1.567247498872105266e-04 5.412283824488519496e-02
9.731667328168744007e+02 5.198388765575712167e-02 1.516664781100480878e-04 5.183222117764707537e-02
9.772385601508361788e+02 4.977618022480029963e-02 1.467435862887086768e-04 4.962943663851159676e-02
9.813103874847980705e+02 4.770752670221208025e-02 1.418615586424368778e-04 4.756566514356965619e-02
9.853822148187597350e+02 4.576062517969452237e-02 1.368692079070230256e-04 4.562375597178751352e-02
9.894540421527215130e+02 4.387745078980050117e-02 1.317276169693799577e-04 4.374572317283111772e-02
9.935258694866834048e+02 4.200586393640014238e-02 1.265490873417716435e-04 4.187931484905837998e-02
9.975976968206452966e+02 4.012911948408511703e-02 1.214991261827099345e-04 4.000762035790240284e-02
1.001669524154607075e+03 3.826665633814922696e-02 1.166840281594001686e-04 3.814997230998982969e-02
1.005741351488568739e+03 3.646128961335164814e-02 1.121295137505824507e-04 3.634916009960107580e-02
1.009813178822530631e+03 3.476796970916212759e-02 1.078393314540010818e-04 3.466013037770811211e-02
1.013885006156492409e+03 3.324137145042622976e-02 1.038415817577829220e-04 3.313752986866845551e-02
1.017956833490454301e+03 3.191408742510744301e-02 1.001668613651536316e-04 3.181392056374228450e-02
1.022028660824416193e+03 3.077168615093692217e-02 9.679551194498093897e-05 3.067489063899193555e-02
1.026100488158377857e+03 2.974427765180368693e-02 9.364194258317559455e-05 2.965063570922051722e-02
1.030172315492339749e+03 2.872926944376823569e-02 9.059098778097692526e-05 2.863867845598725564e-02
1.034244142826301641e+03 2.764070175043990482e-02 8.755114864819042535e-05 2.755315060179171563e-02
1.038315970160263305e+03 2.645982011917383941e-02 8.449669059665489330e-05 2.637532342857719023e-02
1.042387797494225197e+03 2.525155880601924127e-02 8.149106245226460160e-05 2.517006774356698312e-02
1.046459624828187088e+03 2.412570970423826705e-02 7.867397031402988648e-05 2.404703573392424215e-02
1.050531452162148753e+03 2.316204986021110426e-02 7.619150055886980146e-05 2.308585835965223237e-02
1.054603279496110645e+03 2.235628338720477282e-02 7.409765838443116708e-05 2.228218572882033344e-02
1.058675106830072536e+03 2.163399576308162181e-02 7.230874731912082464e-05 2.156168701576250887e-02
1.062746934164034201e+03 2.091949486252201590e-02 7.066340770893380437e-05 2.084883145481308125e-02
1.066818761497996093e+03 2.019422199418328262e-02 6.904128422749961438e-05 2.012518070995578112e-02
1.070890588831957984e+03 1.949458336780758236e-02 6.743301377114161940e-05 1.942715035403645013e-02
1.074962416165919649e+03 1.886492739606796670e-02 6.590470866524651857e-05 1.879902268740271665e-02
1.079034243499881541e+03 1.832114016749439300e-02 6.450441991257230170e-05 1.825663574758182653e-02
1.083106070833843432e+03 1.785295812969234230e-02 6.320516195552256281e-05 1.778975296773682019e-02
1.087177898167805097e+03 1.744265858256563093e-02 6.192982786758016245e-05 1.738072875469805559e-02
1.091249725501766989e+03 1.706936352553602848e-02 6.061870427328200784e-05 1.700874482126274803e-02
1.095321552835728880e+03 1.670185022184121626e-02 5.926627192787294442e-05 1.664258394991334489e-02
1.099393380169690545e+03 1.630357437104761748e-02 5.789805237535255653e-05 1.624567631867226275e-02
1.103465207503652437e+03 1.585431650789228056e-02 5.652857912095660511e-05 1.579778792877132437e-02
1.107537034837614328e+03 1.536662339728801785e-02 5.515940074473171546e-05 1.531146399654329492e-02
1.111608862171575993e+03 1.487972583680710094e-02 5.382034023171913042e-05 1.482590549657538358e-02
1.115680689505537885e+03 1.443821848081819348e-02 5.259559524237189271e-05 1.438562288557582169e-02
1.119752516839499776e+03 1.407282503432318033e-02 5.158857155689572626e-05 1.402123646276628652e-02
1.123824344173461441e+03 1.379021391811618980e-02 5.085303813911194086e-05 1.373936087997708680e-02
1.127896171507423333e+03 1.357059658096726809e-02 5.035826560284167614e-05 1.352023831536442941e-02
1.131967998841385224e+03 1.337492520023668419e-02 5.001175700570600376e-05 1.332491344323098216e-02
1.136039826175347116e+03 1.316328265520288684e-02 4.969948688063780288e-05 1.311358316832225701e-02
1.140111653509308780e+03 1.291554253974411606e-02 4.930693662089304541e-05 1.286623560312322688e-02
1.144183480843270672e+03 1.263970951444159940e-02 4.873847160949199822e-05 1.259097104283211400e-02
1.148255308177232564e+03 1.236354424739519869e-02 4.796540906890042245e-05 1.231557883832630138e-02
1.152327135511194228e+03 1.211841829860394251e-02 4.707576172211759086e-05 1.207134253688182425e-02
1.156398962845156120e+03 1.192484868174749704e-02 4.625349330058656276e-05 1.187859518844691827e-02
1.160470790179118012e+03 1.178222064737700567e-02 4.566233502645407284e-05 1.173655831235054930e-02
1.164542617513079676e+03 1.166528255274240471e-02 4.531260931953531390e-05 1.161996994342287190e-02
1.168614444847041568e+03 1.153420666278376187e-02 4.503335633311912644e-05 1.148917330645064100e-02
1.172686272181003460e+03 1.135846733866424825e-02 4.459485851271325848e-05 1.131387248015153918e-02
1.176758099514965124e+03 1.113890439935389179e-02 4.389131606329690341e-05 1.109501308329060264e-02
1.180829926848927016e+03 1.090801420941405440e-02 4.302785007133087900e-05 1.086498635934272580e-02
1.184901754182888908e+03 1.070627845921919355e-02 4.223187076692094642e-05 1.066404658845227470e-02
1.188973581516850572e+03 1.055452696946596047e-02 4.166671624959934815e-05 1.051286025321636342e-02
1.193045408850812464e+03 1.044454569690611567e-02 4.131668942099230891e-05 1.040322900748511838e-02
1.197117236184774356e+03 1.035156772986594101e-02 4.104062050443946311e-05 1.031052710936151105e-02
1.201189063518736020e+03 1.025422518909773276e-02 4.072373794265587120e-05 1.021350145115507493e-02
1.205260890852697912e+03 1.014625459909527030e-02 4.037000342970531268e-05 1.010588459566556796e-02
1.209332718186659804e+03 1.003538922400693152e-02 4.005875211474353378e-05 9.995330471892192176e-03
1.213404545520621468e+03 9.934485136603086325e-03 3.983869186495135053e-05 9.894646444738138674e-03
1.217476372854583360e+03 9.851775166567790926e-03 3.967957355417554583e-05 9.812095593013608549e-03
1.221548200188545252e+03 9.785034695876149852e-03 3.951374080723602265e-05 9.745520955068915150e-03
1.225620027522506916e+03 9.722605606532241582e-03 3.930154082931286126e-05 9.683304065702925956e-03
1.229691854856468808e+03 9.651649806899340739e-03 3.905485962046047579e-05 9.612594947278884153e-03
1.233763682190430700e+03 9.568839350145276479e-03 3.881788157374184732e-05 9.530021468571528431e-03
1.237835509524392364e+03 9.484404887417790392e-03 3.863658451965503663e-05 9.445768302898133878e-03
1.241907336858354256e+03 9.413760723278038339e-03 3.853068011823480041e-05 9.375230043159807347e-03
1.245979164192316148e+03 9.362323901067401768e-03 3.847188167454479240e-05 9.323852019392852436e-03
1.250050991526277812e+03 9.318227754772286445e-03 3.838954250842161007e-05 9.279838212263863059e-03
1.254122818860239704e+03 9.262356294615692320e-03 3.821891376274799516e-05 9.224137380852946710e-03
1.258194646194201596e+03 9.187584511290815617e-03 3.795814917256000405e-05 9.149626362118254766e-03
1.262266473528163260e+03 9.107564775556199407e-03 3.767258893292709876e-05 9.069892186623270194e-03
1.266338300862125152e+03 9.044932952303973844e-03 3.743615446552745786e-05 9.007496797838441399e-03
1.270410128196087044e+03 9.011029940233337629e-03 3.727593037458563208e-05 8.973754009858751421e-03
1.274481955530048708e+03 8.998752726454646925e-03 3.718149246242378125e-05 8.961571233992233348e-03
1.278553782864010600e+03 8.994759842268303454e-03 3.715283733024339657e-05 8.957607004938059753e-03
1.282625610197972492e+03 8.995028289274644567e-03 3.721018766897027336e-05 8.957818101605665925e-03
1.286697437531934156e+03 9.005871439829813557e-03 3.735178602091869711e-05 8.968519653808884953e-03
1.290769264865896048e+03 9.032305478342864472e-03 3.753335455509033275e-05 8.994772123787768067e-03
1.294841092199857940e+03 9.070529638760902597e-03 3.771874475235434431e-05 9.032810894008539565e-03
1.298912919533819604e+03 9.112609176652975915e-03 3.793760873479788605e-05 9.074671567918180665e-03
1.302984746867781496e+03 9.153626440000641601e-03 3.825178300469838884e-05 9.115374656995934091e-03
1.307056574201743388e+03 9.190513801195350496e-03 3.865055031231514444e-05 9.151863250883036233e-03
1.311128401535705052e+03 9.217134661414289748e-03 3.901209210450965945e-05 9.178122569309781972e-03
1.315200228869666944e+03 9.226864526872550348e-03 3.920398030387419944e-05 9.187660546568670802e-03
1.319272056203628836e+03 9.221151551146170716e-03 3.921421294584727645e-05 9.181937338200316101e-03
1.323343883537590500e+03 9.210826277409489560e-03 3.915261784402564995e-05 9.171673659565459519e-03
1.327415710871552392e+03 9.206080459209831784e-03 3.912538193438760200e-05 9.166955077275443925e-03
1.331487538205514284e+03 9.208148145040125077e-03 3.914797919617809012e-05 9.169000165843949751e-03
1.335559365539475948e+03 9.214197646387454338e-03 3.919947087609187714e-05 9.174998175511366039e-03
1.339631192873437840e+03 9.228056984692336456e-03 3.932100057721268742e-05 9.188735984115126154e-03
1.343703020207399732e+03 9.261159037378568701e-03 3.960413376103383385e-05 9.221554903617526153e-03
1.347774847541361396e+03 9.322339750975499467e-03 4.007696861841674406e-05 9.282262782357084824e-03
1.351846674875323288e+03 9.409962738824190209e-03 4.064422764029901184e-05 9.369318511183886630e-03
1.355918502209285180e+03 9.514432465311714257e-03 4.116635229282224580e-05 9.473266113018897344e-03
1.359990329543246844e+03 9.624748622649646063e-03 4.158083372759101227e-05 9.583167788922061434e-03
1.364062156877208736e+03 9.731735954005841377e-03 4.192796490934364928e-05 9.689807989096499083e-03
1.368133984211170628e+03 9.830247637285549275e-03 4.227857831349575565e-05 9.787969058972051731e-03
1.372205811545132292e+03 9.923226778193863784e-03 4.267030247722509387e-05 9.880556475716627957e-03
1.376277638879094184e+03 1.002144286654955280e-02 4.311029369999547515e-05 9.978332572849562404e-03
1.380349466213056076e+03 1.013376285196671868e-02 4.360152200223683721e-05 1.009016132996448656e-02
1.384421293547017967e+03 1.025741482024598514e-02 4.414479162041101690e-05 1.021327002862556718e-02
1.388493120880979632e+03 1.038232569801856783e-02 4.473297907333155488e-05 1.033759271894523456e-02
1.392564948214941523e+03 1.050566584539895133e-02 4.536482230151790143e-05 1.046030102309743193e-02
1.396636775548903415e+03 1.063617508425477795e-02 4.605451024037824509e-05 1.059012057401441040e-02
1.400708602882865080e+03 1.077996785682851580e-02 4.680435208605940534e-05 1.073316350474246179e-02
1.404780430216826971e+03 1.092661988269143236e-02 4.757022435551847754e-05 1.087904965833591531e-02
1.408852257550788863e+03 1.105735581795568544e-02 4.828201369508156396e-05 1.100907380426061066e-02
1.412924084884750528e+03 1.116858110376992355e-02 4.891607333193822270e-05 1.111966503043798626e-02
1.416995912218712419e+03 1.128190031408394557e-02 4.953785904050996735e-05 1.123236245504343790e-02
1.421067739552674311e+03 1.142742745371561064e-02 5.025868183950704101e-05 1.137716877187610123e-02
1.425139566886635976e+03 1.162037703540851410e-02 5.115469504924944965e-05 1.156922234035926735e-02
1.429211394220597867e+03 1.185702543585492527e-02 5.223707118824747093e-05 1.180478836466667715e-02
1.433283221554559759e+03 1.212784548323928013e-02 5.348302548837360795e-05 1.207436245775090657e-02
1.437355048888521424e+03 1.242322536885963682e-02 5.485219018572524405e-05 1.236837317867392136e-02
1.441426876222483315e+03 1.272265178576546460e-02 5.624978440755853650e-05 1.266640200135790706e-02
1.445498703556445207e+03 1.298956985788845067e-02 5.751004545164494674e-05 1.293205981243681149e-02
1.449570530890406872e+03 1.319406038782797684e-02 5.848883809546918385e-05 1.313557154973251685e-02
1.453642358224368763e+03 1.334809963016034273e-02 5.921831050621955344e-05 1.328888131965412153e-02
1.457714185558330655e+03 1.351206995417290543e-02 5.995475932742307112e-05 1.345211519484548236e-02
1.461786012892292320e+03 1.375605318269559375e-02 6.102578954958915326e-05 1.369502739314601078e-02
1.465857840226254211e+03 1.410943802970237616e-02 6.259487949366020904e-05 1.404684315020871856e-02
1.469929667560216103e+03 1.454653015991274820e-02 6.456128575119609594e-05 1.448196887416156563e-02
1.474001494894177767e+03 1.501750446678981957e-02 6.667842335151583186e-05 1.495082604343830543e-02
1.478073322228139659e+03 1.549067189412392867e-02 6.876401348085382434e-05 1.542190788064308135e-02
1.482145149562101551e+03 1.597012514974719896e-02 7.081727969770676423e-05 1.589930787004949914e-02
1.486216976896063215e+03 1.648260300220293420e-02 7.297391373678574597e-05 1.640962908846615304e-02
1.490288804230025107e+03 1.705020851018992228e-02 7.536575020520655814e-05 1.697484275998471792e-02
1.494360631563986999e+03 1.766901894660027894e-02 7.800338854119270079e-05 1.759101555805909003e-02
1.498432458897948663e+03 1.830946602249071062e-02 8.077313821560774896e-05 1.822869288427510920e-02
1.502504286231910555e+03 1.894253873935747290e-02 8.355512320208238828e-05 1.885898361615538643e-02
1.506576113565872447e+03 1.957127435653256003e-02 8.635511164318564518e-05 1.948491924488937252e-02
1.510647940899834111e+03 2.023317669328009161e-02 8.930732973135634503e-05 2.014386936354874494e-02
1.514719768233796003e+03 2.096639333584269030e-02 9.253852752728741065e-05 2.087385480831539450e-02
1.518791595567757895e+03 2.177787547241607363e-02 9.605937536534554626e-05 2.168181609705072815e-02
1.522863422901719559e+03 2.265313289893792353e-02 9.982627933540454135e-05 2.255330661960252420e-02
1.526935250235681451e+03 2.359497713496240198e-02 1.038964419646731070e-04 2.349108069299773310e-02
1.531007077569643343e+03 2.464219563265165197e-02 1.084779138911435594e-04 2.453371771876051294e-02
1.535078904903605007e+03 2.584819445975732391e-02 1.138208379222340307e-04 2.573437362183509519e-02
1.539150732237566899e+03 2.724931026796649156e-02 1.200848643162941788e-04 2.712922540365019300e-02
1.543222559571528791e+03 2.885485390086294302e-02 1.272951328643127933e-04 2.872755876799862329e-02
1.547294386905490455e+03 3.065739313145978556e-02 1.353673066774824609e-04 3.052202582478230619e-02
1.551366214239452347e+03 3.264865335668543089e-02 1.441707369154612123e-04 3.250448261976997266e-02
1.555438041573414239e+03 3.483538105725849515e-02 1.536428206525515604e-04 3.468173823660595373e-02
1.559509868907375903e+03 3.724403430233241136e-02 1.638830896960200641e-04 3.708015121263639330e-02
1.563581696241337795e+03 3.989893286670938982e-02 1.750857250549115178e-04 3.972384714165447944e-02
1.567653523575299687e+03 4.279550303018666429e-02 1.873676814472592135e-04 4.260813534873941766e-02
1.571725350909261351e+03 4.592313148085126057e-02 2.007821460704504026e-04 4.572234933478082353e-02
1.575797178243223243e+03 4.933566451295985644e-02 2.155881229866466202e-04 4.912007638997320513e-02
1.579869005577185135e+03 5.317335504227647253e-02 2.323697644664237413e-04 5.294098527781006258e-02
1.583940832911146799e+03 5.757364650120161409e-02 2.516818896277784722e-04 5.732196461157383627e-02
1.588012660245108691e+03 6.257366800704658449e-02 2.736372177375139686e-04 6.230003078930906879e-02
1.592084487579070583e+03 6.816260445552857483e-02 2.981369840381643279e-04 6.786446747149041392e-02
1.596156314913032247e+03 7.444641400834872691e-02 3.255830503262778703e-04 7.412083095802243782e-02
1.600228142246994139e+03 8.168819767201214443e-02 3.570152927052057455e-04 8.133118237930694883e-02
1.604299969580956031e+03 9.011227034043992057e-02 3.932137135128537311e-04 8.971905662692707117e-02
1.608371796914917695e+03 9.968937663005247862e-02 4.338199348653301699e-04 9.925555669518713875e-02
1.612443624248879587e+03 1.101864604381031787e-01 4.777597344601073877e-04 1.097087007036430945e-01
1.616515451582841479e+03 1.214292357349103096e-01 5.245811982444983836e-04 1.209046545366658371e-01
1.620587278916803143e+03 1.334358305140600776e-01 5.749640111729516353e-04 1.328608665028871427e-01
1.624659106250765035e+03 1.462458368613039350e-01 6.295957696373207175e-04 1.456162410916666539e-01
1.628730933584726927e+03 1.596655540882575275e-01 6.876781281404686658e-04 1.589778759601170599e-01
1.632802760918688818e+03 1.732416373515776042e-01 7.467797478345949633e-04 1.724948576037430015e-01
1.636874588252650483e+03 1.864769069816842595e-01 8.041201871083735733e-04 1.856727867945758836e-01
1.640946415586612375e+03 1.990391491789733347e-01 8.578671549983403390e-04 1.981812820239750583e-01
1.645018242920574266e+03 2.107694457981504621e-01 9.072855023529973872e-04 2.098621602957974619e-01
1.649090070254536158e+03 2.214973581111333856e-01 9.517777216426451681e-04 2.205455803894907363e-01
1.653161897588498050e+03 2.307895712863206050e-01 9.896125661219361790e-04 2.297999587201987048e-01
1.657233724922459714e+03 2.378284191100710210e-01 1.017356503983013385e-03 2.368110626060880297e-01
1.661305552256421379e+03 2.416454180406690799e-01 1.030921243924955719e-03 2.406144967967440707e-01
1.665377379590383043e+03 2.417115819129391219e-01 1.028108859539715895e-03 2.406834730533994049e-01
1.669449206924345390e+03 2.384241124978184467e-01 1.010669189426937307e-03 2.374134433083915086e-01
1.673521034258306827e+03 2.328853615943336786e-01 9.833712867574101631e-04 2.319019903075763001e-01
1.677592861592268719e+03 2.259852590714147846e-01 9.501726874551368659e-04 2.250350863839596927e-01
1.681664688926230610e+03 2.176366909582159170e-01 9.110253034098018260e-04 2.167256656548060822e-01
1.685736516260192275e+03 2.069987886669344412e-01 8.627608234505652895e-04 2.061360278434838933e-01
1.689808343594154167e+03 1.934918853727577159e-01 8.032208190938639131e-04 1.926886645536638742e-01
1.693880170928116058e+03 1.775343075422988748e-01 7.342301625107557159e-04 1.768000773797881453e-01
1.697951998262077495e+03 1.602925679271647585e-01 6.605611247627825094e-04 1.596320068024019712e-01
1.702023825596039842e+03 1.428750449680216694e-01 5.867015175929031273e-04 1.422883434504287337e-01
1.706095652930001506e+03 1.259061571834019788e-01 5.152101933948231545e-04 1.253909469900071350e-01
1.710167480263963171e+03 1.097730647563480294e-01 4.477338240949384662e-04 1.093253309322530925e-01
1.714239307597924835e+03 9.499013296318940813e-02 3.863936043887530869e-04 9.460373935880064811e-02
1.718311134931886727e+03 8.212967060024374544e-02 3.334189241399365439e-04 8.179625167610379832e-02
1.722382962265848619e+03 7.144425724869989114e-02 2.896565029850193098e-04 7.115460074571486326e-02
1.726454789599810510e+03 6.268794999583605920e-02 2.539628502950373344e-04 6.243398714554101309e-02
1.730526616933772402e+03 5.533316462609385450e-02 2.241261200459605601e-04 5.510903850604790405e-02
1.734598444267734067e+03 4.891456757732867699e-02 1.981925568215132710e-04 4.871637502050717161e-02
1.738670271601695958e+03 4.318976525966019414e-02 1.750657531387919100e-04 4.301469950652139079e-02
1.742742098935657850e+03 3.809339032942159198e-02 1.543779657445307077e-04 3.793901236367706875e-02
1.746813926269619742e+03 3.363624819855636633e-02 1.361721247719475448e-04 3.350007607378443358e-02
1.750885753603581634e+03 2.983436748939422012e-02 1.206084996057450747e-04 2.971375898978848018e-02
1.754957580937543298e+03 2.665839407074450246e-02 1.076603004159606448e-04 2.655073377032853704e-02
1.759029408271504963e+03 2.400713090891156906e-02 9.693474960590397799e-05 2.391019615930567790e-02
1.763101235605466627e+03 2.173572761078446797e-02 8.780920521424311282e-05 2.164791840557022881e-02
1.767173062939428974e+03 1.972320728303120566e-02 7.976009597549044909e-05 1.964344718705572299e-02
1.771244890273390411e+03 1.791594096199997099e-02 7.255057618495107104e-05 1.784339038581502640e-02
1.775316717607352302e+03 1.631398282296010749e-02 6.615231487448618478e-05 1.624783050808563042e-02
1.779388544941314194e+03 1.492993797335063523e-02 6.057686477071641800e-05 1.486936110857992391e-02
1.783460372275275859e+03 1.376073757194640722e-02 5.578915367204061176e-05 1.370494841827437325e-02
1.787532199609237750e+03 1.277838690927637563e-02 5.168940236507313721e-05 1.272669750691130496e-02
1.791604026943199642e+03 1.192958485032317474e-02 4.810284686385924536e-05 1.188148200345931840e-02
1.795675854277161079e+03 1.114714184278672165e-02 4.480669070767899032e-05 1.110233515207905385e-02
1.799747681611123426e+03 1.037781873571478469e-02 4.162759679048736220e-05 1.033619113892430066e-02
1.803819508945085090e+03 9.610224014811536222e-03 3.853791566412166105e-05 9.571686099147418830e-03
1.807891336279046754e+03 8.876832583500993482e-03 3.564850966306157265e-05 8.841184073837929022e-03
1.811963163613008419e+03 8.225421098811094844e-03 3.310095080967694124e-05 8.192320148001423080e-03
1.816034990946970311e+03 7.682813876914005094e-03 3.095779069924459317e-05 7.651856086214764777e-03
1.820106818280932202e+03 7.237814079858110108e-03 2.916800389955309720e-05 7.208646075958563201e-03
1.824178645614894094e+03 6.851621522181568398e-03 2.760579722340087509e-05 6.824015724958168265e-03
1.828250472948855986e+03 6.483986173417795491e-03 2.614066207669500614e-05 6.457845511341105127e-03
1.832322300282817650e+03 6.115866957757678038e-03 2.469961166499816372e-05 6.091167346092681185e-03
1.836394127616779542e+03 5.754973470052439713e-03 2.329213306654052013e-05 5.731681336985901612e-03
1.840465954950741434e+03 5.423342219055214339e-03 2.198380520184816631e-05 5.401358413853370177e-03
1.844537782284703326e+03 5.137840166215899840e-03 2.083657645567297566e-05 5.117003589760233881e-03
1.848609609618665218e+03 4.897790420530586872e-03 1.985988799191301720e-05 4.877930532538677158e-03
1.852681436952626882e+03 4.687242153967733846e-03 1.900733756242666976e-05 4.668234816405311682e-03
1.856753264286588546e+03 4.488140858863595532e-03 1.821502367116395433e-05 4.469925835192440841e-03
1.860825091620550211e+03 4.292756245066330946e-03 1.744523605884306248e-05 4.275311009007493925e-03
1.864896918954512557e+03 4.105151227021394331e-03 1.669971749244626513e-05 4.088451509528964918e-03
1.868968746288473994e+03 3.932027306749441217e-03 1.599840708480579078e-05 3.916028899664638144e-03
1.873040573622435886e+03 3.773763291619566026e-03 1.535253691376434849e-05 3.758410754705810656e-03
1.877112400956397778e+03 3.625200968909517152e-03 1.476061529378746034e-05 3.610440353615742941e-03
1.881184228290359442e+03 3.483274407025423094e-03 1.422258860345477818e-05 3.469051818421970725e-03
1.885256055624321334e+03 3.350347133337822168e-03 1.374444233500248436e-05 3.336602691002826717e-03
1.889327882958283226e+03 3.229054464457172674e-03 1.332407044238023751e-05 3.215730394014802533e-03
1.893399710292245118e+03 3.116694616949974329e-03 1.294095284647325055e-05 3.103753664103506022e-03
1.897471537626207009e+03 3.007371596602444533e-03 1.256821752441621319e-05 2.994803379078027523e-03
1.901543364960168674e+03 2.898635868531699786e-03 1.219239437827172995e-05 2.886443474153443760e-03
1.905615192294130566e+03 2.793541460351199514e-03 1.181610839415207968e-05 2.781725351957056464e-03
1.909687019628092003e+03 2.696572440170590893e-03 1.144690087867443606e-05 2.685125539291921028e-03
1.913758846962053894e+03 2.610279752834260281e-03 1.109483781867350874e-05 2.599184915015598056e-03
1.917830674296016241e+03 2.536432896824127470e-03 1.078113869257342114e-05 2.525651758131553480e-03
1.921902501629977678e+03 2.477324451525529572e-03 1.053475567599745389e-05 2.466789695849540796e-03
1.925974328963939570e+03 2.432926549131191225e-03 1.036783334966436164e-05 2.422558715781526067e-03
1.930046156297901234e+03 2.397284948646381027e-03 1.025570721478083990e-05 2.387029241431607059e-03
1.934117983631863126e+03 2.360471745794634219e-03 1.014961188354086039e-05 2.350322133911098097e-03
1.938189810965825018e+03 2.315890059065307902e-03 1.001390591736024410e-05 2.305876153147951024e-03
1.942261638299786910e+03 2.265744982189972240e-03 9.851884239504067365e-06 2.255893097950462545e-03
1.946333465633748801e+03 2.218986693604766986e-03 9.697754049146204873e-06 2.209288939555622763e-03
1.950405292967710466e+03 2.183615997083008901e-03 9.586120833491627323e-06 2.174029876249523527e-03
1.954477120301672358e+03 2.160349445241593370e-03 9.526645973980503516e-06 2.150822799267622723e-03
1.958548947635633795e+03 2.142945636869804989e-03 9.501448161648714472e-06 2.133444188708161476e-03
1.962620774969596141e+03 2.124443883161492019e-03 9.482902195141678861e-06 2.114960980966351482e-03
1.966692602303558033e+03 2.103470359227408749e-03 9.455466308513134788e-06 2.094014892918897620e-03
1.970764429637519470e+03 2.084851650371523975e-03 9.423808519349833473e-06 2.075427841852176859e-03
1.974836256971481362e+03 2.074245569038831848e-03 9.402035674778209362e-06 2.064843533364056280e-03
1.978908084305443026e+03 2.072384518887605658e-03 9.396843888680715841e-06 2.062987674998927046e-03
1.982979911639404918e+03 2.074683631704458183e-03 9.403237754429831499e-06 2.065280393950040191e-03
1.987051738973366810e+03 2.076056376280760625e-03 9.416560941084578206e-06 2.066639815339678908e-03
1.991123566307328701e+03 2.075390248582774030e-03 9.444445502224198442e-06 2.065945803080553034e-03
1.995195393641290593e+03 2.075203643788846308e-03 9.501407129102746915e-06 2.065702236659752548e-03
1.999267220975252258e+03 2.077785557164145511e-03 9.590008168926389415e-06 2.068195548995216577e-03
2.003339048309214149e+03 2.082671219081441271e-03 9.690832751932254986e-06 2.072980386329510791e-03
2.007410875643175586e+03 2.087968450246923454e-03 9.775612624250034068e-06 2.078192837622684294e-03
2.011482702977137478e+03 2.093264399935333177e-03 9.831698429014976758e-06 2.083432701506314922e-03
2.015554530311099825e+03 2.100413965593493377e-03 9.872866617153670709e-06 2.090541098976348398e-03
2.019626357645061262e+03 2.111634096237794030e-03 9.926963552069864886e-06 2.101707132685733895e-03
2.023698184979023154e+03 2.127565256507254338e-03 1.001494320651072429e-05 2.117550313300751823e-03
2.027770012312984818e+03 2.147166468916056423e-03 1.013916683811550441e-05 2.137027302077944800e-03
2.031841839646946710e+03 2.168190866451339023e-03 1.028283350316180714e-05 2.157908032948179823e-03
2.035913666980908602e+03 2.186706152191864212e-03 1.041454586550953926e-05 2.176291606326354912e-03
2.039985494314870493e+03 2.197363393703289508e-03 1.050105419948282965e-05 2.186862339503810836e-03
2.044057321648832385e+03 2.197091969103614605e-03 1.053215509137733240e-05 2.186559814012235901e-03
2.048129148982794050e+03 2.190048147499474868e-03 1.054017927611153148e-05 2.179507968223363696e-03
2.052200976316755714e+03 2.187063790174617953e-03 1.058384260326117145e-05 2.176479947571353241e-03
2.056272803650717833e+03 2.197108384710851417e-03 1.069744067819424903e-05 2.186410944032664717e-03
2.060344630984679497e+03 2.218504098164299221e-03 1.085438282614404892e-05 2.207649715338158396e-03
2.064416458318641162e+03 2.240315661462061441e-03 1.099095948550750973e-05 2.229324701976556720e-03
2.068488285652603281e+03 2.253586449554580325e-03 1.107061013444628817e-05 2.242515839420132408e-03
2.072560112986564945e+03 2.260195186843067926e-03 1.111841105906770051e-05 2.249076775784004337e-03
2.076631940320526610e+03 2.269675324659988207e-03 1.118916039476112143e-05 2.258486164265236049e-03
2.080703767654488729e+03 2.288731769795178568e-03 1.131146876389149743e-05 2.277420301031297598e-03
2.084775594988450393e+03 2.316099968232671839e-03 1.147371930448329294e-05 2.304626248928195488e-03
2.088847422322412058e+03 2.347265993697652663e-03 1.165812788832086008e-05 2.335607865809343018e-03
2.092919249656374177e+03 2.381006753384130002e-03 1.186855819796612328e-05 2.369138195186172580e-03
2.096991076990335841e+03 2.418946036379810566e-03 1.211413463650788821e-05 2.406831901743305361e-03
2.101062904324297506e+03 2.459694316542992022e-03 1.237478198665716730e-05 2.447319534556331375e-03
2.105134731658259625e+03 2.495975207804288203e-03 1.259807892773095389e-05 2.483377128876561920e-03
2.109206558992221289e+03 2.518563185546724825e-03 1.273396733387179548e-05 2.505829218212855553e-03
2.113278386326182954e+03 2.522599365056092061e-03 1.276819761589895980e-05 2.509831167440203757e-03
2.117350213660145073e+03 2.510430420367358237e-03 1.272415024466280625e-05 2.497706270122692588e-03
2.121422040994106737e+03 2.490118524618304893e-03 1.264392759680077809e-05 2.477474597021503324e-03
2.125493868328068402e+03 2.472292952679886434e-03 1.257451406356320188e-05 2.459718438616321275e-03
2.129565695662030521e+03 2.466803716177065620e-03 1.256153729994281948e-05 2.454242178877129397e-03
2.133637522995992185e+03 2.478861618816372014e-03 1.263448210241655597e-05 2.466227136713953615e-03
2.137709350329953850e+03 2.505645842097210460e-03 1.278312654041610640e-05 2.492862715556791540e-03
2.141781177663915969e+03 2.536460929284163873e-03 1.295109022286396670e-05 2.523509839061302811e-03
2.145853004997877633e+03 2.558194310636243037e-03 1.306652535316487425e-05 2.545127785283086280e-03
2.149924832331839298e+03 2.563177062233668990e-03 1.309151472783264153e-05 2.550085547505846761e-03
2.153996659665801417e+03 2.553360920583853683e-03 1.304534211444696864e-05 2.540315578469411716e-03
2.158068486999763081e+03 2.537100361893144390e-03 1.297805544937013556e-05 2.524122306443773740e-03
2.162140314333724746e+03 2.521385215410340292e-03 1.292087977375987541e-05 2.508464335636588147e-03
2.166212141667686865e+03 2.506807324965615834e-03 1.286397207408407916e-05 2.493943352891533904e-03
2.170283969001648529e+03 2.489757562635682396e-03 1.278102206590459307e-05 2.476976540569775231e-03
2.174355796335610194e+03 2.468632021837056153e-03 1.266799060983496592e-05 2.455964031227230154e-03
2.178427623669572313e+03 2.446590141494998667e-03 1.254981185600880779e-05 2.434040329638990745e-03
2.182499451003533977e+03 2.427783508165868957e-03 1.244949283141787261e-05 2.415334015334454944e-03
2.186571278337495642e+03 2.411902457244543066e-03 1.235915477434455842e-05 2.399543302470212146e-03
2.190643105671457761e+03 2.393728382650299816e-03 1.224786197941896909e-05 2.381480520670875393e-03
2.194714933005419425e+03 2.368133590807977758e-03 1.209518104925938776e-05 2.356038409758717811e-03
2.198786760339381090e+03 2.334802022150465027e-03 1.191101218078701018e-05 2.322891009969682737e-03
2.202858587673343209e+03 2.298143848381221065e-03 1.172325858448741300e-05 2.286420589796737436e-03
2.206930415007304873e+03 2.263641961930290460e-03 1.155279712235823659e-05 2.252089164807925207e-03
2.211002242341266538e+03 2.234521020464192570e-03 1.140238144456461470e-05 2.223118639019631103e-03
2.215074069675228657e+03 2.210520254008017417e-03 1.126264064219520912e-05 2.199257613365829082e-03
2.219145897009190321e+03 2.188436624145378376e-03 1.112169301469342440e-05 2.177314931130690419e-03
2.223217724343151986e+03 2.164299360155775166e-03 1.097149559193625908e-05 2.153327864563837641e-03
2.227289551677114105e+03 2.136634887254065893e-03 1.081309835210384859e-05 2.125821788901957176e-03
2.231361379011075769e+03 2.108135858589080605e-03 1.065833823684943967e-05 2.097477520352230423e-03
2.235433206345037433e+03 2.083167532223638343e-03 1.052138690294426460e-05 2.072646145320699955e-03
2.239505033678999553e+03 2.063009188673812448e-03 1.040457676111939116e-05 2.052604611912687595e-03
2.243576861012961217e+03 2.044222274800612874e-03 1.029427834220968497e-05 2.033927996458400646e-03
2.247648688346922881e+03 2.022335293315703861e-03 1.017320408449081182e-05 2.012162089231219267e-03
2.251720515680885001e+03 1.996509833640055034e-03 1.003533102288421977e-05 1.986474502617163827e-03
2.255792343014846665e+03 1.969726619463156754e-03 9.887143765358066242e-06 1.959839475697805911e-03
2.259864170348808329e+03 1.944867908646886979e-03 9.737252872684326461e-06 1.935130655774201401e-03
2.263935997682770449e+03 1.921875448397959794e-03 9.588974759496625191e-06 1.912286473638463106e-03
2.268007825016732113e+03 1.898887443462544608e-03 9.441925595789944580e-06 1.889445517866758604e-03
2.272079652350694232e+03 1.874927290378136657e-03 9.295740871898120389e-06 1.865631549506239746e-03
2.276151479684655897e+03 1.850651173873469040e-03 9.150423041081408895e-06 1.841500750832371358e-03
2.280223307018617561e+03 1.827085185246961428e-03 9.006242930712890813e-06 1.818078942316252470e-03
2.284295134352579680e+03 1.804568133099931134e-03 8.865491014901507208e-06 1.795702642085033511e-03
2.288366961686541345e+03 1.782852865906201043e-03 8.732230278744236126e-06 1.774120635627462247e-03
2.292438789020503009e+03 1.761628011499530386e-03 8.608492757113161612e-06 1.753019518742422690e-03
2.296510616354465128e+03 1.740988170527042094e-03 8.493022513809323539e-06 1.732495148013232442e-03
2.300582443688426793e+03 1.721925301843656424e-03 8.386226378279512439e-06 1.713539075465374218e-03
2.304654271022388457e+03 1.706224455858776617e-03 8.293660348033385431e-06 1.697930795510744790e-03
2.308726098356350576e+03 1.695008915292368174e-03 8.219445914675471433e-06 1.686789469377690531e-03
2.312797925690312240e+03 1.686999674712384711e-03 8.155767843218560167e-06 1.678843906869168260e-03
2.316869753024273905e+03 1.678840559331143487e-03 8.083942568018392529e-06 1.670756616763120414e-03
2.320941580358236024e+03 1.667818920730761763e-03 7.989967948406434293e-06 1.659828952782352925e-03
2.325013407692197688e+03 1.654089786344363402e-03 7.878162920149001965e-06 1.646211623424216185e-03
2.329085235026159353e+03 1.639726969468689993e-03 7.766983206505891050e-06 1.631959986262181183e-03
2.333157062360121472e+03 1.625770428292998629e-03 7.671273485916044101e-06 1.618099154807069520e-03
2.337228889694083136e+03 1.610882580715136030e-03 7.589303414608545117e-06 1.603293277300523248e-03
2.341300717028044801e+03 1.593046805046947597e-03 7.505569984324962644e-06 1.585541235062622569e-03
2.345372544362006920e+03 1.572018794630435350e-03 7.404090499168465878e-06 1.564614704131261523e-03
2.349444371695968584e+03 1.549804013196257567e-03 7.280479352332364360e-06 1.542523533843925083e-03
2.353516199029930249e+03 1.529229488646866465e-03 7.145741943320548013e-06 1.522083746703543645e-03
2.357588026363892368e+03 1.512546224973816298e-03 7.020539748189049850e-06 1.505525685225618830e-03
2.361659853697854032e+03 1.500933569818860584e-03 6.922578115698579337e-06 1.494010991703154535e-03
2.365731681031815697e+03 1.494199080562630660e-03 6.854607941368797605e-06 1.487344472621259222e-03
2.369803508365777816e+03 1.490386042887569809e-03 6.802896804114375246e-06 1.483583146083443643e-03
2.373875335699739480e+03 1.486256910173139583e-03 6.748864028856000740e-06 1.479508046144288299e-03
2.377947163033701145e+03 1.479153376250872450e-03 6.683890902290171360e-06 1.472469485348578289e-03
2.382018990367663264e+03 1.468841831969834632e-03 6.613712068383604319e-06 1.462228119901445855e-03
2.386090817701624928e+03 1.457442699724301920e-03 6.549957541219803358e-06 1.450892742183074180e-03
2.390162645035586593e+03 1.447489856353052860e-03 6.499405917858040301e-06 1.440990450435189430e-03
2.394234472369548712e+03 1.440202254156031743e-03 6.461224975165113546e-06 1.433741029180853142e-03
2.398306299703510376e+03 1.435577297916045512e-03 6.431366101021599885e-06 1.429145931815030673e-03
2.402378127037472041e+03 1.433594596539169465e-03 6.406420510004048234e-06 1.427188176029166094e-03
2.406449954371434160e+03 1.434605549879675685e-03 6.383379515390161233e-06 1.428222170364282836e-03
2.410521781705395824e+03 1.438291176501339330e-03 6.358529658655811016e-06 1.431932646842683709e-03
2.414593609039357489e+03 1.442634122887479419e-03 6.328853532325923962e-06 1.436305269355137504e-03
2.418665436373319608e+03 1.444577077395234593e-03 6.294566032357703147e-06 1.438282511362872981e-03
2.422737263707281272e+03 1.442134370879326897e-03 6.259251516150670468e-06 1.435875119363173294e-03
2.426809091041242937e+03 1.435931477782111717e-03 6.226697597772821529e-06 1.429704780184328124e-03
2.430880918375205056e+03 1.428591909521136462e-03 6.197157574616522441e-06 1.422394751946512437e-03
2.434952745709166720e+03 1.422632345241332547e-03 6.166810109587767294e-06 1.416465535131748374e-03
2.439024573043128385e+03 1.419028371489480800e-03 6.131746089847657944e-06 1.412896625399626040e-03
2.443096400377090504e+03 1.417640356437461970e-03 6.093128706505674327e-06 1.411547227730952994e-03
2.447168227711052168e+03 1.418413979878329397e-03 6.057369098063210833e-06 1.412356610780259730e-03
2.451240055045013833e+03 1.421488145621831916e-03 6.029229302083766906e-06 1.415458916319749976e-03
2.455311882378975952e+03 1.426055146054432728e-03 6.004776278648450531e-06 1.420050369775775713e-03
2.459383709712937616e+03 1.429824130680688171e-03 5.974059893348911714e-06 1.423850070787329499e-03
2.463455537046899281e+03 1.430493961215856171e-03 5.933223601214802222e-06 1.424560737614625257e-03
2.467527364380861400e+03 1.428061304528904047e-03 5.892623068966490380e-06 1.422168681459925945e-03
2.471599191714823064e+03 1.425298241575687162e-03 5.869293376375869573e-06 1.419428948199306971e-03
2.475671019048784729e+03 1.425455219067531211e-03 5.869818085819955385e-06 1.419585400981708458e-03
2.479742846382746848e+03 1.429361870072418063e-03 5.882434978809174213e-06 1.423479435093599667e-03
2.483814673716708512e+03 1.434919373883838164e-03 5.888021044704383170e-06 1.429031352839128018e-03
2.487886501050670176e+03 1.439440924867964929e-03 5.878520390831449426e-06 1.433562404477125391e-03
2.491958328384632296e+03 1.442290869737233774e-03 5.863572743933476027e-06 1.436427296993292909e-03
2.496030155718593960e+03 1.445167164482269407e-03 5.859898110028216073e-06 1.439307266372232778e-03
2.500101983052555624e+03 1.450066667623050882e-03 5.875764915778350886e-06 1.444190902707281465e-03
2.504173810386517744e+03 1.457245668831190760e-03 5.904899502290415505e-06 1.451340769328898729e-03
2.508245637720479408e+03 1.464992189471069073e-03 5.931932852770212210e-06 1.459060256618289640e-03
2.512317465054441072e+03 1.470885772249827571e-03 5.941533861303165483e-06 1.464944238388518269e-03
2.516389292388403192e+03 1.473162009783735319e-03 5.924850557579561033e-06 1.467237159226154756e-03
2.520461119722364856e+03 1.471555038072351520e-03 5.882986724925210655e-06 1.465672051347430760e-03
2.524532947056326520e+03 1.467788024171819312e-03 5.828276829840026582e-06 1.461959747341983092e-03
2.528604774390288640e+03 1.465439840427293318e-03 5.780969681838616647e-06 1.459658870745457471e-03
2.532676601724250304e+03 1.468430712054274653e-03 5.759688650170297040e-06 1.462671023404105500e-03
2.536748429058211968e+03 1.478468637838505680e-03 5.770685602082316085e-06 1.472697952236419082e-03
2.540820256392174088e+03 1.493545011871135354e-03 5.805111531064345832e-06 1.487739900340067549e-03
2.544892083726135752e+03 1.509309846940985137e-03 5.847623161831135177e-06 1.503462223779139214e-03
2.548963911060097416e+03 1.522427794947968805e-03 5.888394552033717798e-06 1.516539400395926825e-03
2.553035738394059535e+03 1.532800386249330658e-03 5.927083395982303665e-06 1.526873302853353929e-03
2.557107565728021200e+03 1.542630770783269805e-03 5.966464565221733388e-06 1.536664306218045147e-03
2.561179393061982864e+03 1.553578369110605265e-03 6.004687904919402209e-06 1.547573681205687782e-03
2.565251220395944983e+03 1.564998005313087163e-03 6.035157950990601194e-06 1.558962847362091193e-03
2.569323047729906648e+03 1.574760360080863049e-03 6.052883371718100160e-06 1.568707476709145813e-03
2.573394875063868312e+03 1.581426046588715884e-03 6.059154074984987931e-06 1.575366892513727123e-03
2.577466702397830431e+03 1.585527141177962536e-03 6.060160721482890246e-06 1.579466980456482785e-03
2.581538529731792096e+03 1.588994433709981597e-03 6.062679737092562141e-06 1.582931753972882270e-03
2.585610357065753760e+03 1.593633917646901290e-03 6.071339214143829533e-06 1.587562578432754213e-03
2.589682184399715879e+03 1.600202733294272314e-03 6.088041455986942584e-06 1.594114691838283485e-03
2.593754011733677544e+03 1.608732422107265027e-03 6.112274112821767667e-06 1.602620147994438665e-03
2.597825839067639208e+03 1.619364716170154737e-03 6.142633776352941668e-06 1.613222082393806715e-03
2.601897666401601327e+03 1.632544875270406596e-03 6.179625803700417251e-06 1.626365249466694323e-03
2.605969493735562992e+03 1.648403218113592182e-03 6.226702754275932486e-06 1.642176515359311615e-03
2.610041321069524656e+03 1.666312606205565218e-03 6.286627950558741936e-06 1.660025978255000745e-03
2.614113148403486775e+03 1.685327785091661739e-03 6.356013784386031697e-06 1.678971771307281521e-03
2.618184975737448440e+03 1.704786441100171381e-03 6.424875815522535614e-06 1.698361565284650697e-03
2.622256803071410104e+03 1.723946941184907643e-03 6.483153819322582663e-06 1.717463787365584209e-03
2.626328630405372223e+03 1.741098716416237049e-03 6.527453633627696748e-06 1.734571262782604777e-03
2.630400457739333888e+03 1.753945373551208222e-03 6.560569275058313090e-06 1.747384804276139875e-03
2.634472285073295552e+03 1.761766409665008843e-03 6.585603177647860011e-06 1.755180806487358514e-03
2.638544112407257671e+03 1.767146026479292972e-03 6.603696448893959220e-06 1.760542330030401585e-03
2.642615939741219336e+03 1.774754513422869455e-03 6.619093564871755958e-06 1.768135419857999168e-03
2.646687767075181000e+03 1.787807370621773920e-03 6.643610549043191325e-06 1.781163760072735540e-03
2.650759594409143119e+03 1.805661121395914226e-03 6.690653520023855105e-06 1.798970467875889503e-03
2.654831421743104784e+03 1.824866927542034140e-03 6.761667502889370249e-06 1.818105260039139942e-03
2.658903249077066448e+03 1.842322408660263368e-03 6.840374761528202128e-06 1.835482033898742146e-03
2.662975076411028567e+03 1.857426867937781887e-03 6.904819277240285343e-06 1.850522048660539851e-03
2.667046903744990232e+03 1.871866895424593655e-03 6.947353003020545264e-06 1.864919542421567336e-03
2.671118731078951896e+03 1.888005740646923891e-03 6.981551255958576272e-06 1.881024189390966255e-03
2.675190558412914015e+03 1.907247367394205055e-03 7.028067798303249620e-06 1.900219299595903508e-03
2.679262385746875680e+03 1.929024995194901851e-03 7.094925792693919036e-06 1.921930069402214090e-03
2.683334213080837344e+03 1.950922853136007051e-03 7.173546908411098465e-06 1.943749306227606031e-03
2.687406040414799463e+03 1.970307589174287183e-03 7.252542247826427239e-06 1.963055046926469229e-03
2.691477867748761128e+03 1.986521424072051553e-03 7.330725176381741466e-06 1.979190698895677905e-03
2.695549695082722792e+03 2.001491368669157042e-03 7.414120010688733755e-06 1.994077248658466996e-03
2.699621522416684911e+03 2.017894981709044029e-03 7.503337884911062293e-06 2.010391643824138794e-03
2.703693349750646576e+03 2.036896482588495920e-03 7.589310756041315691e-06 2.029307171832462914e-03
2.707765177084608240e+03 2.058073633003898971e-03 7.663241354651531434e-06 2.050410391649255468e-03
2.711837004418570359e+03 2.081230870594077183e-03 7.727937462618449140e-06 2.073502933131468867e-03
2.715908831752532024e+03 2.107197059759980274e-03 7.796329533895654000e-06 2.099400730226085726e-03
2.719980659086493688e+03 2.136284085095613728e-03 7.879123344741589688e-06 2.128404961750881598e-03
2.724052486420455807e+03 2.166827244171748001e-03 7.976240934617217251e-06 2.158851003237140416e-03
2.728124313754417472e+03 2.196626457321286009e-03 8.081406811996134112e-06 2.188545050509298640e-03
2.732196141088379136e+03 2.226014840287168523e-03 8.193486490444485941e-06 2.217821353796731090e-03
2.736267968422341255e+03 2.258174910027652138e-03 8.320168501374784509e-06 2.249854741526284303e-03
2.740339795756302919e+03 2.295113270327372133e-03 8.467931859429525654e-06 2.286645338467946723e-03
2.744411623090264584e+03 2.333563636666449899e-03 8.628380988763865653e-06 2.324935255677689286e-03
2.748483450424226703e+03 2.366382321790586572e-03 8.777700614897708965e-06 2.357604621175694339e-03
2.752555277758188367e+03 2.389155987898761071e-03 8.893967309330180846e-06 2.380262020589437449e-03
2.756627105092150032e+03 2.405276505756075069e-03 8.976999066088207029e-06 2.396299506689988316e-03
2.760698932426112151e+03 2.423675185528396166e-03 9.050007753761855553e-06 2.414625177774638431e-03
2.764770759760073815e+03 2.451185612244198737e-03 9.140344142093581687e-06 2.442045268102103345e-03
2.768842587094035935e+03 2.487229415904374397e-03 9.258538186139640778e-06 2.477970877718245219e-03
2.772914414427997599e+03 2.525684138099530338e-03 9.394566109158491302e-06 2.516289571990384857e-03
2.776986241761959263e+03 2.561101902472775419e-03 9.529762708681351231e-06 2.551572139764099380e-03
2.781058069095921383e+03 2.592860304608668367e-03 9.649711675856252282e-06 2.583210592932808601e-03
2.785129896429883047e+03 2.624410130956323674e-03 9.751375933679367198e-06 2.614658755022647441e-03
2.789201723763844711e+03 2.659923099382671598e-03 9.847680385263160498e-06 2.650075418997419226e-03
2.793273551097806831e+03 2.701485027616623829e-03 9.966539254098525689e-06 2.691518488362525715e-03
2.797345378431768495e+03 2.747710251271952894e-03 1.013422173012445301e-05 2.737576029541824961e-03
2.801417205765730159e+03 2.793848484122570409e-03 1.034851757823074885e-05 2.783499966544343736e-03
2.805489033099692278e+03 2.834289625056345911e-03 1.057045628686739550e-05 2.823719168769484641e-03
2.809560860433653943e+03 2.867108660045436432e-03 1.075393930220975344e-05 2.856354720743235244e-03
2.813632687767615607e+03 2.896862280837494801e-03 1.088922323510232621e-05 2.885973057602397255e-03
2.817704515101577726e+03 2.931599369228076509e-03 1.101255653811405460e-05 2.920586812689965426e-03
2.821776342435539391e+03 2.975648199285190355e-03 1.116871675611731206e-05 2.964479482529066515e-03
2.825848169769501055e+03 3.025368856069878681e-03 1.136791794953355773e-05 3.014000938120343746e-03
2.829919997103463174e+03 3.072966706650223472e-03 1.158408987569214068e-05 3.061382616774537338e-03
2.833991824437424839e+03 3.114851867237990700e-03 1.179059607336303057e-05 3.103061271164639194e-03
2.838063651771386503e+03 3.155737800113027954e-03 1.198764842856886915e-05 3.143750151684469949e-03
2.842135479105348622e+03 3.204168370175999089e-03 1.219296390038937416e-05 3.191975406275612652e-03
2.846207306439310287e+03 3.264379917521296331e-03 1.241471647066263953e-05 3.251965201050630028e-03
2.850279133773271951e+03 3.332878447008876151e-03 1.264162131987171141e-05 3.320236825689004863e-03
2.854350961107234070e+03 3.402389374936379274e-03 1.285696995200126902e-05 3.389532404984382189e-03
2.858422788441195735e+03 3.467958310574817318e-03 1.305517248340837257e-05 3.454903138091409455e-03
2.862494615775157399e+03 3.528717668135059223e-03 1.324365613488928152e-05 3.515474012000175362e-03
2.866566443109119518e+03 3.584809054967237792e-03 1.343405244121609886e-05 3.571375002526018354e-03
2.870638270443081183e+03 3.634759208214392336e-03 1.363436802879443974e-05 3.621124840185608457e-03
2.874710097777042847e+03 3.677698060059435801e-03 1.384674932039855536e-05 3.663851310739030080e-03
2.878781925111004966e+03 3.718527801270125020e-03 1.407093365679744800e-05 3.704456867613328905e-03
2.882853752444966631e+03 3.769640216839703628e-03 1.431378896153898162e-05 3.755326427878160657e-03
2.886925579778928295e+03 3.845085322974076125e-03 1.459877533434245244e-05 3.830486547639730573e-03
2.890997407112890414e+03 3.950285947075152237e-03 1.495980903627596128e-05 3.935326138038878346e-03
2.895069234446852079e+03 4.075766054746801474e-03 1.541290807507062733e-05 4.060353146671738175e-03
2.899141061780813743e+03 4.201498679345322743e-03 1.592717717957776717e-05 4.185571502165748130e-03
2.903212889114775862e+03 4.309959889633749840e-03 1.643007178853781190e-05 4.293529817845210747e-03
2.907284716448737527e+03 4.397717072307077632e-03 1.685353625261743819e-05 4.380863536054465171e-03
2.911356543782699191e+03 4.475595831784457898e-03 1.718287292912449839e-05 4.458412958855336415e-03
2.915428371116661310e+03 4.557507013952218425e-03 1.746298448524918171e-05 4.540044029466974024e-03
2.919500198450622975e+03 4.648846670342900861e-03 1.775957549848218624e-05 4.631087094844422991e-03
2.923572025784584639e+03 4.745488042629088590e-03 1.811664225592245697e-05 4.727371400373167956e-03
2.927643853118546758e+03 4.842935213859455787e-03 1.854622760681431118e-05 4.824388986252647893e-03
2.931715680452508423e+03 4.944468689583933832e-03 1.904386730772117316e-05 4.925424822276214427e-03
2.935787507786470087e+03 5.058868618394100035e-03 1.959785589889736864e-05 5.039270762495206071e-03
2.939859335120432206e+03 5.190145894515769791e-03 2.017909580474708822e-05 5.169966798711024200e-03
2.943931162454393871e+03 5.330386962006807006e-03 2.073207042617011489e-05 5.309654891580644839e-03
2.948002989788355535e+03 5.463660415939451676e-03 2.119352119838828293e-05 5.442466894741066798e-03
2.952074817122317654e+03 5.578113531794790490e-03 2.153613958307743539e-05 5.556577392211717141e-03
2.956146644456279319e+03 5.675660645146504701e-03 2.180145112276299957e-05 5.653859194023743914e-03
2.960218471790240983e+03 5.770823542782363771e-03 2.208602502761126832e-05 5.748737517754757761e-03
2.964290299124203102e+03 5.880221678713995308e-03 2.248449063880176641e-05 5.857737188075197790e-03
2.968362126458164767e+03 6.012657531889399956e-03 2.303530208920786165e-05 5.989622229800191031e-03
2.972433953792126431e+03 6.167880403128594459e-03 2.371297099236513179e-05 6.144167432136230303e-03
2.976505781126088550e+03 6.341713393271039556e-03 2.446189580282163908e-05 6.317251497468220553e-03
2.980577608460050214e+03 6.529141128446033782e-03 2.522970789112183464e-05 6.503911420554909714e-03
2.984649435794011879e+03 6.723258096129144760e-03 2.597790789472928432e-05 6.697280188234418404e-03
2.988721263127973998e+03 6.916623832757927068e-03 2.668825565696555742e-05 6.889935577100970987e-03
2.992793090461935662e+03 7.107500816847832532e-03 2.737632461730911428e-05 7.080124492230522974e-03
2.996864917795897327e+03 7.301829539403495092e-03 2.808220265642155785e-05 7.273747336747074348e-03
3.000936745129859446e+03 7.503854792277572447e-03 2.881955075852809842e-05 7.475035241519044013e-03
3.005008572463821110e+03 7.706536067021402259e-03 2.953959759169155443e-05 7.676996469429711416e-03
3.009080399797782775e+03 7.899747910743552121e-03 3.018736224145067293e-05 7.869560548502095576e-03
3.013152227131744894e+03 8.092019105735596268e-03 3.081697196590414217e-05 8.061202133769689721e-03
3.017224054465706558e+03 8.316772128405413092e-03 3.161689619732542002e-05 8.285155232208085002e-03
3.021295881799668223e+03 8.605968942679623895e-03 3.276155460417381788e-05 8.573207388075453073e-03
3.025367709133630342e+03 8.954492385973568738e-03 3.421575633762604350e-05 8.920276629635943630e-03
3.029439536467592006e+03 9.315325522819046036e-03 3.571117501569388353e-05 9.279614347803350621e-03
3.033511363801553671e+03 9.633547433488336489e-03 3.694524200806527983e-05 9.596602191480271826e-03
3.037583191135515790e+03 9.885520394252738166e-03 3.781164460025161517e-05 9.847708749652486077e-03
3.041655018469477454e+03 1.008892058161128466e-02 3.844714255674956031e-05 1.005047343905453305e-02
3.045726845803439119e+03 1.028441867422938416e-02 3.908834908202594944e-05 1.024533032514736430e-02
3.049798673137401238e+03 1.051366426824196058e-02 3.991389851683470194e-05 1.047375036972512594e-02
3.053870500471362902e+03 1.080843587393111142e-02 4.100881374871132278e-05 1.076742706018240028e-02
3.057942327805324567e+03 1.118650157845619761e-02 4.241839587992683475e-05 1.114408318257627262e-02
3.062014155139286686e+03 1.164736199863566218e-02 4.417255031481735327e-05 1.160318944832084559e-02
3.066085982473248350e+03 1.216989821649542246e-02 4.623164339037553431e-05 1.212366657310504428e-02
3.070157809807210015e+03 1.271611252112447854e-02 4.842307837039656459e-05 1.266768944275408273e-02
3.074229637141172134e+03 1.324066961142459330e-02 5.047068067380478543e-05 1.319019893075079608e-02
3.078301464475133798e+03 1.370514639211948757e-02 5.213879346928580792e-05 1.365300759865019711e-02
3.082373291809095463e+03 1.409664612597078849e-02 5.339774531213158191e-05 1.404324838065864819e-02
3.086445119143057582e+03 1.444339268691282110e-02 5.447501515365220056e-05 1.438891767175918060e-02
3.090516946477019246e+03 1.481076381714815926e-02 5.573454057995750520e-05 1.475502927656820520e-02
3.094588773810980911e+03 1.526825660819198550e-02 5.746243919570839288e-05 1.521079416899626634e-02
3.098660601144943030e+03 1.584398715143271741e-02 5.970887475696606616e-05 1.578427827667575403e-02
3.102732428478904694e+03 1.650347465966560748e-02 6.228392232938864508e-05 1.644119073733621428e-02
3.106804255812866359e+03 1.717608914958767760e-02 6.488974528961174504e-05 1.711119940429806779e-02
3.110876083146828478e+03 1.781112275545553708e-02 6.729278609760497082e-05 1.774382996935793336e-02
3.114947910480790142e+03 1.841602389921074417e-02 6.943859711137998891e-05 1.834658530209936148e-02
3.119019737814751807e+03 1.904520192718882690e-02 7.146246992346280105e-05 1.897373945726536434e-02
3.123091565148713926e+03 1.975423173486798994e-02 7.360915857048568717e-05 1.968062257629750109e-02
3.127163392482675590e+03 2.056096981177876759e-02 7.611089921795175591e-05 2.048485891256080979e-02
3.131235219816637255e+03 2.143675432757455313e-02 7.907104546097279787e-05 2.135768328211357786e-02
3.135307047150599374e+03 2.231954179900852778e-02 8.238872184676444821e-05 2.223715307716176565e-02
3.139378874484561038e+03 2.313849593982701333e-02 8.577367031761340757e-05 2.305272226950939168e-02
3.143450701818522703e+03 2.385388894880853192e-02 8.890158289913792844e-05 2.376498736590939437e-02
3.147522529152484822e+03 2.450224633419405967e-02 9.166435097026386016e-05 2.441058198322380163e-02
3.151594356486446486e+03 2.520152734721091067e-02 9.431866727904046784e-05 2.510720867993186320e-02
3.155666183820408150e+03 2.608213288082222858e-02 9.733970697704103468e-05 2.598479317384518733e-02
3.159738011154370270e+03 2.718741775262082869e-02 1.010484145972506134e-04 2.708636933802357344e-02
3.163809838488331934e+03 2.844258475502647876e-02 1.053534721317679319e-04 2.833723128289471552e-02
3.167881665822293598e+03 2.973140844930873689e-02 1.098704791778344999e-04 2.962153797013091297e-02
3.171953493156255718e+03 3.099885658229083532e-02 1.142823509303158951e-04 3.088457423136051205e-02
3.176025320490217382e+03 3.226693201845010073e-02 1.185513300183112326e-04 3.214838068843178798e-02
3.180097147824179046e+03 3.355852549531515572e-02 1.227970412766135665e-04 3.343572845403854077e-02
3.184168975158141166e+03 3.483474102245977255e-02 1.270491150531679030e-04 3.470769190740660010e-02
3.188240802492102830e+03 3.602445545568021268e-02 1.311791247373224800e-04 3.589327633094287900e-02
3.192312629826064494e+03 3.710403387649370555e-02 1.350537016951333365e-04 3.696898017479856302e-02
3.196384457160026614e+03 3.813044628333031594e-02 1.387111204194403364e-04 3.799173516291086405e-02
3.200456284493988278e+03 3.919850762382459664e-02 1.423982960421665985e-04 3.905610932778242478e-02
3.204528111827949942e+03 4.037631027725974153e-02 1.464575889130162098e-04 4.022985268834673028e-02
3.208599939161912062e+03 4.167213786424286970e-02 1.511188366374462242e-04 4.152101902760542418e-02
3.212671766495873726e+03 4.303646049280106245e-02 1.562906060096502672e-04 4.288016988679141384e-02
3.216743593829835390e+03 4.438708002435552691e-02 1.615332096134089869e-04 4.422554681474211852e-02
3.220815421163797510e+03 4.565798462225496845e-02 1.663519944379908497e-04 4.549163262781696915e-02
3.224887248497759174e+03 4.685292257840710517e-02 1.706317176902487560e-04 4.668229086071684630e-02
3.228959075831720838e+03 4.804948058274159661e-02 1.747635656939247617e-04 4.787471701704767990e-02
3.233030903165682957e+03 4.932969263927269171e-02 1.792617464628411142e-04 4.915043089280984878e-02
3.237102730499644622e+03 5.070438118736071698e-02 1.842681759942168315e-04 5.052011301136649646e-02
3.241174557833606286e+03 5.212616034710994967e-02 1.895329165260244142e-04 5.193662743058391484e-02
3.245246385167568405e+03 5.358226065820489298e-02 1.948841658050456233e-04 5.338737649239982952e-02
3.249318212501530070e+03 5.514413915106982506e-02 2.005575866890301731e-04 5.494358156438078344e-02
3.253390039835491734e+03 5.689270812867971289e-02 2.069261645626290576e-04 5.668578196411707543e-02
3.257461867169453853e+03 5.880172830769604675e-02 2.139733003417466776e-04 5.858775500735428909e-02
3.261533694503415518e+03 6.073074012359771373e-02 2.212034106231249421e-04 6.050953671297458480e-02
3.265605521837377637e+03 6.254725385447357233e-02 2.281017273179271072e-04 6.231915212715564978e-02
3.269677349171339301e+03 6.423347976388413261e-02 2.345485712848560146e-04 6.399893119259929264e-02
3.273749176505300966e+03 6.585619166028236493e-02 2.407219042037536476e-04 6.561546975607859822e-02
3.277821003839263085e+03 6.745608016569870635e-02 2.467407604292843866e-04 6.720933940526942207e-02
3.281892831173224749e+03 6.900455112045728034e-02 2.525727482592790346e-04 6.875197837219799990e-02
3.285964658507186869e+03 7.047052223198567444e-02 2.582486725697562204e-04 7.021227355941590809e-02
3.290036485841148533e+03 7.189795421889866311e-02 2.639902023090127210e-04 7.163396401658965462e-02
3.294108313175110197e+03 7.340144851161807538e-02 2.700762381671300140e-04 7.313137227345094249e-02
3.298180140509072316e+03 7.509758580358354141e-02 2.766944156876509852e-04 7.482089138789589644e-02
3.302251967843033981e+03 7.703701134269266837e-02 2.839510158795336423e-04 7.675306032681314394e-02
3.306323795176996100e+03 7.916264467465992938e-02 2.918514513693498094e-04 7.887079322329057507e-02
3.310395622510956855e+03 8.130606062145975810e-02 3.001195931655812189e-04 8.100594102829417054e-02
3.314467449844919429e+03 8.326327026846443158e-02 3.081516354689990342e-04 8.295511863299542821e-02
3.318539277178881548e+03 8.494631814449857266e-02 3.154096510583377232e-04 8.463090849344022393e-02
3.322611104512842758e+03 8.648119310628696321e-02 3.219464253254306746e-04 8.615924668096154593e-02
3.326682931846805332e+03 8.810639538241447910e-02 3.283843729562735360e-04 8.777801100945820112e-02
3.330754759180766087e+03 8.992536659547704925e-02 3.352262097300645247e-04 8.959014038574697469e-02
3.334826586514728206e+03 9.176731470644418354e-02 3.422249512353419819e-04 9.142508975520882708e-02
3.338898413848690780e+03 9.332916092715794198e-02 3.485507253010909851e-04 9.298061020185685588e-02
3.342970241182651989e+03 9.446611247760931807e-02 3.536065924909905303e-04 9.411250588511835269e-02
3.347042068516613654e+03 9.533550412425970122e-02 3.576523441538096955e-04 9.497785178010589857e-02
3.351113895850575318e+03 9.626945992220928283e-02 3.616568435080392630e-04 9.590780307870123977e-02
3.355185723184537437e+03 9.753025319010835692e-02 3.665886137893122304e-04 9.716366457631901710e-02
3.359257550518499102e+03 9.916925701904669155e-02 3.727939093341440689e-04 9.879646310971254564e-02
3.363329377852461221e+03 1.010561196158902553e-01 3.799157664415140257e-04 1.006762038494487532e-01
3.367401205186422885e+03 1.029989426354365190e-01 3.873140153761672842e-04 1.026116286200603467e-01
3.371473032520384550e+03 1.048591249585053564e-01 3.945607925272366168e-04 1.044645641659780883e-01
3.375544859854346669e+03 1.066005374993608257e-01 4.015545731939367436e-04 1.061989829261668766e-01
3.379616687188308333e+03 1.082429726913730905e-01 4.081891645891711677e-04 1.078347835267839117e-01
3.383688514522270452e+03 1.097576494382110079e-01 4.140360279531143830e-04 1.093436134102578894e-01
3.387760341856232117e+03 1.110291613907671976e-01 4.185526042445434389e-04 1.106106087865226240e-01
3.391832169190193781e+03 1.119764908215446220e-01 4.217201458874891493e-04 1.115547706756571111e-01
3.395903996524154991e+03 1.127404489400124499e-01 4.244105150450210202e-04 1.123160384249674293e-01
3.399975823858117565e+03 1.137118305107744504e-01 4.279867982362698807e-04 1.132838437125381625e-01
3.404047651192079684e+03 1.152999492458181008e-01 4.334699088681362618e-04 1.148664793369499615e-01
3.408119478526040439e+03 1.176187258839862804e-01 4.410264848716480561e-04 1.171776993991146265e-01
3.412191305860003013e+03 1.203744123902197732e-01 4.500642647304904783e-04 1.199243481254892857e-01
3.416263133193964222e+03 1.230470821271152371e-01 4.595654366068924537e-04 1.225875166905083385e-01
3.420334960527926341e+03 1.251943708374829156e-01 4.683084676875902234e-04 1.247260623697953041e-01
3.424406787861888915e+03 1.266498327691695513e-01 4.751269339759350884e-04 1.261747058351935791e-01
3.428478615195849670e+03 1.275362812700454040e-01 4.794400357581128647e-04 1.270568412342872600e-01
3.432550442529811789e+03 1.281523180805509976e-01 4.817513985630850312e-04 1.276705666819879514e-01
3.436622269863773454e+03 1.288086545581378917e-01 4.834719689002137154e-04 1.283251825892376963e-01
3.440694097197735573e+03 1.296766735243473634e-01 4.859637194743625832e-04 1.291907098048730163e-01
3.444765924531697237e+03 1.307347467921388673e-01 4.896160295282832569e-04 1.302451307626106003e-01
3.448837751865658902e+03 1.318730415141997625e-01 4.938900399937727007e-04 1.313791514742059796e-01
3.452909579199621021e+03 1.330731514855542641e-01 4.982622850440801034e-04 1.325748892005102209e-01
3.456981406533582685e+03 1.344535058959090423e-01 5.029357272257712827e-04 1.339505701686832528e-01
3.461053233867544805e+03 1.360781263278997844e-01 5.083867131275767327e-04 1.355697396147722000e-01
3.465125061201506469e+03 1.377173961820577219e-01 5.142219469378166066e-04 1.372031742351199068e-01
3.469196888535468133e+03 1.388814321421759090e-01 5.188356932305328078e-04 1.383625964489453852e-01
3.473268715869430252e+03 1.391896094993452793e-01 5.206172730496687242e-04 1.386689922262956398e-01
3.477340543203391917e+03 1.387339399580060084e-01 5.196093403592435883e-04 1.382143306176467357e-01
3.481412370537354036e+03 1.380273997368382244e-01 5.177256160718742006e-04 1.375096741207663675e-01
3.485484197871315700e+03 1.375396891114328279e-01 5.170507719198804645e-04 1.370226383395129477e-01
3.489556025205277365e+03 1.372778208452308246e-01 5.178968628272563688e-04 1.367599239824034973e-01
3.493627852539239484e+03 1.368417809493536474e-01 5.186603902701205802e-04 1.363231205590835216e-01
3.497699679873201148e+03 1.358861007538782473e-01 5.175866723685990578e-04 1.353685140815096277e-01
3.501771507207163268e+03 1.344939939968149978e-01 5.145035915715120761e-04 1.339794904052434565e-01
3.505843334541124023e+03 1.330801452085629555e-01 5.107457022095261527e-04 1.325693995063534358e-01
3.509915161875086596e+03 1.319451552092275326e-01 5.075484184236364778e-04 1.314376067908039070e-01
3.513986989209048716e+03 1.309589239015466478e-01 5.047415842320613407e-04 1.304541823173145931e-01
3.518058816543009925e+03 1.296965713289484901e-01 5.010230734050596631e-04 1.291955482555434409e-01
3.522130643876972499e+03 1.278759816708310848e-01 4.953287887496548485e-04 1.273806528820814188e-01
3.526202471210933254e+03 1.256463434067530971e-01 4.878376183599467683e-04 1.251585057883931040e-01
3.530274298544895373e+03 1.234435742607049580e-01 4.797624532714674572e-04 1.229638118074334596e-01
3.534346125878857947e+03 1.215746919706921919e-01 4.723391819572072279e-04 1.211023527887349766e-01
3.538417953212819157e+03 1.199570479465363881e-01 4.660137548877020292e-04 1.194910341916487068e-01
3.542489780546780821e+03 1.182541293196534421e-01 4.603959941524763235e-04 1.177937333255009572e-01
3.546561607880742486e+03 1.162261858431817424e-01 4.547562207185986251e-04 1.157714296224631456e-01
3.550633435214704605e+03 1.139150153414969918e-01 4.484809936128593237e-04 1.134665343478841459e-01
3.554705262548666269e+03 1.115118393804408053e-01 4.411850119002114733e-04 1.110706543685405778e-01
3.558777089882628388e+03 1.091248286928096639e-01 4.326630494677984160e-04 1.086921656433418593e-01
3.562848917216590053e+03 1.067322304007266992e-01 4.229853443603542136e-04 1.063092450563663388e-01
3.566920744550551717e+03 1.043269094979414613e-01 4.126892620084033551e-04 1.039142202359330663e-01
3.570992571884513836e+03 1.020101023221281211e-01 4.026942586015286362e-04 1.016074080635265692e-01
3.575064399218475501e+03 9.988898130878794135e-02 3.937761486368601227e-04 9.949520516015107618e-02
3.579136226552437620e+03 9.792059317234177995e-02 3.860114347202036429e-04 9.753458173762157013e-02
3.583208053886399284e+03 9.592900053595831977e-02 3.788054901892645211e-04 9.555019504576903189e-02
3.587279881220360949e+03 9.379768920678983879e-02 3.715667545552849937e-04 9.342612245223454182e-02
3.591351708554322158e+03 9.161173838076287768e-02 3.643503807768273253e-04 9.124738799998603767e-02
3.595423535888284732e+03 8.958639510496227421e-02 3.577747045650673608e-04 8.922862040039722387e-02
3.599495363222246851e+03 8.787275987927725684e-02 3.523079956165716081e-04 8.752045188366067152e-02
3.603567190556207606e+03 8.645020981748775812e-02 3.477207694967195291e-04 8.610248904799104597e-02
3.607639017890170180e+03 8.518015176505261410e-02 3.432765774600808899e-04 8.483687518759253088e-02
3.611710845224131390e+03 8.391348319312671999e-02 3.383759864805818717e-04 8.357510720664614035e-02
3.615782672558093509e+03 8.253560536746223919e-02 3.329052739256722774e-04 8.220270009353657092e-02
3.619854499892056083e+03 8.095736209497367275e-02 3.269756702923826532e-04 8.063038642468127459e-02
3.623926327226016838e+03 7.912496095299140220e-02 3.204836431534925276e-04 7.880447730983790311e-02
3.627998154559978957e+03 7.706292886588669844e-02 3.130944439465700789e-04 7.674983442194011074e-02
3.632069981893940621e+03 7.489652925016590523e-02 3.047201037536159110e-04 7.459180914641229398e-02
3.636141809227902741e+03 7.281785292032519341e-02 2.959808802047517455e-04 7.252187204012043586e-02
3.640213636561864405e+03 7.101440811987558277e-02 2.881037845027018440e-04 7.072630433537288597e-02
3.644285463895826069e+03 6.959118236850922457e-02 2.821987016623417788e-04 6.930898366684687395e-02
3.648357291229788189e+03 6.850597992597255714e-02 2.784110784223601870e-04 6.822756884755018514e-02
3.652429118563749853e+03 6.755762952711591440e-02 2.756510162842606363e-04 6.728197851083161929e-02
3.656500945897711972e+03 6.647974969712418247e-02 2.722513662165605957e-04 6.620749833090761038e-02
3.660572773231673636e+03 6.511886248112322417e-02 2.671658141735693643e-04 6.485169666694964863e-02
3.664644600565635301e+03 6.355793880759601222e-02 2.607448094696653246e-04 6.329719399812636094e-02
3.668716427899597420e+03 6.204727533250643801e-02 2.543596062098059949e-04 6.179291572629662388e-02
3.672788255233559084e+03 6.078074837156186710e-02 2.491605294072664584e-04 6.053158784215460081e-02
3.676860082567521204e+03 5.972862280015802522e-02 2.451174982300259120e-04 5.948350530192799551e-02
3.680931909901482868e+03 5.869021750530283021e-02 2.412282689778618631e-04 5.844898923632496635e-02
3.685003737235444532e+03 5.749426563272449359e-02 2.365781848828257751e-04 5.725768744784166808e-02
3.689075564569406652e+03 5.612180363403753564e-02 2.310824201445260977e-04 5.589072121389300485e-02
3.693147391903368316e+03 5.463443213069141269e-02 2.251843817898018852e-04 5.440924774890158744e-02
3.697219219237330435e+03 5.302434231724578728e-02 2.189936983881228679e-04 5.280534861885766151e-02
3.701291046571291190e+03 5.118206176936593993e-02 2.119332330256006925e-04 5.097012853634034363e-02
3.705362873905253764e+03 4.902099716626130005e-02 2.033069684969031669e-04 4.881769019776439900e-02
3.709434701239215883e+03 4.660501532201032082e-02 1.931241569938698386e-04 4.641189116501644868e-02
3.713506528573177093e+03 4.412414552584346256e-02 1.822540642327842868e-04 4.394189146161067011e-02
3.717578355907139667e+03 4.174188864288334855e-02 1.717588303555727032e-04 4.157012981252776462e-02
3.721650183241100422e+03 3.947804582904999859e-02 1.621137184453374266e-04 3.931593211060467608e-02
3.725722010575062541e+03 3.723804788375132541e-02 1.530385616105731041e-04 3.708500932214074675e-02
3.729793837909025115e+03 3.493241527782689482e-02 1.439419997661476323e-04 3.478847327806074835e-02
3.733865665242986324e+03 3.254911709219949351e-02 1.344173579170352946e-04 3.241469973428243861e-02
3.737937492576947989e+03 3.012584152145873426e-02 1.243860038015837609e-04 3.000145551765714957e-02
3.742009319910909653e+03 2.769459643265837628e-02 1.139971939026360669e-04 2.758059923875573818e-02
3.746081147244871772e+03 2.528076988721204149e-02 1.035662686879293317e-04 2.517720361852410910e-02
3.750152974578833437e+03 2.294035186384689451e-02 9.355807451206009731e-05 2.284679378933483079e-02
3.754224801912795556e+03 2.075891522510821957e-02 8.442429396545072650e-05 2.067449093114276729e-02
3.758296629246757220e+03 1.879451230093117514e-02 7.631887462756183267e-05 1.871819342630361496e-02
3.762368456580718885e+03 1.703379869264948915e-02 6.900253636064467445e-05 1.696479615628884718e-02
3.766440283914681004e+03 1.542013218770569259e-02 6.211303068848047701e-05 1.535801915701721400e-02
3.770512111248642668e+03 1.391968718724830370e-02 5.554011767964399729e-05 1.386414706956866708e-02
3.774583938582604787e+03 1.254614920216626586e-02 4.949519739851525113e-05 1.249665400476776024e-02
3.778655765916566452e+03 1.132414955346315935e-02 4.422864823391527362e-05 1.127992090522923763e-02
3.782727593250528116e+03 1.024853187809998158e-02 3.975378457072251419e-05 1.020877809352925894e-02
3.786799420584490235e+03 9.289910840408428794e-03 3.587596695056173259e-05 9.254034873457876731e-03
3.790871247918451900e+03 8.429058546055193807e-03 3.242641546586894714e-05 8.396632130589330376e-03
3.794943075252414019e+03 7.670980834965796143e-03 2.939417182809386778e-05 7.641586663137710234e-03
3.799014902586375683e+03 7.025747420052033676e-03 2.683938231626456890e-05 6.998908037735772705e-03
3.803086729920337348e+03 6.485592593824590288e-03 2.474183360424302258e-05 6.460850760220337823e-03
3.807158557254298557e+03 6.023445509412713936e-03 2.296253749042079432e-05 6.000482971922292338e-03
3.811230384588261131e+03 5.607753994992934442e-03 2.132797201183998223e-05 5.586426022981098166e-03
3.815302211922223250e+03 5.216803733370361726e-03 1.973334824386592962e-05 5.197070385126502552e-03
3.819374039256184005e+03 4.845524716923693513e-03 1.818508835963509216e-05 4.827339628564054907e-03
3.823445866590146579e+03 4.504448972636845502e-03 1.676840299532957734e-05 4.487680569641524023e-03
3.827517693924107789e+03 4.209622732230235316e-03 1.556761079131222366e-05 4.194055121438916567e-03
3.831589521258069908e+03 3.967533836303450620e-03 1.459551579420662328e-05 3.952938320509246338e-03
3.835661348592032482e+03 3.768022343932190231e-03 1.379048112938670440e-05 3.754231862802807733e-03
3.839733175925993237e+03 3.593413554212629511e-03 1.308235809447022538e-05 3.580331196118154233e-03
3.843805003259955356e+03 3.434375856996003170e-03 1.245491125258250934e-05 3.421920945743427318e-03
3.847876830593917020e+03 3.294963336407305370e-03 1.193697878648246249e-05 3.283026357620827569e-03
3.851948657927879140e+03 3.182433601411659325e-03 1.154068054050089338e-05 3.170892920871157782e-03
3.856020485261840804e+03 3.094824545328996729e-03 1.122446926536211469e-05 3.083600076063632532e-03
3.860092312595802468e+03 3.019922578556923261e-03 1.092066821758747464e-05 3.009001910339328956e-03
3.864164139929764588e+03 2.945110690265138366e-03 1.058998656387468847e-05 2.934520703701266019e-03
3.868235967263726252e+03 2.866800482829824376e-03 1.024473355475809014e-05 2.856555749275063640e-03
3.872307794597688371e+03 2.790769201683871662e-03 9.926138568386180813e-06 2.780843063115485785e-03
3.876379621931650036e+03 2.724747161958559431e-03 9.665427434335255663e-06 2.715081734524220792e-03
3.880451449265611700e+03 2.671208183872751663e-03 9.462836725333085094e-06 2.661745347147416365e-03
3.884523276599573819e+03 2.626664050434896619e-03 9.296376730025603818e-06 2.617367673704873356e-03
3.888595103933535484e+03 2.586636085585237478e-03 9.147531214912961781e-06 2.577488554370322826e-03
3.892666931267497603e+03 2.549964453183765304e-03 9.017781895177952675e-06 2.540946671288585139e-03
3.896738758601459267e+03 2.517814574562545708e-03 8.918491830391724406e-06 2.508896082732152335e-03
3.900810585935420931e+03 2.489663589076339823e-03 8.845707726044729413e-06 2.480817881350291104e-03
3.904882413269383051e+03 2.462271495169696296e-03 8.771749882289723083e-06 2.453499745287417329e-03
3.908954240603344715e+03 2.433399208628977094e-03 8.668064959893151045e-06 2.424731143669087759e-03
3.913026067937306834e+03 2.405420979787580623e-03 8.535141304942626267e-06 2.396885838482646237e-03
3.917097895271267589e+03 2.383807811966830517e-03 8.404348236279445705e-06 2.375403463730549510e-03
3.921169722605230163e+03 2.371876860754071944e-03 8.309388225931184369e-06 2.363567472528141193e-03
3.925241549939192282e+03 2.367705875068906556e-03 8.259889069311877901e-06 2.359445985999590514e-03
3.929313377273153492e+03 2.366212896370239235e-03 8.242883075193149778e-06 2.357970013295043049e-03
3.933385204607116066e+03 2.363425054937451451e-03 8.242210826633899695e-06 2.355182844110818938e-03
3.937457031941076821e+03 2.358417857309371736e-03 8.249421830998186767e-06 2.350168435478382223e-03
3.941528859275038940e+03 2.352197625880920323e-03 8.259324897668881437e-06 2.343938300983251614e-03
3.945600686609001514e+03 2.346237328696396639e-03 8.266093099465292982e-06 2.337971235596931607e-03
3.949672513942962723e+03 2.342427347798328122e-03 8.269896530895080172e-06 2.334157451267429573e-03
3.953744341276924388e+03 2.343205441288009720e-03 8.282432619488057368e-06 2.334923008668522097e-03
3.957816168610886052e+03 2.350143432768170542e-03 8.317350175634456028e-06 2.341826082592534351e-03
3.961887995944848171e+03 2.361751065472940045e-03 8.372869845981075599e-06 2.353378195626952725e-03
3.965959823278809836e+03 2.373011944180520617e-03 8.427469958446725035e-06 2.364584474222069903e-03
3.970031650612771955e+03 2.377759507644318197e-03 8.455060827329812650e-06 2.369304446816989686e-03
3.974103477946733619e+03 2.372298607821470787e-03 8.443658741522346039e-06 2.363854949079954252e-03
3.978175305280695284e+03 2.357780452308988299e-03 8.400973386268883336e-06 2.349379478922718287e-03
3.982247132614657403e+03 2.340015613035929722e-03 8.348147699020411883e-06 2.331667465336909571e-03
3.986318959948619067e+03 2.326797789471469341e-03 8.311485239492852356e-06 2.318486304231974059e-03
3.990390787282581186e+03 2.323738748959165192e-03 8.313532045810430315e-06 2.315425216913351725e-03
3.994462614616542851e+03 2.330726817371217129e-03 8.360392132700667639e-06 2.322366425238516028e-03
3.998534441950504515e+03 2.341693184320529919e-03 8.432963250034394487e-06 2.333260221070490668e-03
