# wavenumber(cm^-1)  total O H
4.071827333961817175e+00 5.541076026393798593e-02 1.791893931079545019e-02 3.749182095314252533e-02
8.143654667923634349e+00 5.540851660707026005e-02 1.791249141714442231e-02 3.749602518992582734e-02
1.221548200188545152e+01 5.540483532927300420e-02 1.790174704475595499e-02 3.750308828451703880e-02
1.628730933584726870e+01 5.539980351378502588e-02 1.788670937696458171e-02 3.751309413682044763e-02
2.035913666980908587e+01 5.539354279295068129e-02 1.786738288597283786e-02 3.752615990697782955e-02
2.443096400377090305e+01 5.538620906468059990e-02 1.784377334828022091e-02 3.754243571640038246e-02
2.850279133773272022e+01 5.537799212883065536e-02 1.781588786437067820e-02 3.756210426445998063e-02
3.257461867169453740e+01 5.536911524419342590e-02 1.778373488254714890e-02 3.758538036164627699e-02
3.664644600565635812e+01 5.535983460695052816e-02 1.774732422677778587e-02 3.761251038017273535e-02
4.071827333961817175e+01 5.535043875158459498e-02 1.770666712839552917e-02 3.764377162318906234e-02
4.479010067357999247e+01 5.534124787540051216e-02 1.766177626146978041e-02 3.767947161393072480e-02
4.886192800754180610e+01 5.533261308795364014e-02 1.761266578164740262e-02 3.771994730630622017e-02
5.293375534150362682e+01 5.532491558683014926e-02 1.755935136823913098e-02 3.776556421859101481e-02
5.700558267546544045e+01 5.531856576136906511e-02 1.750185026930766233e-02 3.781671549206140626e-02
6.107741000942726117e+01 5.531400222605866585e-02 1.744018134949454693e-02 3.787382087656411545e-02
6.514923734338907479e+01 5.531169078548002493e-02 1.737436514030525278e-02 3.793732564517476175e-02
6.922106467735089552e+01 5.531212333280838278e-02 1.730442389255510208e-02 3.800769944025327030e-02
7.329289201131271625e+01 5.531581668401765878e-02 1.723038163066329884e-02 3.808543505335436341e-02
7.736471934527452277e+01 5.532331135006542805e-02 1.715226420846832633e-02 3.817104714159709478e-02
8.143654667923634349e+01 5.533517024946392471e-02 1.707009936622511798e-02 3.826507088323880673e-02
8.550837401319816422e+01 5.535197736376760991e-02 1.698391678843332031e-02 3.836806057533430347e-02
8.958020134715998495e+01 5.537433633862925975e-02 1.689374816213610672e-02 3.848058817649314955e-02
9.365202868112179146e+01 5.540286903319267126e-02 1.679962723532086796e-02 3.860324179787179982e-02
9.772385601508361219e+01 5.543821402070438220e-02 1.670158987504638190e-02 3.873662414565798295e-02
1.017956833490454329e+02 5.548102504333326385e-02 1.659967412491605149e-02 3.888135091841719848e-02
1.058675106830072536e+02 5.553196942429212968e-02 1.649392026151345891e-02 3.903804916277866383e-02
1.099393380169690602e+02 5.559172644045249495e-02 1.638437084941461036e-02 3.920735559103787765e-02
1.140111653509308809e+02 5.566098565873790760e-02 1.627107079439124235e-02 3.938991486434666178e-02
1.180829926848927016e+02 5.574044523966849296e-02 1.615406739442110107e-02 3.958637784524739189e-02
1.221548200188545223e+02 5.583081021151135859e-02 1.603341038812422514e-02 3.979739982338713344e-02
1.262266473528163289e+02 5.593279071856784024e-02 1.590915200024938317e-02 4.002363871831844666e-02
1.302984746867781496e+02 5.604710024719781331e-02 1.578134698384104501e-02 4.026575326335676136e-02
1.343703020207399561e+02 5.617445383324522895e-02 1.565005265872557866e-02 4.052440117451965029e-02
1.384421293547017910e+02 5.631556625458528087e-02 1.551532894596510150e-02 4.080023730862018111e-02
1.425139566886635976e+02 5.647115021256327028e-02 1.537723839793845790e-02 4.109391181462480891e-02
1.465857840226254325e+02 5.664191450613849377e-02 1.523584622372189945e-02 4.140606828241658738e-02
1.506576113565872390e+02 5.682856220258090951e-02 1.509122030945601878e-02 4.173734189312489073e-02
1.547294386905490455e+02 5.703178880859698097e-02 1.494343123340118387e-02 4.208835757519580750e-02
1.588012660245108805e+02 5.725228044578058173e-02 1.479255227540090048e-02 4.245972817037967778e-02
1.628730933584726870e+02 5.749071203429737681e-02 1.463865942049051225e-02 4.285205261380685415e-02
1.669449206924344935e+02 5.774774548871539764e-02 1.448183135640844152e-02 4.326591413230695266e-02
1.710167480263963284e+02 5.802402792989023311e-02 1.432214946478756190e-02 4.370187846510266427e-02
1.750885753603581350e+02 5.832018991680122666e-02 1.415969780582621365e-02 4.416049211097499566e-02
1.791604026943199699e+02 5.863684370221429465e-02 1.399456309626083937e-02 4.464228060595345354e-02
1.832322300282817764e+02 5.897458151601793486e-02 1.382683468048597798e-02 4.514774683553195861e-02
1.873040573622435829e+02 5.933397388004078149e-02 1.365660449469159252e-02 4.567736938534918550e-02
1.913758846962054179e+02 5.971556795811303747e-02 1.348396702391282086e-02 4.623160093420021488e-02
1.954477120301672244e+02 6.011988594507890887e-02 1.330901925191296797e-02 4.681086669316594090e-02
1.995195393641290309e+02 6.054742349840298854e-02 1.313186060384660334e-02 4.741556289455638173e-02
2.035913666980908658e+02 6.099864821594136455e-02 1.295259288167649459e-02 4.804605533426486996e-02
2.076631940320526724e+02 6.147399816336694689e-02 1.277132019234463942e-02 4.870267797102230400e-02
2.117350213660145073e+02 6.197388045464845285e-02 1.258814886872511828e-02 4.938573158592333284e-02
2.158068486999763138e+02 6.249866988888451436e-02 1.240318738341343943e-02 5.009548250547106452e-02
2.198786760339381203e+02 6.304870764668719929e-02 1.221654625543433167e-02 5.083216139125285027e-02
2.239505033678999553e+02 6.362430004919439330e-02 1.202833794997704153e-02 5.159596209921735177e-02
2.280223307018617618e+02 6.422571738266756591e-02 1.183867677129385801e-02 5.238704061137371137e-02
2.320941580358235683e+02 6.485319279149914795e-02 1.164767874892436682e-02 5.320551404257478634e-02
2.361659853697854032e+02 6.550692124231648206e-02 1.145546151743375915e-02 5.405145972488271944e-02
2.402378127037472098e+02 6.618705856172137081e-02 1.126214418987927200e-02 5.492491437184209013e-02
2.443096400377090447e+02 6.689372055005145257e-02 1.106784722524361587e-02 5.582587332480783149e-02
2.483814673716708512e+02 6.762698217338866669e-02 1.087269229009852137e-02 5.675428988329014185e-02
2.524532947056326577e+02 6.838687683587292565e-02 1.067680211478487691e-02 5.771007472108804354e-02
2.565251220395944642e+02 6.917339573420525078e-02 1.048030034441839453e-02 5.869309538978685625e-02
2.605969493735562992e+02 6.998648729604557694e-02 1.028331138505114359e-02 5.970317591099442989e-02
2.646687767075181341e+02 7.082605670382517704e-02 1.008596024533976732e-02 6.074009645848541666e-02
2.687406040414799122e+02 7.169196550530336498e-02 9.888372374090306782e-03 6.180359313121305126e-02
2.728124313754417472e+02 7.258403131200344416e-02 9.690673494067542429e-03 6.289335781793589653e-02
2.768842587094035821e+02 7.350202758646420809e-02 9.492989432473477457e-03 6.400903815399072716e-02
2.809560860433653602e+02 7.444568351903987913e-02 9.295445948514840726e-03 6.515023757052502973e-02
2.850279133773271951e+02 7.541468399477588291e-02 9.098168558493274424e-03 6.631651543628259982e-02
2.890997407112890301e+02 7.640866965067918959e-02 8.901282358864372191e-03 6.750738729181481046e-02
2.931715680452508650e+02 7.742723702349105230e-02 8.704911847722479959e-03 6.872232517576856714e-02
2.972433953792126431e+02 7.846993878785737953e-02 8.509180745177410965e-03 6.996075804267995468e-02
3.013152227131744780e+02 7.953628408457923127e-02 8.314211813096964929e-03 7.122207227148226460e-02
3.053870500471363130e+02 8.062573893841123995e-02 8.120126674695013480e-03 7.250561226371619872e-02
3.094588773810980911e+02 8.173772676466274645e-02 7.927045634449392947e-03 7.381068113021334309e-02
3.135307047150599260e+02 8.287162896364334841e-02 7.735087498836360972e-03 7.513654146480698570e-02
3.176025320490217609e+02 8.402678560178258871e-02 7.544369398369413400e-03 7.648241620341314495e-02
3.216743593829835390e+02 8.520249617804477593e-02 7.355006611429505854e-03 7.784748956661526054e-02
3.257461867169453740e+02 8.639802047405223395e-02 7.167112390371243799e-03 7.923090808368099536e-02
3.298180140509072089e+02 8.761257948612682922e-02 6.980797790385526516e-03 8.063178169574128362e-02
3.338898413848689870e+02 8.884535643725985365e-02 6.796171501593306977e-03 8.204918493566652760e-02
3.379616687188308219e+02 9.009549786682453931e-02 6.613339684837663338e-03 8.348215818198687077e-02
3.420334960527926569e+02 9.136211479565552185e-02 6.432405811632332937e-03 8.492970898402318891e-02
3.461053233867544918e+02 9.264428396393424581e-02 6.253470508714188518e-03 8.639081345522006683e-02
3.501771507207162699e+02 9.394104913914128052e-02 6.076631407634872778e-03 8.786441773150639734e-02
3.542489780546781049e+02 9.525142249116418103e-02 5.901982999813134255e-03 8.934943949135104591e-02
3.583208053886399398e+02 9.657438603148604805e-02 5.729616497454251278e-03 9.084476953403178290e-02
3.623926327226017179e+02 9.790889311322180377e-02 5.559619700726221858e-03 9.234927341249557498e-02
3.664644600565635528e+02 9.925386998862308074e-02 5.392076871564681524e-03 9.386179311705840356e-02
3.705362873905253878e+02 1.006082174205314150e-01 5.227068614459146403e-03 9.538114880607226342e-02
3.746081147244871659e+02 1.019708123441308845e-01 5.064671764552881698e-03 9.690614057957798455e-02
3.786799420584490008e+02 1.033405095752304020e-01 4.904959283367198164e-03 9.843555029186321081e-02
3.827517693924108357e+02 1.047161435611966979e-01 4.748000162438356653e-03 9.996814339875834121e-02
3.868235967263726138e+02 1.060965301705582703e-01 4.593859335131799532e-03 1.015026708354264812e-01
3.908954240603344488e+02 1.074804685172142393e-01 4.442597596874008938e-03 1.030378709203402243e-01
3.949672513942962837e+02 1.088667428151027378e-01 4.294271534017108857e-03 1.045724712810856272e-01
3.990390787282580618e+02 1.102541242591194015e-01 4.148933461525450284e-03 1.061051907975939512e-01
4.031109060622198967e+02 1.116413729280214817e-01 4.006631369646932068e-03 1.076347415583745332e-01
4.071827333961817317e+02 1.130272397050121336e-01 3.867408879704848593e-03 1.091598308253072663e-01
4.112545607301435666e+02 1.144104682116686283e-01 3.731305209118609880e-03 1.106791630025500128e-01
4.153263880641053447e+02 1.157897967508614984e-01 3.598355145734033478e-03 1.121914416051274371e-01
4.193982153980671796e+02 1.171639602543060182e-01 3.468589031515948058e-03 1.136953712227900815e-01
4.234700427320290146e+02 1.185316922303942810e-01 3.342032755627845440e-03 1.151896594747664065e-01
4.275418700659907927e+02 1.198917267079760152e-01 3.218707756895281599e-03 1.166730189510807036e-01
4.316136973999526276e+02 1.212428001717881232e-01 3.098631035621760878e-03 1.181441691361663632e-01
4.356855247339144626e+02 1.225836534852765142e-01 2.981815174698110218e-03 1.196018383105783983e-01
4.397573520678762407e+02 1.239130337966099366e-01 2.868268369918829715e-03 1.210447654266910977e-01
4.438291794018380756e+02 1.252296964237543109e-01 2.757994469391873617e-03 1.224717019543624386e-01
4.479010067357999105e+02 1.265324067145546238e-01 2.650993021901617598e-03 1.238814136926530002e-01
4.519728340697616886e+02 1.278199418778634688e-01 2.547259334058792849e-03 1.252726825438046920e-01
4.560446614037235236e+02 1.290910927818570975e-01 2.446784536045703944e-03 1.266443082458113822e-01
4.601164887376853585e+02 1.303446657157931732e-01 2.349555655740437777e-03 1.279951100600527358e-01
4.641883160716471366e+02 1.315794841115879021e-01 2.255555700979902829e-03 1.293239284106080245e-01
4.682601434056089715e+02 1.327943902217234018e-01 2.164763749698642679e-03 1.306296264720247513e-01
4.723319707395708065e+02 1.339882467501392616e-01 2.077155047658392657e-03 1.319110917024808871e-01
4.764037980735326414e+02 1.351599384329147668e-01 1.992701113462470256e-03 1.331672373194522918e-01
4.804756254074944195e+02 1.363083735657075468e-01 1.911369850529306925e-03 1.343970037151782371e-01
4.845474527414562544e+02 1.374324854750849645e-01 1.833125665680830673e-03 1.355993598094041297e-01
4.886192800754180894e+02 1.385312339310574847e-01 1.757929593984065798e-03 1.367733043370733814e-01
4.926911074093798675e+02 1.396036064983092739e-01 1.685739429468240819e-03 1.379178670688410158e-01
4.967629347433417024e+02 1.406486198238070806e-01 1.616509861324978703e-03 1.390321099624821088e-01
5.008347620773035374e+02 1.416653208586644008e-01 1.550192615185817585e-03 1.401151282434785761e-01
5.049065894112653154e+02 1.426527880123360514e-01 1.486736599059374376e-03 1.411660514132766497e-01
5.089784167452271504e+02 1.436101322374218614e-01 1.426088053500014800e-03 1.421840441839218594e-01
5.130502440791889285e+02 1.445364980435642488e-01 1.368190705570905986e-03 1.431683073379933779e-01
5.171220714131508203e+02 1.454310644391334228e-01 1.312985926156833971e-03 1.441180785129765607e-01
5.211938987471125984e+02 1.462930457996050593e-01 1.260412890176212291e-03 1.450326329094288047e-01
5.252657260810743765e+02 1.471216926617478493e-01 1.210408739237246777e-03 1.459112839225106262e-01
5.293375534150362682e+02 1.479162924429498482e-01 1.162908746280296715e-03 1.467533836966695704e-01
5.334093807489980463e+02 1.486761700852254897e-01 1.117846481747108815e-03 1.475583236034783696e-01
5.374812080829598244e+02 1.494006886236564358e-01 1.075153980817662464e-03 1.483255346428387633e-01
5.415530354169217162e+02 1.500892496792282649e-01 1.034761911257052816e-03 1.490544877679712277e-01
5.456248627508834943e+02 1.507412938762323906e-01 9.965997414178970511e-04 1.497446941348144767e-01
5.496966900848452724e+02 1.513563011846053297e-01 9.605959079483419047e-04 1.503957052766569658e-01
5.537685174188071642e+02 1.519337911877788605e-01 9.266779827617445875e-04 1.510071132050170850e-01
5.578403447527689423e+02 1.524733232768076263e-01 8.947728388314909803e-04 1.515785504379761617e-01
5.619121720867307204e+02 1.529744967717324156e-01 8.648068143831749103e-04 1.521096899573492200e-01
5.659839994206926121e+02 1.534369509713195689e-01 8.367058750664315130e-04 1.526002450962531398e-01
5.700558267546543902e+02 1.538603651324966515e-01 8.103957737000377351e-04 1.530499693587966115e-01
5.741276540886162820e+02 1.542444583809721159e-01 7.858022071964467902e-04 1.534586561737756871e-01
5.781994814225780601e+02 1.545889895546917470e-01 7.628509702856337699e-04 1.538261385844061080e-01
5.822713087565398382e+02 1.548937569819380522e-01 7.414681056729088013e-04 1.541522888762651422e-01
5.863431360905017300e+02 1.551585981960247052e-01 7.215800502811895714e-04 1.544370181457435653e-01
5.904149634244635081e+02 1.553833895886752581e-01 7.031137772450376470e-04 1.546802758114302345e-01
5.944867907584252862e+02 1.555680460043027680e-01 6.859969333414178477e-04 1.548820490709613418e-01
5.985586180923871780e+02 1.557125202775238859e-01 6.701579715606917082e-04 1.550423623059631884e-01
6.026304454263489561e+02 1.558168027163489566e-01 6.555262785405864545e-04 1.551612764378083598e-01
6.067022727603107342e+02 1.558809205335855430e-01 6.420322966058317551e-04 1.552388882369797329e-01
6.107741000942726259e+02 1.559049372290808866e-01 6.296076401766739512e-04 1.552753295889042207e-01
6.148459274282344040e+02 1.558889519255005074e-01 6.181852063305270364e-04 1.552707667191700058e-01
6.189177547621961821e+02 1.558330986604092305e-01 6.076992793224701662e-04 1.552253993810867594e-01
6.229895820961580739e+02 1.557375456374693601e-01 5.980856288921536758e-04 1.551394600085772013e-01
6.270614094301198520e+02 1.556024944396157961e-01 5.892816022067420313e-04 1.550132128374090423e-01
6.311332367640816301e+02 1.554281792070975610e-01 5.812262093118149590e-04 1.548469529977857528e-01
6.352050640980435219e+02 1.552148657832947143e-01 5.738602019845327621e-04 1.546410055813101647e-01
6.392768914320053000e+02 1.549628508312287933e-01 5.671261459057705834e-04 1.543957246853230048e-01
6.433487187659670781e+02 1.546724609236826975e-01 5.609684860903009452e-04 1.541114924375923401e-01
6.474205460999289699e+02 1.543440516098321669e-01 5.553336055362985977e-04 1.537887180042958879e-01
6.514923734338907479e+02 1.539780064612696342e-01 5.501698770774616403e-04 1.534278365841921232e-01
6.555642007678525260e+02 1.535747361002641476e-01 5.454277084427701806e-04 1.530293083918213559e-01
6.596360281018144178e+02 1.531346772130627587e-01 5.410595805502363409e-04 1.525936176325125015e-01
6.637078554357761959e+02 1.526582915509800686e-01 5.370200790819444755e-04 1.521212714718981063e-01
6.677796827697379740e+02 1.521460649219654737e-01 5.332659194080891559e-04 1.516127990025573635e-01
6.718515101036998658e+02 1.515985061752637697e-01 5.297559649475828015e-04 1.510687502103161550e-01
6.759233374376616439e+02 1.510161461817074169e-01 5.264512390719993306e-04 1.504896949426354491e-01
6.799951647716234220e+02 1.503995368120912002e-01 5.233149306781946508e-04 1.498762218814130021e-01
6.840669921055853138e+02 1.497492499159868429e-01 5.203123935726657653e-04 1.492289375224142012e-01
6.881388194395470919e+02 1.490658763032544909e-01 5.174111398277525227e-04 1.485484651634267350e-01
6.922106467735089836e+02 1.483500247304006536e-01 5.145808272858636706e-04 1.478354439031148160e-01
6.962824741074707617e+02 1.476023208938219144e-01 5.117932414031823533e-04 1.470905276524187288e-01
7.003543014414325398e+02 1.468234064318547916e-01 5.090222716385686599e-04 1.463143841602162210e-01
7.044261287753944316e+02 1.460139379374333357e-01 5.062438826067417862e-04 1.455076940548266085e-01
7.084979561093562097e+02 1.451745859830299856e-01 5.034360802270959178e-04 1.446711499028028869e-01
7.125697834433179878e+02 1.443060341594284979e-01 5.005788731108276731e-04 1.438054552863176627e-01
7.166416107772798796e+02 1.434089781297485933e-01 4.976542294392495439e-04 1.429113239003093339e-01
7.207134381112416577e+02 1.424841247000101507e-01 4.946460295953193122e-04 1.419894786704148371e-01
7.247852654452034358e+02 1.415321909073936346e-01 4.915400148184607488e-04 1.410406508925751701e-01
7.288570927791653276e+02 1.405539031272211581e-01 4.883237321596997638e-04 1.400655793950614514e-01
7.329289201131271057e+02 1.395499961995509131e-01 4.849864760199704247e-04 1.390650097235309191e-01
7.370007474470888837e+02 1.385212125761478008e-01 4.815192265591614821e-04 1.380396933495886547e-01
7.410725747810507755e+02 1.374683014884642562e-01 4.779145852670849235e-04 1.369903869031971477e-01
7.451444021150125536e+02 1.363920181371385820e-01 4.741667079900512287e-04 1.359178514291485285e-01
7.492162294489743317e+02 1.352931229033968452e-01 4.702712357081314772e-04 1.348228516676887034e-01
7.532880567829362235e+02 1.341723805826224303e-01 4.662252233585285205e-04 1.337061553592639174e-01
7.573598841168980016e+02 1.330305596402445167e-01 4.620270669997334520e-04 1.325685325732448017e-01
7.614317114508597797e+02 1.318684314899841170e-01 4.576764296093605781e-04 1.314107550603747510e-01
7.655035387848216715e+02 1.306867697943931150e-01 4.531741658057943144e-04 1.302335956285873286e-01
7.695753661187834496e+02 1.294863497875200775e-01 4.485222457799721389e-04 1.290378275417400911e-01
7.736471934527452277e+02 1.282679476194449608e-01 4.437236787189324902e-04 1.278242239407259839e-01
7.777190207867071194e+02 1.270323397223367401e-01 4.387824359971039543e-04 1.265935572863396419e-01
7.817908481206688975e+02 1.257803021976089397e-01 4.337033744047966806e-04 1.253465988232041473e-01
7.858626754546306756e+02 1.245126102236741722e-01 4.284921596760214724e-04 1.240841180639981473e-01
7.899345027885925674e+02 1.232300374837353579e-01 4.231551905696020197e-04 1.228068822931657478e-01
7.940063301225543455e+02 1.219333556129916507e-01 4.176995237486776742e-04 1.215156560892429738e-01
7.980781574565161236e+02 1.206233336645897714e-01 4.121327996941123663e-04 1.202112008648956731e-01
8.021499847904780154e+02 1.193007375936084580e-01 4.064631698770990696e-04 1.188942744237313776e-01
8.062218121244397935e+02 1.179663297583314341e-01 4.006992254054397222e-04 1.175656305329259854e-01
8.102936394584015716e+02 1.166208684380388716e-01 3.948499273466193763e-04 1.162260185106922528e-01
8.143654667923634634e+02 1.152651073665315051e-01 3.889245389189728347e-04 1.148761828276125413e-01
8.184372941263252415e+02 1.138997952805916175e-01 3.829325597299436000e-04 1.135168627208616721e-01
8.225091214602871332e+02 1.125256754825866706e-01 3.768836622278437997e-04 1.121487918203588202e-01
8.265809487942490250e+02 1.111434854164273789e-01 3.707876305205220504e-04 1.107726977859068568e-01
8.306527761282106894e+02 1.097539562561090920e-01 3.646543017011778841e-04 1.093893019544079082e-01
8.347246034621726949e+02 1.083578125060869340e-01 3.584935098081104251e-04 1.079993189962788341e-01
8.387964307961343593e+02 1.069557716127675084e-01 3.523150325316655842e-04 1.066034565802358447e-01
8.428682581300961374e+02 1.055485435864353533e-01 3.461285407679757717e-04 1.052024150456673801e-01
8.469400854640580292e+02 1.041368306329788773e-01 3.399435511054172635e-04 1.037968870818734707e-01
8.510119127980199210e+02 1.027213267948288433e-01 3.337693813160572164e-04 1.023875574135127975e-01
8.550837401319815854e+02 1.013027176005807106e-01 3.276151089107530424e-04 1.009751024916699658e-01
8.591555674659433635e+02 9.988167972283260032e-02 3.214895328031529948e-04 9.956019019002944337e-02
8.632273947999052552e+02 9.845888064383809257e-02 3.154011381145179079e-04 9.814347950572353818e-02
8.672992221338670333e+02 9.703497832864413364e-02 3.093580641382610288e-04 9.672562026450587380e-02
8.713710494678289251e+02 9.561062090545897896e-02 3.033680754703093501e-04 9.530725282998867010e-02
8.754428768017908169e+02 9.418644635307378554e-02 2.974385362989194113e-04 9.388900781677485263e-02
8.795147041357524813e+02 9.276308219524184717e-02 2.915763878354742274e-04 9.247150580740637338e-02
8.835865314697144868e+02 9.134114520200335707e-02 2.857881288560872404e-04 9.105535707314724170e-02
8.876583588036761512e+02 8.992124109802690501e-02 2.800797993125513953e-04 8.964116129871434191e-02
8.917301861376379293e+02 8.850396427812515232e-02 2.744569669603890544e-04 8.822950731116477319e-02
8.958020134715998211e+02 8.708989753018700486e-02 2.689247169414578907e-04 8.682097281324556437e-02
8.998738408055617128e+02 8.567961176585350835e-02 2.634876442487898074e-04 8.541612412160470846e-02
9.039456681395233772e+02 8.427366575934872039e-02 2.581498489921705631e-04 8.401551591035655298e-02
9.080174954734851553e+02 8.287260589495874796e-02 2.529149343743290735e-04 8.261969096058441320e-02
9.120893228074470471e+02 8.147696592373110391e-02 2.477860072795873086e-04 8.122917991645152436e-02
9.161611501414088252e+02 8.008726673004380736e-02 2.427656813694723025e-04 7.984450104867434062e-02
9.202329774753707170e+02 7.870401610876572029e-02 2.378560825729908110e-04 7.846616002619270780e-02
9.243048048093326088e+02 7.732770855379814123e-02 2.330588568532102555e-04 7.709464969694491965e-02
9.283766321432942732e+02 7.595882505885161173e-02 2.283751801263294418e-04 7.573044987872527833e-02
9.324484594772562787e+02 7.459783293136916515e-02 2.238057702046424848e-04 7.437402716116452150e-02
9.365202868112179431e+02 7.324518562055998272e-02 2.193509006307139335e-04 7.302583471992928066e-02
9.405921141451797212e+02 7.190132256055255244e-02 2.150104162666148359e-04 7.168631214428594634e-02
9.446639414791416129e+02 7.056666902971500677e-02 2.107837504993195147e-04 7.035588527921568525e-02
9.487357688131035047e+02 6.924163602722174793e-02 2.066699439212253719e-04 6.903496608330050854e-02
9.528075961470652828e+02 6.792662016796793822e-02 2.026676643433179771e-04 6.772395250362460428e-02
9.568794234810269472e+02 6.662200359694980811e-02 1.987752279976523538e-04 6.642322836895216132e-02
9.609512508149888390e+02 6.532815392423381440e-02 1.949906217856529152e-04 6.513316330244817154e-02
9.650230781489506171e+02 6.404542418163663986e-02 1.913115264291294804e-04 6.385411265520750390e-02
9.690949054829125089e+02 6.277415280222616023e-02 1.877353403819088744e-04 6.258641746184424870e-02
9.731667328168744007e+02 6.151466362373343710e-02 1.842592043615945267e-04 6.133040441937184090e-02
9.772385601508361788e+02 6.026726591693568752e-02 1.808800263630571802e-04 6.008638589057262169e-02
9.813103874847980705e+02 5.903225444003122602e-02 1.775945070179433031e-04 5.885465993301328830e-02
9.853822148187597350e+02 5.780990951997901778e-02 1.743991651676459398e-04 5.763551035481136869e-02
9.894540421527215130e+02 5.660049716171703521e-02 1.712903635207891490e-04 5.642920679819624086e-02
9.935258694866834048e+02 5.540426918610664997e-02 1.682643342704006663e-04 5.523600485183625258e-02
9.975976968206452966e+02 5.422146339737403398e-02 1.653172045503821963e-04 5.405614619282365224e-02
1.001669524154607075e+03 5.305230378073326480e-02 1.624450216158145196e-04 5.288985875911746126e-02
1.005741351488568739e+03 5.189700073078287040e-02 1.596437776368138861e-04 5.173735695314606031e-02
1.009813178822530631e+03 5.075575131116373540e-02 1.569094340012401633e-04 5.059884187716248011e-02
1.013885006156492409e+03 4.962873954585630965e-02 1.542379450273597731e-04 4.947450160082896009e-02
1.017956833490454301e+03 4.851613674237645335e-02 1.516252809936479589e-04 4.836451146138281976e-02
1.022028660824416193e+03 4.741810184700325642e-02 1.490674503992349582e-04 4.726903439660402884e-02
1.026100488158377857e+03 4.633478183204015749e-02 1.465605213749356897e-04 4.618822131066523118e-02
1.030172315492339749e+03 4.526631211497193080e-02 1.441006421714858610e-04 4.512221147280044697e-02
1.034244142826301641e+03 4.421281700923555824e-02 1.416840606582879839e-04 4.407113294857727126e-02
1.038315970160263305e+03 4.317441020617434483e-02 1.393071427728370096e-04 4.303510306340151137e-02
1.042387797494225197e+03 4.215119528759029427e-02 1.369663898678420873e-04 4.201422889772245262e-02
1.046459624828187088e+03 4.114326626815335147e-02 1.346584549099436284e-04 4.100860781324340565e-02
1.050531452162148753e+03 4.015070816676551135e-02 1.323801574907884529e-04 4.001832800927472567e-02
1.054603279496110645e+03 3.917359760581588801e-02 1.301284976180516620e-04 3.904346910819783689e-02
1.058675106830072536e+03 3.821200343709919844e-02 1.279006682607131964e-04 3.808410276883848755e-02
1.062746934164034201e+03 3.726598739300640561e-02 1.256940666295397826e-04 3.714029332637687475e-02
1.066818761497996093e+03 3.633560476143211926e-02 1.235063041802129523e-04 3.621209845725190807e-02
1.070890588831957984e+03 3.542090508268160021e-02 1.213352153328810999e-04 3.529956986734873736e-02
1.074962416165919649e+03 3.452193286649925946e-02 1.191788649080480439e-04 3.440275400159121394e-02
1.079034243499881541e+03 3.363872832718321770e-02 1.170355542846790615e-04 3.352169277289854948e-02
1.083106070833843432e+03 3.277132813459721072e-02 1.149038262920744840e-04 3.265642430830515558e-02
1.087177898167805097e+03 3.191976617874172500e-02 1.127824688525623839e-04 3.180698370988917223e-02
1.091249725501766989e+03 3.108407434540281372e-02 1.106705173972198988e-04 3.097340382800559816e-02
1.095321552835728880e+03 3.026428330026076363e-02 1.085672560817473118e-04 3.015571604417901022e-02
1.099393380169690545e+03 2.946042327870993655e-02 1.064722178342487468e-04 2.935395106087567568e-02
1.103465207503652437e+03 2.867252487852042092e-02 1.043851832709230526e-04 2.856813969524949967e-02
1.107537034837614328e+03 2.790061985235887596e-02 1.023061785196892988e-04 2.779831367383918742e-02
1.111608862171575993e+03 2.714474189708288715e-02 1.002354719953661770e-04 2.704450642508752362e-02
1.115680689505537885e+03 2.640492743663068811e-02 9.817357017337182442e-05 2.630675386645731778e-02
1.119752516839499776e+03 2.568121639524641869e-02 9.612121241182113398e-05 2.558509518283460030e-02
1.123824344173461441e+03 2.497365295771126342e-02 9.407936487454326350e-05 2.487957359283672273e-02
1.127896171507423333e+03 2.428228631319386682e-02 9.204921360978686744e-05 2.419023709958408389e-02
1.131967998841385224e+03 2.360717137928873902e-02 9.003215684128213023e-05 2.351713922244745222e-02
1.136039826175347116e+03 2.294836950278102486e-02 8.802979652992493791e-05 2.286033970625109962e-02
1.140111653509308780e+03 2.230594913365931825e-02 8.604392926552323025e-05 2.221990520439379516e-02
1.144183480843270672e+03 2.167998646889581632e-02 8.407653654897174209e-05 2.159590993234684203e-02
1.148255308177232564e+03 2.107056606252622616e-02 8.212977452574925393e-05 2.098843628800047684e-02
1.152327135511194228e+03 2.047778139858940846e-02 8.020596323185119625e-05 2.039757543535756709e-02
1.156398962845156120e+03 1.990173542353019381e-02 7.830757541322114776e-05 1.982342784811697706e-02
1.160470790179118012e+03 1.934254103472773240e-02 7.643722497930691292e-05 1.926610380974842079e-02
1.164542617513079676e+03 1.880032152188620270e-02 7.459765515073985616e-05 1.872572386673546432e-02
1.168614444847041568e+03 1.827521095811539611e-02 7.279172636013473373e-05 1.820241923175526522e-02
1.172686272181003460e+03 1.776735453763447076e-02 7.102240396382935922e-05 1.769633213367064264e-02
1.176758099514965124e+03 1.727690885715410171e-02 6.929274582088824322e-05 1.720761611133321545e-02
1.180829926848927016e+03 1.680404213812963787e-02 6.760588979402399831e-05 1.673643624833561633e-02
1.184901754182888908e+03 1.634893438723005604e-02 6.596504122517253663e-05 1.628296934600488230e-02
1.188973581516850572e+03 1.591177749253513962e-02 6.437346043633954292e-05 1.584740403209879828e-02
1.193045408850812464e+03 1.549277525315526094e-02 6.283445030409774983e-05 1.542994080285116018e-02
1.197117236184774356e+03 1.509214334016406936e-02 6.135134395362061978e-05 1.503079199621045262e-02
1.201189063518736020e+03 1.471010918694420563e-02 5.992749261560738116e-05 1.465018169432860673e-02
1.205260890852697912e+03 1.434691180726866376e-02 5.856625368671853152e-05 1.428834555358194855e-02
1.209332718186659804e+03 1.400280153967533789e-02 5.727097903136588441e-05 1.394553056064397681e-02
1.213404545520621468e+03 1.367803971693917764e-02 5.604500355979763514e-05 1.362199471337938693e-02
1.217476372854583360e+03 1.337289825970318716e-02 5.489163411448661411e-05 1.331800662558870266e-02
1.221548200188545252e+03 1.308765919359745900e-02 5.381413869383962646e-05 1.303384505490361688e-02
1.225620027522506916e+03 1.282261408945148395e-02 5.281573603921463882e-05 1.276979835341227401e-02
1.229691854856468808e+03 1.257806342648976582e-02 5.189958560823517504e-05 1.252616384088153269e-02
1.233763682190430700e+03 1.235431587869228673e-02 5.106877795436453584e-05 1.230324710073792301e-02
1.237835509524392364e+03 1.215168752479929212e-02 5.032632552971314942e-05 1.210136119926957798e-02
1.241907336858354256e+03 1.197050098274236515e-02 4.967515392513401296e-05 1.192082582881724175e-02
1.245979164192316148e+03 1.181108446959056903e-02 4.911809355877205742e-05 1.176196637603180509e-02
1.250050991526277812e+03 1.167377078840938984e-02 4.865787182142447933e-05 1.162511291658796866e-02
1.254122818860239704e+03 1.155889624374099867e-02 4.829710568436967769e-05 1.151059913805663366e-02
1.258194646194201596e+03 1.146679948772539280e-02 4.803829477270410604e-05 1.141876119295269151e-02
1.262266473528163260e+03 1.139782029919151306e-02 4.788381490473258987e-05 1.134993648428677879e-02
1.266338300862125152e+03 1.135229829835546211e-02 4.783591209559827974e-05 1.130446238625986213e-02
1.270410128196087044e+03 1.133057160006682197e-02 4.789669702108736310e-05 1.128267490304573316e-02
1.274481955530048708e+03 1.133297540884333973e-02 4.806813993548859942e-05 1.128490726890784591e-02
1.278553782864010600e+03 1.135984055922748502e-02 4.835206603541358127e-05 1.131148849319207027e-02
1.282625610197972492e+03 1.141149200528420067e-02 4.875015125975869831e-05 1.136274185402444056e-02
1.286697437531934156e+03 1.148824726333637358e-02 4.926391851434840780e-05 1.143898334482202316e-02
1.290769264865896048e+03 1.159041481230183371e-02 4.989473430837654906e-05 1.154052007799345921e-02
1.294841092199857940e+03 1.171829245625187997e-02 5.064380578850821360e-05 1.166764865046337162e-02
1.298912919533819604e+03 1.187216565405552551e-02 5.151217815539937267e-05 1.182065347590012527e-02
1.302984746867781496e+03 1.205230582120390970e-02 5.250073244651799672e-05 1.199980508875739434e-02
1.307056574201743388e+03 1.225896860912548472e-02 5.361018366836405654e-05 1.220535842545712388e-02
1.311128401535705052e+03 1.249239216750272496e-02 5.484107926069265327e-05 1.243755108824203155e-02
1.315200228869666944e+03 1.275279539528489936e-02 5.619379787490698115e-05 1.269660159740999307e-02
1.319272056203628836e+03 1.304037618625741857e-02 5.766854844861173205e-05 1.298270763780881923e-02
1.323343883537590500e+03 1.335530967517559175e-02 5.926536955823659495e-05 1.329604430561735426e-02
1.327415710871552392e+03 1.369774649059842322e-02 6.098412903178561991e-05 1.363676236156663966e-02
1.331487538205514284e+03 1.406781102066635356e-02 6.282452380400755385e-05 1.400498649686234519e-02
1.335559365539475948e+03 1.446559969815292869e-02 6.478607999668604619e-05 1.440081361815625030e-02
1.339631192873437840e+03 1.489117931118598415e-02 6.686815320734782028e-05 1.482431115797864206e-02
1.343703020207399732e+03 1.534458534607656063e-02 6.906992899028869290e-05 1.527551541708627170e-02
1.347774847541361396e+03 1.582582036871434464e-02 7.139042351468915832e-05 1.575442994519965154e-02
1.351846674875323288e+03 1.633485245098530506e-02 7.382848438545894709e-05 1.626102396659984475e-02
1.355918502209285180e+03 1.687161364864096444e-02 7.638279161347118651e-05 1.679523085702749191e-02
1.359990329543246844e+03 1.743599853699889790e-02 7.905185872294473426e-05 1.735694667827595433e-02
1.364062156877208736e+03 1.802786281078019165e-02 8.183403398491636508e-05 1.794602877679527322e-02
1.368133984211170628e+03 1.864702195429200279e-02 8.472750176696389266e-05 1.856229445252504176e-02
1.372205811545132292e+03 1.929324998804174407e-02 8.773028399067247878e-05 1.920551970405107167e-02
1.376277638879094184e+03 1.996627829772431098e-02 9.084024168963360235e-05 1.987543805603467911e-02
1.380349466213056076e+03 2.066579455135510515e-02 9.405507666216672016e-05 2.057173947469293634e-02
1.384421293547017967e+03 2.139144171012940382e-02 9.737233321431249488e-05 2.129406937691509169e-02
1.388493120880979632e+03 2.214281713837437660e-02 1.007893999900572166e-04 2.204202773838432119e-02
1.392564948214941523e+03 2.291947181772254274e-02 1.043035118871056544e-04 2.281516830583544403e-02
1.396636775548903415e+03 2.372090967037731798e-02 1.079117520579202022e-04 2.361299791831939984e-02
1.400708602882865080e+03 2.454658699606113853e-02 1.116110539970263454e-04 2.443497594206411189e-02
1.404780430216826971e+03 2.539591202693700089e-02 1.153982037169431173e-04 2.528051382322005214e-02
1.408852257550788863e+03 2.626824460447471643e-02 1.192698420162647090e-04 2.614897476245844898e-02
1.412924084884750528e+03 2.716289598189541854e-02 1.232224668446676671e-04 2.703967351505074876e-02
1.416995912218712419e+03 2.807912875547262030e-02 1.272524357706728904e-04 2.795187631970194597e-02
1.421067739552674311e+03 2.901615692759638293e-02 1.313559685590435339e-04 2.888480095903733780e-02
1.425139566886635976e+03 2.997314610412023933e-02 1.355291498656344248e-04 2.983761695425461019e-02
1.429211394220597867e+03 3.094921382810999350e-02 1.397679320583326194e-04 3.080944589605166817e-02
1.433283221554559759e+03 3.194343005169959782e-02 1.440681381734788336e-04 3.179936191352611408e-02
1.437355048888521424e+03 3.295481774733478170e-02 1.484254650177743034e-04 3.280639228231702065e-02
1.441426876222483315e+03 3.398235365925051515e-02 1.528354864261802692e-04 3.382951817282434104e-02
1.445498703556445207e+03 3.502496919558453076e-02 1.572936566867139585e-04 3.486767553889781601e-02
1.449570530890406872e+03 3.608155146108021211e-02 1.617953141432852562e-04 3.591975614693693197e-02
1.453642358224368763e+03 3.715094442987530721e-02 1.663356849878775486e-04 3.698460874488743860e-02
1.457714185558330655e+03 3.823195025741489561e-02 1.709098872533337506e-04 3.806104037016157238e-02
1.461786012892292320e+03 3.932333073006460955e-02 1.755129350179354555e-04 3.914781779504668269e-02
1.465857840226254211e+03 4.042380885053858258e-02 1.801397428326304267e-04 4.024366910770595801e-02
1.469929667560216103e+03 4.153207055679548898e-02 1.847851303814391252e-04 4.134728542641404742e-02
1.474001494894177767e+03 4.264676657159756357e-02 1.894438273849796705e-04 4.245732274421258612e-02
1.478073322228139659e+03 4.376651437947413209e-02 1.941104787564475686e-04 4.357240390071768360e-02
1.482145149562101551e+03 4.488990032738273545e-02 1.987796500185759680e-04 4.469112067736415866e-02
1.486216976896063215e+03 4.601548184492137289e-02 2.034458329892080886e-04 4.581203601193216401e-02
1.490288804230025107e+03 4.714178977951418575e-02 2.081034517421105796e-04 4.693368632777207561e-02
1.494360631563986999e+03 4.826733084157321108e-02 2.127468688485047925e-04 4.805458397272470428e-02
1.498432458897948663e+03 4.939059015423134108e-02 2.173703919035703471e-04 4.917321976232776753e-02
1.502504286231910555e+03 5.051003390184853614e-02 2.219682803408478257e-04 5.028806562150769238e-02
1.506576113565872447e+03 5.162411207111503725e-02 2.265347525360395832e-04 5.139757731857898942e-02
1.510647940899834111e+03 5.273126127821495951e-02 2.310639932001976699e-04 5.250019728501476024e-02
1.514719768233796003e+03 5.382990767517139424e-02 2.355501610607150099e-04 5.359435751411067983e-02
1.518791595567757895e+03 5.491846992817071837e-02 2.399873968268888855e-04 5.467848253134383052e-02
1.522863422901719559e+03 5.599536226036321007e-02 2.443698314351388677e-04 5.575099242892807977e-02
1.526935250235681451e+03 5.705899755135691864e-02 2.486915945671873624e-04 5.681030595678972922e-02
1.531007077569643343e+03 5.810779048536598296e-02 2.529468234327723669e-04 5.785484366193321959e-02
1.535078904903605007e+03 5.914016073974329851e-02 2.571296718066279981e-04 5.888303106793666558e-02
1.539150732237566899e+03 6.015453620542067503e-02 2.612343193076726959e-04 5.989330188611300537e-02
1.543222559571528791e+03 6.114935623060036018e-02 2.652549809065104548e-04 6.088410124969384496e-02
1.547294386905490455e+03 6.212307487888855950e-02 2.691859166455661109e-04 6.185388896224299632e-02
1.551366214239452347e+03 6.307416419293707111e-02 2.730214415543641719e-04 6.280114275138271029e-02
1.555438041573414239e+03 6.400111745456195378e-02 2.767559357407206968e-04 6.372436151882124311e-02
1.559509868907375903e+03 6.490245243224126992e-02 2.803838546368924399e-04 6.462206857760438572e-02
1.563581696241337795e+03 6.577671460685473315e-02 2.838997393780834442e-04 6.549281486747665637e-02
1.567653523575299687e+03 6.662248036652024252e-02 2.872982272890927790e-04 6.633518213923114692e-02
1.571725350909261351e+03 6.743836016140244971e-02 2.905740624533780674e-04 6.714778609894907213e-02
1.575797178243223243e+03 6.822300160942035285e-02 2.937221063373739692e-04 6.792927950308297325e-02
1.579869005577185135e+03 6.897509254386094413e-02 2.967373484415515876e-04 6.867835519541939937e-02
1.583940832911146799e+03 6.969336399401711291e-02 2.996149169484670473e-04 6.939374907706866158e-02
1.588012660245108691e+03 7.037659309010761699e-02 3.023500893369279957e-04 7.007424300077069734e-02
1.592084487579070583e+03 7.102360588390686791e-02 3.049383029303901231e-04 7.071866758097648809e-02
1.596156314913032247e+03 7.163328007670917430e-02 3.073751653468088669e-04 7.132590491136236999e-02
1.600228142246994139e+03 7.220454764647940560e-02 3.096564648164415261e-04 7.189489118166295101e-02
1.604299969580956031e+03 7.273639736629464170e-02 3.117781803334833575e-04 7.242461918596118653e-02
1.608371796914917695e+03 7.322787720646274645e-02 3.137364916069479729e-04 7.291414071485580184e-02
1.612443624248879587e+03 7.367809661300871171e-02 3.155277887759147179e-04 7.336256882423279613e-02
1.616515451582841479e+03 7.408622865555263004e-02 3.171486818541016162e-04 7.376907997369852588e-02
1.620587278916803143e+03 7.445151203795634387e-02 3.185960098687337975e-04 7.413291602808760872e-02
1.624659106250765035e+03 7.477325296549527933e-02 3.198668496588286765e-04 7.445338611583647570e-02
1.628730933584726927e+03 7.505082686271033476e-02 3.209585242983721727e-04 7.472986833841195609e-02
1.632802760918688818e+03 7.528367993651467749e-02 3.218686111103305275e-04 7.496181132540434555e-02
1.636874588252650483e+03 7.547133057956931235e-02 3.225949492381068951e-04 7.514873563033119819e-02
1.640946415586612375e+03 7.561337060939618548e-02 3.231356467418708346e-04 7.529023496265432880e-02
1.645018242920574266e+03 7.570946633917088886e-02 3.234890871881532281e-04 7.538597725198273314e-02
1.649090070254536158e+03 7.575935947662179593e-02 3.236539357022624437e-04 7.543570554091952318e-02
1.653161897588498050e+03 7.576286784796289198e-02 3.236291444543350237e-04 7.543923870350854877e-02
1.657233724922459714e+03 7.571988594429682196e-02 3.234139575512902549e-04 7.539647198674552520e-02
1.661305552256421379e+03 7.563038528844419350e-02 3.230079153085622804e-04 7.530737737313564217e-02
1.665377379590383043e+03 7.549441462068263997e-02 3.224108578771642426e-04 7.517200376280548657e-02
1.669449206924345390e+03 7.531209990241202745e-02 3.216229282035511618e-04 7.499047697420849201e-02
1.673521034258306827e+03 7.508364413729887166e-02 3.206445743016900001e-04 7.476299956299717331e-02
1.677592861592268719e+03 7.480932700999265439e-02 3.194765508188782089e-04 7.448985045917379255e-02
1.681664688926230610e+03 7.448950434304643653e-02 3.181199198790452313e-04 7.417138442316736913e-02
1.685736516260192275e+03 7.412460737321183157e-02 3.165760511896057762e-04 7.380803132202222450e-02
1.689808343594154167e+03 7.371514184881490517e-02 3.148466214003230981e-04 7.340029522741457757e-02
1.693880170928116058e+03 7.326168695044761592e-02 3.129336127051325005e-04 7.294875333774249182e-02
1.697951998262077495e+03 7.276489403773453435e-02 3.108393106804439735e-04 7.245405472705410133e-02
1.702023825596039842e+03 7.222548522544820770e-02 3.085663013560432282e-04 7.191691892409216025e-02
1.706095652930001506e+03 7.164425179275095423e-02 3.061174675173852756e-04 7.133813432523357367e-02
1.710167480263963171e+03 7.102205242983390676e-02 3.034959842407906829e-04 7.071855644559313370e-02
1.714239307597924835e+03 7.035981132670166005e-02 3.007053136657520786e-04 7.005910601303591556e-02
1.718311134931886727e+03 6.965851610931558802e-02 2.977491990113456904e-04 6.936076691030423902e-02
1.722382962265848619e+03 6.891921562875436003e-02 2.946316578464297335e-04 6.862458397090792639e-02
1.726454789599810510e+03 6.814301760947924502e-02 2.913569746261155378e-04 6.785166063485315036e-02
1.730526616933772402e+03 6.733108616320002127e-02 2.879296925096300717e-04 6.704315647069039596e-02
1.734598444267734067e+03 6.648463917522454136e-02 2.843546044774295455e-04 6.620028457074710049e-02
1.738670271601695958e+03 6.560494557054108444e-02 2.806367437680195730e-04 6.532430882677307815e-02
1.742742098935657850e+03 6.469332246722277191e-02 2.767813736575036251e-04 6.441654109356527436e-02
1.746813926269619742e+03 6.375113222506154087e-02 2.727939766074125223e-04 6.347833824845414141e-02
1.750885753603581634e+03 6.277977939762963144e-02 2.686802428087460733e-04 6.251109915482089274e-02
1.754957580937543298e+03 6.178070759623146418e-02 2.644460581525260299e-04 6.151626153807895209e-02
1.759029408271504963e+03 6.075539627444620505e-02 2.600974916593517812e-04 6.049529878278685213e-02
1.763101235605466627e+03 5.970535744216952379e-02 2.556407824025816455e-04 5.944971665976696296e-02
1.767173062939428974e+03 5.863213231824464244e-02 2.510823259617430770e-04 5.838104999228289904e-02
1.771244890273390411e+03 5.753728793092218602e-02 2.464286604446467048e-04 5.729085927047754268e-02
1.775316717607352302e+03 5.642241367551070752e-02 2.416864521183781258e-04 5.618072722339234604e-02
1.779388544941314194e+03 5.528911783867040963e-02 2.368624806909346307e-04 5.505225535797947378e-02
1.783460372275275859e+03 5.413902409886280076e-02 2.319636242866785739e-04 5.390706047457612810e-02
1.787532199609237750e+03 5.297376801250101852e-02 2.269968441600400536e-04 5.274677116834099871e-02
1.791604026943199642e+03 5.179499349534374270e-02 2.219691691929939813e-04 5.157302432615076121e-02
1.795675854277161079e+03 5.060434930864680936e-02 2.168876802227460759e-04 5.038746162842407811e-02
1.799747681611123426e+03 4.940348555952595033e-02 2.117594942468197709e-04 4.919172606527914132e-02
1.803819508945085090e+03 4.819405022489381407e-02 2.065917485532809393e-04 4.798745847634054013e-02
1.807891336279046754e+03 4.697768570821560935e-02 2.013915848242296626e-04 4.677629412339139037e-02
1.811963163613008419e+03 4.575602543817959555e-02 1.961661332608786285e-04 4.555985930491871644e-02
1.816034990946970311e+03 4.453069051820203461e-02 1.909224967785627300e-04 4.433976802142348267e-02
1.820106818280932202e+03 4.330328643548341655e-02 1.856677353198217788e-04 4.311761870016360410e-02
1.824178645614894094e+03 4.207539983810180961e-02 1.804088503333742548e-04 4.189499098776845731e-02
1.828250472948855986e+03 4.084859538837375126e-02 1.751527694662282351e-04 4.067344261890752655e-02
1.832322300282817650e+03 3.962441270043243202e-02 1.699063315154767956e-04 3.945450636891697366e-02
1.836394127616779542e+03 3.840436336966866065e-02 1.646762716854024945e-04 3.823968709798326177e-02
1.840465954950741434e+03 3.718992810135336724e-02 1.594692071944606453e-04 3.703045889415892272e-02
1.844537782284703326e+03 3.598255394541291508e-02 1.542916232754480482e-04 3.582826232213746909e-02
1.848609609618665218e+03 3.478365164395970377e-02 1.491498596107603447e-04 3.463450178434895194e-02
1.852681436952626882e+03 3.359459309779542352e-02 1.440500972430850356e-04 3.345054300055234908e-02
1.856753264286588546e+03 3.241670895769940136e-02 1.389983460001369749e-04 3.227771061169927569e-02
1.860825091620550211e+03 3.125128634589620369e-02 1.340004324701838550e-04 3.111728591342603073e-02
1.864896918954512557e+03 3.009956671266240252e-02 1.290619885631271130e-04 2.997050472409927904e-02
1.868968746288473994e+03 2.896274383258695684e-02 1.241884406897467228e-04 2.883855539189721442e-02
1.873040573622435886e+03 2.784196194454198817e-02 1.193849995894839062e-04 2.772257694495251085e-02
1.877112400956397778e+03 2.673831403895457481e-02 1.146566508347782637e-04 2.662365738811980215e-02
1.881184228290359442e+03 2.565284029549560335e-02 1.100081460375176715e-04 2.554283214945810010e-02
1.885256055624321334e+03 2.458652667382156196e-02 1.054439947806082431e-04 2.448108267904095664e-02
1.889327882958283226e+03 2.354030365952002393e-02 1.009684572950449703e-04 2.343933520222498193e-02
1.893399710292245118e+03 2.251504516692243857e-02 9.658553790018370227e-05 2.241845962902226305e-02
1.897471537626207009e+03 2.151156759995865794e-02 9.229897922215021398e-05 2.141926862073651600e-02
1.901543364960168674e+03 2.053062907173980323e-02 8.811225720252997113e-05 2.044251681453728917e-02
1.905615192294130566e+03 1.957292878307049372e-02 8.402857690667307050e-05 1.948890020616382904e-02
1.909687019628092003e+03 1.863910655960902482e-02 8.005086913807037325e-05 1.855905569047095957e-02
1.913758846962053894e+03 1.772974254691783713e-02 7.618178786242778538e-05 1.765356075905542138e-02
1.917830674296016241e+03 1.684535706217731021e-02 7.242370844218049670e-05 1.677293335373514216e-02
1.921902501629977678e+03 1.598641060087481122e-02 6.877872667938110898e-05 1.591763187419544326e-02
1.925974328963939570e+03 1.515330399633037575e-02 6.524865866202799131e-05 1.508805533766834940e-02
1.930046156297901234e+03 1.434637872948102064e-02 6.183504140617791811e-05 1.428454368807485254e-02
1.934117983631863126e+03 1.356591738591968535e-02 5.853913428339823331e-05 1.350737825163629037e-02
1.938189810965825018e+03 1.281214425677199009e-02 5.536192122047164449e-05 1.275678233555152530e-02
1.942261638299786910e+03 1.208522607959873138e-02 5.230411365565015077e-05 1.203292196594309485e-02
1.946333465633748801e+03 1.138527291513085141e-02 4.936615423322335538e-05 1.133590676089763286e-02
1.950405292967710466e+03 1.071233915528272893e-02 4.654822121573103826e-05 1.066579093406700394e-02
1.954477120301672358e+03 1.006642465754622670e-02 4.385023359080917986e-05 1.002257442395542396e-02
1.958548947635633795e+03 9.447476000544820923e-03 4.127185684742277214e-05 9.406204143697407746e-03
1.962620774969596141e+03 8.855387855225037644e-03 3.881250939412490413e-05 8.816575345830921298e-03
1.966692602303558033e+03 8.290004465881859255e-03 3.647136958998003662e-05 8.253533096291889790e-03
1.970764429637519470e+03 7.751121234956285036e-03 3.424738335692829335e-05 7.716873851599363905e-03
1.974836256971481362e+03 7.238486405308173013e-03 3.213927234064485968e-05 7.206347132967536387e-03
1.978908084305443026e+03 6.751802833456136896e-03 3.014554258534949028e-05 6.721657290870793403e-03
1.982979911639404918e+03 6.290729847088044786e-03 2.826449368660390520e-05 6.262465353401448775e-03
1.987051738973366810e+03 5.854885179983249435e-03 2.649422838482395554e-05 5.828390951598434733e-03
1.991123566307328701e+03 5.443846977348780480e-03 2.483266256114158017e-05 5.419014314787648848e-03
1.995195393641290593e+03 5.057155864458445609e-03 2.327753559624656056e-05 5.033878328862206007e-03
1.999267220975252258e+03 4.694317071395183102e-03 2.182642105206648750e-05 4.672490650343124469e-03
2.003339048309214149e+03 4.354802606633628378e-03 2.047673763546499929e-05 4.334325868998170281e-03
2.007410875643175586e+03 4.038053472161313301e-03 1.922576040270522517e-05 4.018827711758618179e-03
2.011482702977137478e+03 3.743481912823030163e-03 1.807063216307988721e-05 3.725411280659958468e-03
2.015554530311099825e+03 3.470473692583958027e-03 1.700837503997706124e-05 3.453465317543989548e-03
2.019626357645061262e+03 3.218390390441719547e-03 1.603590214767130952e-05 3.202354488294055501e-03
2.023698184979023154e+03 2.986571708776608082e-03 1.515002934231080151e-05 2.971421679434307558e-03
2.027770012312984818e+03 2.774337787010762967e-03 1.434748700589277319e-05 2.759990300004875469e-03
2.031841839646946710e+03 2.580991513552127834e-03 1.362493182255738348e-05 2.567366581729579184e-03
2.035913666980908602e+03 2.405820829125100094e-03 1.297895850712513821e-05 2.392841870617982807e-03
2.039985494314870493e+03 2.248101014738082895e-03 1.240611144665192644e-05 2.235694903291436750e-03
2.044057321648832385e+03 2.107096957706084718e-03 1.190289621667846474e-05 2.095194061489414998e-03
2.048129148982794050e+03 1.982065389334617365e-03 1.146579093496308908e-05 1.970599598399660514e-03
2.052200976316755714e+03 1.872257088077645005e-03 1.109125741666148753e-05 1.861165830660988906e-03
2.056272803650717833e+03 1.776919042206407491e-03 1.077575209628813530e-05 1.766143290110128161e-03
2.060344630984679497e+03 1.695296566267066873e-03 1.051573668322487300e-05 1.684780829583851138e-03
2.064416458318641162e+03 1.626635365861199599e-03 1.030768851911597996e-05 1.616327677342088319e-03
2.068488285652603281e+03 1.570183545554200075e-03 1.014811060715303632e-05 1.560035434947050579e-03
2.072560112986564945e+03 1.525193555000738067e-03 1.003354128502094405e-05 1.515160013715726893e-03
2.076631940320526610e+03 1.490924068672278393e-03 9.960563515109345894e-06 1.480963505157175059e-03
2.080703767654488729e+03 1.466641794878963080e-03 9.925813767539927996e-06 1.456715981111429865e-03
2.084775594988450393e+03 1.451623210094359637e-03 9.925990473530403542e-06 1.441697219620834570e-03
2.088847422322412058e+03 1.445156214916583619e-03 9.957862028678915426e-06 1.435198352887908941e-03
2.092919249656374177e+03 1.446541708330932293e-03 1.001827432785835695e-05 1.436523434003082484e-03
2.096991076990335841e+03 1.455095077276876954e-03 1.010415781552662298e-05 1.444990919461360728e-03
2.101062904324297506e+03 1.470147598864060112e-03 1.021253403746403066e-05 1.459935064826601431e-03
2.105134731658259625e+03 1.491047752927020112e-03 1.034052168210510664e-05 1.480707231244917906e-03
2.109206558992221289e+03 1.517162442955299027e-03 1.048534210185661919e-05 1.506677100853450911e-03
2.113278386326182954e+03 1.547878123783060552e-03 1.064432430699138913e-05 1.537233799476076315e-03
2.117350213660145073e+03 1.582601834768863945e-03 1.081490942689765131e-05 1.571786925341972464e-03
2.121422040994106737e+03 1.620762137541419210e-03 1.099465463565205256e-05 1.609767482905771156e-03
2.125493868328068402e+03 1.661809957728263652e-03 1.118123654102963268e-05 1.650628721187241774e-03
2.129565695662030521e+03 1.705219330421966053e-03 1.137245403818649240e-05 1.693846876383786008e-03
2.133637522995992185e+03 1.750488049470055136e-03 1.156623063132747411e-05 1.738921818838735141e-03
2.137709350329953850e+03 1.797138220999901529e-03 1.176061622869439560e-05 1.785377604771211726e-03
2.141781177663915969e+03 1.844716721907432855e-03 1.195378841816792759e-05 1.832762933489268022e-03
2.145853004997877633e+03 1.892795564347046159e-03 1.214405323269178799e-05 1.880651511114361449e-03
2.149924832331839298e+03 1.940972167559188539e-03 1.232984541653381338e-05 1.928642322142658195e-03
2.153996659665801417e+03 1.988869538660544868e-03 1.250972820516051231e-05 1.976359810455386411e-03
2.158068486999763081e+03 2.036136364298304219e-03 1.268239263313896313e-05 2.023453971665169042e-03
2.162140314333724746e+03 2.082447015334946278e-03 1.284665638607388514e-05 2.069600358948877998e-03
2.166212141667686865e+03 2.127501466980978150e-03 1.300146221402809893e-05 2.114500004766954686e-03
2.170283969001648529e+03 2.171025137031176808e-03 1.314587592525909003e-05 2.157879261105921740e-03
2.174355796335610194e+03 2.212768645082591450e-03 1.327908398036156741e-05 2.199489561102232170e-03
2.178427623669572313e+03 2.252507495821520073e-03 1.340039070804997602e-05 2.239107105113477981e-03
2.182499451003533977e+03 2.290041689658770235e-03 1.350921516485796362e-05 2.276532474493921532e-03
2.186571278337495642e+03 2.325195264169785826e-03 1.360508766195890695e-05 2.311590176507830139e-03
2.190643105671457761e+03 2.357815769956811500e-03 1.368764598309765070e-05 2.344128123973718454e-03
2.194714933005419425e+03 2.387773684694033394e-03 1.375663131833476778e-05 2.374017053375703564e-03
2.198786760339381090e+03 2.414961769243943474e-03 1.381188393884238679e-05 2.401149885305106559e-03
2.202858587673343209e+03 2.439294369843497678e-03 1.385333863846859956e-05 2.425441031205036353e-03
2.206930415007304873e+03 2.460706670451505949e-03 1.388101996807544964e-05 2.446825650483436775e-03
2.211002242341266538e+03 2.479153899424972433e-03 1.389503728889892611e-05 2.465258862136074890e-03
2.215074069675228657e+03 2.494610494750936370e-03 1.389557967123767495e-05 2.480714915079699264e-03
2.219145897009190321e+03 2.507069232102632477e-03 1.388291066477803473e-05 2.493186321437857334e-03
2.223217724343151986e+03 2.516540320013498176e-03 1.385736296668843810e-05 2.502682957046809854e-03
2.227289551677114105e+03 2.523050466471980172e-03 1.381933301340286685e-05 2.509231133458587285e-03
2.231361379011075769e+03 2.526641921231947106e-03 1.376927552162092604e-05 2.512872645710326116e-03
2.235433206345037433e+03 2.527371498110326468e-03 1.370769800360680055e-05 2.513663800106718908e-03
2.239505033678999553e+03 2.525309581504452550e-03 1.363515528129958900e-05 2.511674426223157227e-03
2.243576861012961217e+03 2.520539121307721706e-03 1.355224402309182997e-05 2.506986877284628299e-03
2.247648688346922881e+03 2.513154620333382834e-03 1.345959732637893765e-05 2.499695023007009621e-03
2.251720515680885001e+03 2.503261118274075544e-03 1.335787936815166141e-05 2.489903238905930537e-03
2.255792343014846665e+03 2.490973176128244426e-03 1.324778014499001168e-05 2.477725395983261004e-03
2.259864170348808329e+03 2.476413864916450318e-03 1.313001032281926428e-05 2.463283854593629509e-03
2.263935997682770449e+03 2.459713762389505783e-03 1.300529621574546624e-05 2.446708466173760747e-03
2.268007825016732113e+03 2.441009961298444553e-03 1.287437491215721310e-05 2.428135586386290755e-03
2.272079652350694232e+03 2.420445092653542192e-03 1.273798956510967129e-05 2.407707103088436475e-03
2.276151479684655897e+03 2.398166367247265337e-03 1.259688486278352578e-05 2.385569482384481028e-03
2.280223307018617561e+03 2.374324638554473760e-03 1.245180269354673380e-05 2.361872835860927451e-03
2.284295134352579680e+03 2.349073489953427355e-03 1.230347801883906121e-05 2.336770011934582395e-03
2.288366961686541345e+03 2.322568349034202697e-03 1.215263496577887306e-05 2.310415714068426909e-03
2.292438789020503009e+03 2.294965631577709341e-03 1.199998315002010301e-05 2.282965648427687060e-03
2.296510616354465128e+03 2.266421917598805333e-03 1.184621423804407150e-05 2.254575703360761109e-03
2.300582443688426793e+03 2.237093161653817830e-03 1.169199875667002950e-05 2.225401162897145107e-03
2.304654271022388457e+03 2.207133939414190546e-03 1.153798315619530864e-05 2.195595956257991900e-03
2.308726098356350576e+03 2.176696732307655587e-03 1.138478713221725648e-05 2.165311945175434072e-03
2.312797925690312240e+03 2.145931251824744011e-03 1.123300120978801794e-05 2.134698250614958017e-03
2.316869753024273905e+03 2.114983804884766443e-03 1.108318459224658404e-05 2.103900620292518866e-03
2.320941580358236024e+03 2.083996701449775720e-03 1.093586327571610586e-05 2.073060838174055169e-03
2.325013407692197688e+03 2.053107705371339659e-03 1.079152842897688154e-05 2.042316176942360686e-03
2.329085235026159353e+03 2.022449529251163676e-03 1.065063503714420405e-05 2.011798894214018342e-03
2.333157062360121472e+03 1.992149373895513859e-03 1.051360080638101255e-05 1.981635773089127257e-03
2.337228889694083136e+03 1.962328512744862356e-03 1.038080532567776902e-05 1.951947707419184313e-03
2.341300717028044801e+03 1.933101921465139872e-03 1.025258948060798908e-05 1.922849331984528105e-03
2.345372544362006920e+03 1.904577952696015573e-03 1.012925511289046409e-05 1.894448697583120140e-03
2.349444371695968584e+03 1.876858055765777107e-03 1.001106491857530284e-05 1.866846990847198474e-03
2.353516199029930249e+03 1.850036541002055435e-03 9.898242576705676508e-06 1.840138298425341573e-03
2.357588026363892368e+03 1.824200388093022126e-03 9.790973099414482738e-06 1.814409414993604485e-03
2.361659853697854032e+03 1.799429097786616220e-03 9.689403393593512448e-06 1.789739694393020341e-03
2.365731681031815697e+03 1.775794586054681590e-03 9.593643023504957670e-06 1.766200943031173438e-03
2.369803508365777816e+03 1.753361119696564014e-03 9.503765163033735109e-06 1.743857354533527668e-03
2.373875335699739480e+03 1.732185292212493153e-03 9.419807725655189270e-06 1.722765484486833698e-03
2.377947163033701145e+03 1.712316038641025677e-03 9.341774659652631843e-06 1.702974263981375065e-03
2.382018990367663264e+03 1.693794687928747589e-03 9.269637395679984035e-06 1.684525050533061978e-03
2.386090817701624928e+03 1.676655051282356385e-03 9.203336433346686311e-06 1.667451714849001957e-03
2.390162645035586593e+03 1.660923544846056640e-03 9.142783053223740562e-06 1.651780761792825698e-03
2.394234472369548712e+03 1.646619344948893875e-03 9.087861140413822092e-06 1.637531483808474632e-03
2.398306299703510376e+03 1.633754574078814716e-03 9.038429105688955165e-06 1.624716144973125959e-03
2.402378127037472041e+03 1.622334515662397780e-03 8.994321890106670255e-06 1.613340193772289880e-03
2.406449954371434160e+03 1.612357855661810963e-03 8.955353039015415427e-06 1.603402502622791994e-03
2.410521781705395824e+03 1.603816948942977678e-03 8.921316831404785394e-06 1.594895632111569071e-03
2.414593609039357489e+03 1.596698108322198344e-03 8.891990450724034057e-06 1.587806117871474933e-03
2.418665436373319608e+03 1.590981914161831295e-03 8.867136183454617671e-06 1.582114777978372829e-03
2.422737263707281272e+03 1.586643542358908646e-03 8.846503632017627144e-06 1.577797038726886205e-03
2.426809091041242937e+03 1.583653108554146328e-03 8.829831928905928340e-06 1.574823276625239143e-03
2.430880918375205056e+03 1.581976026382556424e-03 8.816851939334469237e-06 1.573159174443209199e-03
2.434952745709166720e+03 1.581573377589471805e-03 8.807288440134997503e-06 1.572766089149336532e-03
2.439024573043128385e+03 1.582402291849098388e-03 8.800862263115552127e-06 1.573601429585974858e-03
2.443096400377090504e+03 1.584416334143706143e-03 8.797292391665755682e-06 1.575619041752036832e-03
2.447168227711052168e+03 1.587565897593198102e-03 8.796297999951195983e-06 1.578769599593243377e-03
2.451240055045013833e+03 1.591798599663107969e-03 8.797600424705447267e-06 1.583000999238398611e-03
2.455311882378975952e+03 1.597059679727368857e-03 8.800925060258461670e-06 1.588258754667104576e-03
2.459383709712937616e+03 1.603292396016772411e-03 8.806003168162577496e-06 1.594486392848605636e-03
2.463455537046899281e+03 1.610438420047111087e-03 8.812573593504761699e-06 1.601625846453602706e-03
2.467527364380861400e+03 1.618438226690297648e-03 8.820384380726133347e-06 1.609617842309566532e-03
2.471599191714823064e+03 1.627231478127877384e-03 8.829194282563694821e-06 1.618402283845306322e-03
2.475671019048784729e+03 1.636757400008452545e-03 8.838774156490168473e-06 1.627918625851958482e-03
2.479742846382746848e+03 1.646955148217906558e-03 8.848908243845165700e-06 1.638106239974052632e-03
2.483814673716708512e+03 1.657764164764038289e-03 8.859395327637681903e-06 1.648904769436396840e-03
2.487886501050670176e+03 1.669124521374202403e-03 8.870049765803833197e-06 1.660254471608391775e-03
2.491958328384632296e+03 1.680977249505185341e-03 8.880702397516407678e-06 1.672096547107658742e-03
2.496030155718593960e+03 1.693264655569695631e-03 8.891201320922138742e-06 1.684373454248771053e-03
2.500101983052555624e+03 1.705930620290254524e-03 8.901412541469181381e-06 1.697029207748776154e-03
2.504173810386517744e+03 1.718920881201348085e-03 8.911220490770003681e-06 1.710009660710570421e-03
2.508245637720479408e+03 1.732183297432351304e-03 8.920528416674646633e-06 1.723262769015668563e-03
2.512317465054441072e+03 1.745668096015765784e-03 8.929258645971101265e-06 1.736738837369786615e-03
2.516389292388403192e+03 1.759328099079459154e-03 8.937352721836592517e-06 1.750390746357611020e-03
2.520461119722364856e+03 1.773118931394851178e-03 8.944771418825159777e-06 1.764174159976023394e-03
2.524532947056326520e+03 1.786999207866654281e-03 8.951494638833581221e-06 1.778047713227810843e-03
2.528604774390288640e+03 1.800930700662183069e-03 8.957521192101632100e-06 1.791973179470070622e-03
2.532676601724250304e+03 1.814878485789880131e-03 8.962868467857920972e-06 1.805915617322018758e-03
2.536748429058211968e+03 1.828811069046141049e-03 8.967571999776556506e-06 1.819843497046361560e-03
2.540820256392174088e+03 1.842700491357198486e-03 8.971684931905925115e-06 1.833728806425288490e-03
2.544892083726135752e+03 1.856522413647467614e-03 8.975277391161931632e-06 1.847547136256299377e-03
2.548963911060097416e+03 1.870256181467814345e-03 8.978435772915124274e-06 1.861277745694887072e-03
2.553035738394059535e+03 1.883884869715530446e-03 8.981261946543467046e-06 1.874903607768982957e-03
2.557107565728021200e+03 1.897395307872512928e-03 8.983872388152814773e-06 1.888411435484355170e-03
2.561179393061982864e+03 1.910778086278589871e-03 8.986397247932490862e-06 1.901791689030654696e-03
2.565251220395944983e+03 1.924027544043177291e-03 8.988979359834704401e-06 1.915038564683340218e-03
2.569323047729906648e+03 1.937141739279722372e-03 8.991773201457300084e-06 1.928149966078260020e-03
2.573394875063868312e+03 1.950122402423770619e-03 8.994943812117641184e-06 1.941127458611645361e-03
2.577466702397830431e+03 1.962974873466752194e-03 8.998665677205023298e-06 1.953976207789548218e-03
2.581538529731792096e+03 1.975708024002994535e-03 9.003121586925083212e-06 1.966704902416064292e-03
2.585610357065753760e+03 1.988334165047864286e-03 9.008501477550548100e-06 1.979325663570307738e-03
2.589682184399715879e+03 2.000868941639089016e-03 9.015001263222793495e-06 1.991853940375862275e-03
2.593754011733677544e+03 2.013331215281539271e-03 9.022821666266082549e-06 2.004308393615269069e-03
2.597825839067639208e+03 2.025742935338309923e-03 9.032167053831159043e-06 2.016710768284474785e-03
2.601897666401601327e+03 2.038129000507164258e-03 9.043244288503322027e-06 2.029085756218660525e-03
2.605969493735562992e+03 2.050517111551499773e-03 9.056261600295532812e-06 2.041460849951196380e-03
2.610041321069524656e+03 2.062937616479024010e-03 9.071427487190083039e-06 2.053866188991835314e-03
2.614113148403486775e+03 2.075423349379346052e-03 9.088949651109685823e-06 2.066334399728228348e-03
2.618184975737448440e+03 2.088009464143217829e-03 9.109033975864943089e-06 2.078900430167346901e-03
2.622256803071410104e+03 2.100733264292271689e-03 9.131883553291429866e-06 2.091601380738976161e-03
2.626328630405372223e+03 2.113634030147605418e-03 9.157697763399426900e-06 2.104476332384205318e-03
2.630400457739333888e+03 2.126752844559664374e-03 9.186671413961947389e-06 2.117566173145699147e-03
2.634472285073295552e+03 2.140132418410293277e-03 9.218993944541545651e-06 2.130913424465746744e-03
2.638544112407257671e+03 2.153816917080411848e-03 9.254848699517690064e-06 2.144562068380889090e-03
2.642615939741219336e+03 2.167851789054082209e-03 9.294412274209033921e-06 2.158557376779869641e-03
2.646687767075181000e+03 2.182283597802133022e-03 9.337853937715114423e-06 2.172945743864418324e-03
2.650759594409143119e+03 2.197159858055686144e-03 9.385335135623139937e-06 2.187774522920062255e-03
2.654831421743104784e+03 2.212528877542103718e-03 9.437009075225117233e-06 2.203091868466874274e-03
2.658903249077066448e+03 2.228439605214443259e-03 9.493020395404973199e-06 2.218946584819035499e-03
2.662975076411028567e+03 2.244941486958708030e-03 9.553504922833094124e-06 2.235387982035867693e-03
2.667046903744990232e+03 2.262084329713316255e-03 9.618589515641848414e-06 2.252465740197675224e-03
2.671118731078951896e+03 2.279918174881219450e-03 9.688391995228116282e-06 2.270229782885994224e-03
2.675190558412914015e+03 2.298493181857780114e-03 9.763021166348385786e-06 2.288730160691425548e-03
2.679262385746875680e+03 2.317859522437084284e-03 9.842576925200575334e-06 2.308016945511882304e-03
2.683334213080837344e+03 2.338067286796529330e-03 9.927150454696578359e-06 2.328140136341832166e-03
2.687406040414799463e+03 2.359166401693248757e-03 1.001682450568497418e-05 2.349149577187559061e-03
2.691477867748761128e+03 2.381206561438768601e-03 1.011167376242447236e-05 2.371094887676341093e-03
2.695549695082722792e+03 2.404237172148195045e-03 1.021176529020127735e-05 2.394025406857993622e-03
2.699621522416684911e+03 2.428307309689158641e-03 1.031715906255173950e-05 2.417990150626609346e-03
2.703693349750646576e+03 2.453465691683409059e-03 1.042790856517733585e-05 2.443037783118233788e-03
2.707765177084608240e+03 2.479760663840475336e-03 1.054406147327626730e-05 2.469216602367199295e-03
2.711837004418570359e+03 2.507240200828932033e-03 1.066566039865693666e-05 2.496574540430276153e-03
2.715908831752532024e+03 2.535951921816945957e-03 1.079274370269680186e-05 2.525159178114243751e-03
2.719980659086493688e+03 2.565943120738963749e-03 1.092534637091236428e-05 2.555017774368051157e-03
2.724052486420455807e+03 2.597260811272318094e-03 1.106350094464106002e-05 2.586197310327676031e-03
2.728124313754417472e+03 2.629951786433745546e-03 1.120723850509604703e-05 2.618744547928654378e-03
2.732196141088379136e+03 2.664062692633670064e-03 1.135658970484840997e-05 2.652706102928826387e-03
2.736267968422341255e+03 2.699640117955125814e-03 1.151158584161901318e-05 2.688128532113508769e-03
2.740339795756302919e+03 2.736730694353975944e-03 1.167225996908823287e-05 2.725058434384890291e-03
2.744411623090264584e+03 2.775381213409538680e-03 1.183864803934043686e-05 2.763542565370198482e-03
2.748483450424226703e+03 2.815638755188105274e-03 1.201079007143422502e-05 2.803627965116670985e-03
2.752555277758188367e+03 2.857550829718103619e-03 1.218873134055126900e-05 2.845362098377552350e-03
2.756627105092150032e+03 2.901165530513835807e-03 1.237252358212630014e-05 2.888793006931708422e-03
2.760698932426112151e+03 2.946531699525497920e-03 1.256222620534808381e-05 2.933969473320152416e-03
2.764770759760073815e+03 2.993699102836981391e-03 1.275790751045630406e-05 2.980941195326525326e-03
2.768842587094035935e+03 3.042718616379222647e-03 1.295964590428392804e-05 3.029758970474943046e-03
2.772914414427997599e+03 3.093642420876447589e-03 1.316753110858006119e-05 3.080474889767869338e-03
2.776986241761959263e+03 3.146524205195461686e-03 1.338166535573093261e-05 3.133142539839737367e-03
2.781058069095921383e+03 3.201419377224128289e-03 1.360216456661911372e-05 3.187817212657513468e-03
2.785129896429883047e+03 3.258385281364546606e-03 1.382915950550085444e-05 3.244556121859048896e-03
2.789201723763844711e+03 3.317481421689590960e-03 1.406279690693574679e-05 3.303418624782657707e-03
2.793273551097806831e+03 3.378769689778022244e-03 1.430324056998492293e-05 3.364466449208040107e-03
2.797345378431768495e+03 3.442314596213579079e-03 1.455067241508243734e-05 3.427763923798498539e-03
2.801417205765730159e+03 3.508183504707556351e-03 1.480529349920955486e-05 3.493378211208348662e-03
2.805489033099692278e+03 3.576446867782076718e-03 1.506732498520749346e-05 3.561379542796866415e-03
2.809560860433653943e+03 3.647178462932844888e-03 1.533700906132188566e-05 3.631841453871520464e-03
2.813632687767615607e+03 3.720455628175428457e-03 1.561460980729923394e-05 3.704841018368130318e-03
2.817704515101577726e+03 3.796359495868370688e-03 1.590041400363816174e-05 3.780459081864735813e-03
2.821776342435539391e+03 3.874975223699196007e-03 1.619473188083893759e-05 3.858780491818359498e-03
2.825848169769501055e+03 3.956392221716159736e-03 1.649789780578020504e-05 3.939894323910381364e-03
2.829919997103463174e+03 4.040704374288777920e-03 1.681027090262338271e-05 4.023894103386162560e-03
2.833991824437424839e+03 4.128010255884440038e-03 1.713223560591792149e-05 4.110878020278530692e-03
2.838063651771386503e+03 4.218413339555713258e-03 1.746420214386692324e-05 4.200949137411851692e-03
2.842135479105348622e+03 4.312022197044263275e-03 1.780660694997348101e-05 4.294215590094294273e-03
2.846207306439310287e+03 4.408950689421983933e-03 1.815991300157980890e-05 4.390790776420406584e-03
2.850279133773271951e+03 4.509318147207536098e-03 1.852461008407612053e-05 4.490793537123469702e-03
2.854350961107234070e+03 4.613249538918047163e-03 1.890121497980768551e-05 4.594348323938240650e-03
2.858422788441195735e+03 4.720875627039725943e-03 1.929027158098674385e-05 4.701585355458746084e-03
2.862494615775157399e+03 4.832333110428922371e-03 1.969235092615668478e-05 4.812640759502767943e-03
2.866566443109119518e+03 4.947764752185027266e-03 2.010805115999521393e-05 4.927656701025035640e-03
2.870638270443081183e+03 5.067319492070098026e-03 2.053799741647703420e-05 5.046781494653628138e-03
2.874710097777042847e+03 5.191152542585682206e-03 2.098284162564194403e-05 5.170169700960045717e-03
2.878781925111004966e+03 5.319425467855709924e-03 2.144326224441751779e-05 5.297982205611295910e-03
2.882853752444966631e+03 5.452306244505130198e-03 2.191996391213333373e-05 5.430386280592999944e-03
2.886925579778928295e+03 5.589969303766925864e-03 2.241367703157470722e-05 5.567555626735352058e-03
2.890997407112890414e+03 5.732595554095359924e-03 2.292515727655747466e-05 5.709670396818800064e-03
2.895069234446852079e+03 5.880372383610522717e-03 2.345518502718782396e-05 5.856917198583335218e-03
2.899141061780813743e+03 6.033493641748184123e-03 2.400456473409947627e-05 6.009489077014094557e-03
2.903212889114775862e+03 6.192159599539922947e-03 2.457412421309441576e-05 6.167585475326827979e-03
2.907284716448737527e+03 6.356576888000462291e-03 2.516471387171668881e-05 6.331412174128747683e-03
2.911356543782699191e+03 6.526958414153479979e-03 2.577720586939637361e-05 6.501181208284088735e-03
2.915428371116661310e+03 6.703523254281603880e-03 2.641249321288125255e-05 6.677110761068724525e-03
2.919500198450622975e+03 6.886496524043069986e-03 2.707148878873997085e-05 6.859425035254332163e-03
2.923572025784584639e+03 7.076109225154436459e-03 2.775512433478045869e-05 7.048354100819660510e-03
2.927643853118546758e+03 7.272598068397034474e-03 2.846434935227640023e-05 7.244133719044761055e-03
2.931715680452508423e+03 7.476205272763662875e-03 2.920012996091232691e-05 7.447005142802757063e-03
2.935787507786470087e+03 7.687178340621677805e-03 2.996344769838984621e-05 7.657214892923290724e-03
2.939859335120432206e+03 7.905769808828367121e-03 3.075529826663247481e-05 7.875014510561738346e-03
2.943931162454393871e+03 8.132236975795206074e-03 3.157669022655107573e-05 8.100660285568659844e-03
2.948002989788355535e+03 8.366841604558011153e-03 3.242864364328036523e-05 8.334412960914737781e-03
2.952074817122317654e+03 8.609849601970764182e-03 3.331218868381390959e-05 8.576537413286951933e-03
2.956146644456279319e+03 8.861530674201676533e-03 3.422836416892032543e-05 8.827302310032762028e-03
2.960218471790240983e+03 9.122157958770842762e-03 3.517821608119534353e-05 9.086979742689651335e-03
2.964290299124203102e+03 9.392007633428955948e-03 3.616279603105580689e-05 9.355844837397904803e-03
2.968362126458164767e+03 9.671358502237071067e-03 3.718315968246359478e-05 9.634175342554614913e-03
2.972433953792126431e+03 9.960491559266784062e-03 3.824036514008876482e-05 9.922251194126699078e-03
2.976505781126088550e+03 1.025968953039944898e-02 3.933547129960232673e-05 1.022035405909984922e-02
2.980577608460050214e+03 1.056923639376177761e-02 4.046953616272505247e-05 1.052876685759905617e-02
2.984649435794011879e+03 1.088941687939265317e-02 4.164361511861234438e-05 1.084777326427404341e-02
2.988721263127973998e+03 1.122051594879326653e-02 4.285875919312118589e-05 1.117765718960014865e-02
2.992793090461935662e+03 1.156281825506863190e-02 4.411601326743040360e-05 1.151870224180120451e-02
2.996864917795897327e+03 1.191660758442369267e-02 4.541641426749532835e-05 1.187119117015620305e-02
3.000936745129859446e+03 1.228216627983123518e-02 4.676098932572435649e-05 1.223540529050551676e-02
3.005008572463821110e+03 1.265977464774158470e-02 4.815075391627816643e-05 1.261162389382531127e-02
3.009080399797782775e+03 1.304971034875580284e-02 4.958670996535255584e-05 1.300012363879045341e-02
3.013152227131744894e+03 1.345224777323428787e-02 5.106984393778112426e-05 1.340117792929650976e-02
3.017224054465706558e+03 1.386765740286144064e-02 5.260112490130348581e-05 1.381505627796014192e-02
3.021295881799668223e+03 1.429620515923452594e-02 5.418150256982726815e-05 1.424202365666469780e-02
3.025367709133630342e+03 1.473815174059064405e-02 5.581190532703499645e-05 1.468233983526361086e-02
3.029439536467592006e+03 1.519375194782977313e-02 5.749323823169911118e-05 1.513625870959807787e-02
3.033511363801553671e+03 1.566325400103424012e-02 5.922638100609627299e-05 1.560402762002814983e-02
3.037583191135515790e+03 1.614689884772578521e-02 6.101218600896023310e-05 1.608588666171682433e-02
3.041655018469477454e+03 1.664491946413976936e-02 6.285147619445544814e-05 1.658206798794532172e-02
3.045726845803439119e+03 1.715754015083323369e-02 6.474504305872600914e-05 1.709279510777450897e-02
3.049798673137401238e+03 1.768497582397790535e-02 6.669364457562493753e-05 1.761828217940228369e-02
3.053870500471362902e+03 1.822743130372232040e-02 6.869800312335504807e-05 1.815873330059896568e-02
3.057942327805324567e+03 1.878510060103715656e-02 7.075880340379370355e-05 1.871434179763336453e-02
3.062014155139286686e+03 1.935816620448672573e-02 7.287669035643438379e-05 1.928528951413029449e-02
3.066085982473248350e+03 1.994679836839496900e-02 7.505226706894315856e-05 1.987174610132602659e-02
3.070157809807210015e+03 2.055115440389811143e-02 7.728609268650313095e-05 2.047386831121161127e-02
3.074229637141172134e+03 2.117137797439711672e-02 7.957868032220983851e-05 2.109179929407490814e-02
3.078301464475133798e+03 2.180759839694142166e-02 8.193049497095881539e-05 2.172566790197046419e-02
3.082373291809095463e+03 2.245992995109173662e-02 8.434195142939858805e-05 2.237558799966233788e-02
3.086445119143057582e+03 2.312847119682237551e-02 8.681341222469015728e-05 2.304165778459769248e-02
3.090516946477019246e+03 2.381330430303455620e-02 8.934518555497490146e-05 2.372395911747957747e-02
3.094588773810980911e+03 2.451449438825932525e-02 9.193752324462278465e-05 2.442255686501470027e-02
3.098660601144943030e+03 2.523208887513402748e-02 9.459061871750942374e-05 2.513749825641652461e-02
3.102732428478904694e+03 2.596611686023734406e-02 9.730460499174635892e-05 2.586881225524560041e-02
3.106804255812866359e+03 2.671658850086749276e-02 1.000795526994651763e-04 2.661650894816803420e-02
3.110876083146828478e+03 2.748349442034337536e-02 1.029154681354390232e-04 2.738057895220794014e-02
3.114947910480790142e+03 2.826680513340112250e-02 1.058122913384957638e-04 2.816099284206263070e-02
3.119019737814751807e+03 2.906647049324821014e-02 1.087698942098727352e-04 2.895770059903833918e-02
3.123091565148713926e+03 2.988241916182287142e-02 1.117880786727990368e-04 2.977063108315006895e-02
3.127163392482675590e+03 3.071455810479014475e-02 1.148665748778037886e-04 3.059969152991233801e-02
3.131235219816637255e+03 3.156277211278467332e-02 1.180050394583714857e-04 3.144476707332631571e-02
3.135307047150599374e+03 3.242692335038717399e-02 1.212030538417429790e-04 3.230572029654543015e-02
3.139378874484561038e+03 3.330685093429371774e-02 1.244601226197921524e-04 3.318239081167394244e-02
3.143450701818522703e+03 3.420237054210685523e-02 1.277756719850497199e-04 3.407459487012180072e-02
3.147522529152484822e+03 3.511327405314269151e-02 1.311490482370567651e-04 3.498212500490564120e-02
3.151594356486446486e+03 3.603932922261150751e-02 1.345795163643626860e-04 3.590474970624715073e-02
3.155666183820408150e+03 3.698027939048718210e-02 1.380662587075302274e-04 3.684221313177964835e-02
3.159738011154370270e+03 3.793584322633704320e-02 1.416083737086487333e-04 3.779423485262838750e-02
3.163809838488331934e+03 3.890571451133544023e-02 1.452048747528611981e-04 3.876050963658258380e-02
3.167881665822293598e+03 3.988956195863260085e-02 1.488546891074870508e-04 3.974070726952511068e-02
3.171953493156255718e+03 4.088702907319543417e-02 1.525566569643333381e-04 4.073447241623110587e-02
3.176025320490217382e+03 4.189773405217905866e-02 1.563095305907875984e-04 4.174142452158827177e-02
3.180097147824179046e+03 4.292126972682516056e-02 1.601119735952766362e-04 4.276115775322987533e-02
3.184168975158141166e+03 4.395720354681906250e-02 1.639625603126174569e-04 4.379324098650644315e-02
3.188240802492102830e+03 4.500507760796869372e-02 1.678597753147384290e-04 4.483721783265396527e-02
3.192312629826064494e+03 4.606440872399677339e-02 1.718020130521512171e-04 4.589260671094462507e-02
3.196384457160026614e+03 4.713468854316364004e-02 1.757875776314454721e-04 4.695890096553220067e-02
3.200456284493988278e+03 4.821538371035975767e-02 1.798146827339401664e-04 4.803556902762581154e-02
3.204528111827949942e+03 4.930593607522661820e-02 1.838814516804597682e-04 4.912205462354615748e-02
3.208599939161912062e+03 5.040576294678139613e-02 1.879859176470288361e-04 5.021777702913436670e-02
3.212671766495873726e+03 5.151425739493442624e-02 1.921260240360477391e-04 5.132213137089837451e-02
3.216743593829835390e+03 5.263078859919986113e-02 1.962996250072964453e-04 5.243448897419256127e-02
3.220815421163797510e+03 5.375470224480912579e-02 2.005044861728215683e-04 5.355419775863630438e-02
3.224887248497759174e+03 5.488532096634290980e-02 2.047382854595157162e-04 5.468058268088340362e-02
3.228959075831720838e+03 5.602194483890239607e-02 2.089986141428449846e-04 5.581294622475953954e-02
3.233030903165682957e+03 5.716385191674266952e-02 2.132829780548670443e-04 5.695056893868779418e-02
3.237102730499644622e+03 5.831029881919282121e-02 2.175887989693270905e-04 5.809271002022349528e-02
3.241174557833606286e+03 5.946052136358555285e-02 2.219134161662273080e-04 5.923860794741932917e-02
3.245246385167568405e+03 6.061373524481825786e-02 2.262540881778623972e-04 6.038748115664038796e-02
3.249318212501530070e+03 6.176913676106347839e-02 2.306079947179053989e-04 6.153852876634559321e-02
3.253390039835491734e+03 6.292590358504378256e-02 2.349722387946743683e-04 6.269093134624910413e-02
3.257461867169453853e+03 6.408319558017985806e-02 2.393438490092507224e-04 6.384385173117060330e-02
3.261533694503415518e+03 6.524015566081745043e-02 2.437197820386501621e-04 6.499643587877879103e-02
3.265605521837377637e+03 6.639591069563247072e-02 2.480969253037590742e-04 6.614781377032870335e-02
3.269677349171339301e+03 6.754957245320802883e-02 2.524720998212237741e-04 6.729710035338680452e-02
3.273749176505300966e+03 6.870023858867417565e-02 2.568420632379995994e-04 6.844339652543615649e-02
3.277821003839263085e+03 6.984699367019510385e-02 2.612035130466976813e-04 6.958579015714838611e-02
3.281892831173224749e+03 7.098891024398654159e-02 2.655530899793725553e-04 7.072335715400716871e-02
3.285964658507186869e+03 7.212504993644372475e-02 2.698873815768207179e-04 7.185516255486691650e-02
3.290036485841148533e+03 7.325446459185951109e-02 2.742029259299359973e-04 7.298026166592956610e-02
3.294108313175110197e+03 7.437619744411372302e-02 2.784962155891050378e-04 7.409770122852463170e-02
3.298180140509072316e+03 7.548928432061829952e-02 2.827637016370898484e-04 7.520652061898119856e-02
3.302251967843033981e+03 7.659275487670701155e-02 2.870017979202842606e-04 7.630575307878673108e-02
3.306323795176996100e+03 7.768563385856877557e-02 2.912068854326996703e-04 7.739442697313607400e-02
3.310395622510956855e+03 7.876694239273254738e-02 2.953753168464893228e-04 7.847156707588603952e-02
3.314467449844919429e+03 7.983569930002740178e-02 2.995034211822991698e-04 7.953619587884511177e-02
3.318539277178881548e+03 8.089092243185827535e-02 3.035875086121964865e-04 8.058733492324607339e-02
3.322611104512842758e+03 8.193163002655959315e-02 3.076238753874541805e-04 8.162400615117212932e-02
3.326682931846805332e+03 8.295684208351439271e-02 3.116088088829287389e-04 8.264523327463146884e-02
3.330754759180766087e+03 8.396558175265603219e-02 3.155385927493365122e-04 8.365004315990667849e-02
3.334826586514728206e+03 8.495687673690337227e-02 3.194095121642453040e-04 8.463746722473912409e-02
3.338898413848690780e+03 8.592976070502077179e-02 3.232178591721772973e-04 8.560654284584859330e-02
3.342970241182651989e+03 8.688327471233572852e-02 3.269599381037908677e-04 8.655631477423193776e-02
3.347042068516613654e+03 8.781646862669864606e-02 3.306320710637236193e-04 8.748583655563491046e-02
3.351113895850575318e+03 8.872840255702203749e-02 3.342306034763110542e-04 8.839417195354572210e-02
3.355185723184537437e+03 8.961814828169800684e-02 3.377519096780545759e-04 8.928039637201994061e-02
3.359257550518499102e+03 9.048479067415801658e-02 3.411923985454055354e-04 9.014359827561259364e-02
3.363329377852461221e+03 9.132742912281197056e-02 3.445485191461443897e-04 9.098288060366581387e-02
3.367401205186422885e+03 9.214517894258156261e-02 3.478167664023979031e-04 9.179736217617917582e-02
3.371473032520384550e+03 9.293717277522771381e-02 3.509936867531116998e-04 9.258617908847459332e-02
3.375544859854346669e+03 9.370256197566328993e-02 3.540758838036204312e-04 9.334848609185968094e-02
3.379616687188308333e+03 9.444051798143973664e-02 3.570600239498074422e-04 9.408345795748992990e-02
3.383688514522270452e+03 9.515023366260152993e-02 3.599428419642447747e-04 9.479029082063727962e-02
3.387760341856232117e+03 9.583092464911299735e-02 3.627211465316216199e-04 9.546820350258139465e-02
3.391832169190193781e+03 9.648183063308027330e-02 3.653918257207416313e-04 9.611643880735951107e-02
3.395903996524154991e+03 9.710221664301674216e-02 3.679518523803654425e-04 9.673426479063636230e-02
3.399975823858117565e+03 9.769137428743193685e-02 3.703982894462258036e-04 9.732097599798569809e-02
3.404047651192079684e+03 9.824862296506238490e-02 3.727282951466119165e-04 9.787589466991576670e-02
3.408119478526040439e+03 9.877331103910932941e-02 3.749391280940406060e-04 9.839837191101527547e-02
3.412191305860003013e+03 9.926481697290054362e-02 3.770281522506962720e-04 9.888778882064984399e-02
3.416263133193964222e+03 9.972255042445263284e-02 3.789928417554994837e-04 9.934355758269712566e-02
3.420334960527926341e+03 1.001459532974769695e-01 3.808307856009222306e-04 9.976512251187605318e-02
3.424406787861888915e+03 1.005345007464443913e-01 3.825396921479028937e-04 1.001519610542964678e-01
3.428478615195849670e+03 1.008877021334034785e-01 3.841173934675578064e-04 1.005035847399359250e-01
3.432550442529811789e+03 1.012051019343332692e-01 3.855618494986979791e-04 1.008195400848345552e-01
3.436622269863773454e+03 1.014862805929014344e-01 3.868711520105577359e-04 1.010994094408908667e-01
3.440694097197735573e+03 1.017308553195988285e-01 3.880435283605394815e-04 1.013428117912382742e-01
3.444765924531697237e+03 1.019384808343231502e-01 3.890773450372232820e-04 1.015494034892859138e-01
3.448837751865658902e+03 1.021088500505945990e-01 3.899711109793845606e-04 1.017188789396152038e-01
3.452909579199621021e+03 1.022416946997004583e-01 3.907234806622288700e-04 1.018509712190382305e-01
3.456981406533582685e+03 1.023367858931852198e-01 3.913332569426296098e-04 1.019454526362425922e-01
3.461053233867544805e+03 1.023939346222269703e-01 3.917993936556771412e-04 1.020021352285712946e-01
3.465125061201506469e+03 1.024129921925704262e-01 3.921209979554559906e-04 1.020208711946149760e-01
3.469196888535468133e+03 1.023938505938188498e-01 3.922973323935629794e-04 1.020015532614252651e-01
3.473268715869430252e+03 1.023364428020246686e-01 3.923278167295110477e-04 1.019441149852951811e-01
3.477340543203391917e+03 1.022407430146597268e-01 3.922120294678067940e-04 1.018485309851919068e-01
3.481412370537354036e+03 1.021067668171878190e-01 3.919497091171622312e-04 1.017148171080706626e-01
3.485484197871315700e+03 1.019345712806109666e-01 3.915407551679687482e-04 1.015430305254429733e-01
3.489556025205277365e+03 1.017242549895076148e-01 3.909852287848671342e-04 1.013332697607227662e-01
3.493627852539239484e+03 1.014759580002335404e-01 3.902833532119339343e-04 1.010856746470216033e-01
3.497699679873201148e+03 1.011898617291074470e-01 3.894355138887308182e-04 1.008004262152187025e-01
3.501771507207163268e+03 1.008661887705580851e-01 3.884422582761688086e-04 1.004777465122819180e-01
3.505843334541124023e+03 1.005052026453640279e-01 3.873042953918567444e-04 1.001178983499721592e-01
3.509915161875086596e+03 1.001072074792717370e-01 3.860224950553451046e-04 9.972118498421636557e-02
3.513986989209048716e+03 9.967254761243372896e-02 3.845978868443600783e-04 9.928794972558935283e-02
3.518058816543009925e+03 9.920160714026238225e-02 3.830316587638847364e-04 9.881857548149848569e-02
3.522130643876972499e+03 9.869480938644929757e-02 3.813251556306084564e-04 9.831348423081869015e-02
3.526202471210933254e+03 9.815261630905233736e-02 3.794798771760116260e-04 9.777313643187632297e-02
3.530274298544895373e+03 9.757552784070352980e-02 3.774974758720055050e-04 9.719803036483150305e-02
3.534346125878857947e+03 9.696408116413995915e-02 3.753797544837732670e-04 9.658870140965618301e-02
3.538417953212819157e+03 9.631884992440577220e-02 3.731286633550765668e-04 9.594572126105069265e-02
3.542489780546780821e+03 9.564044337921676076e-02 3.707462974319813650e-04 9.526969708178475993e-02
3.546561607880742486e+03 9.492950548911924247e-02 3.682348930315631932e-04 9.456127059608766816e-02
3.550633435214704605e+03 9.418671394921143691e-02 3.655968243627866795e-04 9.382111712484864086e-02
3.554705262548666269e+03 9.341277916432697004e-02 3.628345998073119754e-04 9.304994456451964879e-02
3.558777089882628388e+03 9.260844316970899548e-02 3.599508579685830548e-04 9.224849231174041264e-02
3.562848917216590053e+03 9.177447849932549029e-02 3.569483634980647087e-04 9.141753013582741560e-02
3.566920744550551717e+03 9.091168700409446579e-02 3.538300027080205131e-04 9.055785700138643812e-02
3.570992571884513836e+03 9.002089862240011953e-02 3.505987789807105365e-04 8.967029984341939874e-02
3.575064399218475501e+03 8.910297010538711926e-02 3.472578079843353753e-04 8.875571229740279733e-02
3.579136226552437620e+03 8.815878369962083794e-02 3.438103127064846246e-04 8.781497338691432453e-02
3.583208053886399284e+03 8.718924578979500573e-02 3.402596183162328322e-04 8.684898617147876476e-02
3.587279881220360949e+03 8.619528550425610558e-02 3.366091468663933708e-04 8.585867635738972381e-02
3.591351708554322158e+03 8.517785328619317808e-02 3.328624118477584376e-04 8.484499087434541065e-02
3.595423535888284732e+03 8.413791943341572543e-02 3.290230126074485161e-04 8.380889642080827096e-02
3.599495363222246851e+03 8.307647260970847658e-02 3.250946286437463809e-04 8.275137798106471654e-02
3.603567190556207606e+03 8.199451833080918794e-02 3.210810137900183057e-04 8.167343731701917631e-02
3.607639017890170180e+03 8.089307742810734891e-02 3.169859903004938317e-04 8.057609143780684879e-02
3.611710845224131390e+03 7.977318449320390525e-02 3.128134428508480623e-04 7.946037105035305692e-02
3.615782672558093509e+03 7.863588630650768241e-02 3.085673124666035239e-04 7.832731899404107856e-02
3.619854499892056083e+03 7.748224025307065554e-02 3.042515903924938566e-04 7.717798866267815139e-02
3.623926327226016838e+03 7.631331272888317030e-02 2.998703119159143080e-04 7.601344241696723902e-02
3.627998154559978957e+03 7.513017754086170896e-02 2.954275501576398384e-04 7.483474999070406641e-02
3.632069981893940621e+03 7.393391430376336504e-02 2.909274098429149918e-04 7.364298689392045905e-02
3.636141809227902741e+03 7.272560683725670660e-02 2.863740210659819594e-04 7.243923281619071841e-02
3.640213636561864405e+03 7.150634156636445637e-02 2.817715330610005560e-04 7.122457003330344427e-02
3.644285463895826069e+03 7.027720592847268299e-02 2.771241079921690385e-04 7.000008182048052252e-02
3.648357291229788189e+03 6.903928679007062530e-02 2.724359147757011686e-04 6.876685087529491036e-02
3.652429118563749853e+03 6.779366887634874494e-02 2.677111229461122876e-04 6.752595775340262951e-02
3.656500945897711972e+03 6.654143321673751388e-02 2.629538965790210016e-04 6.627847932015848431e-02
3.660572773231673636e+03 6.528365560941586099e-02 2.581683882824276121e-04 6.502548722113342394e-02
3.664644600565635301e+03 6.402140510775952698e-02 2.533587332681322174e-04 6.376804637449139113e-02
3.668716427899597420e+03 6.275574253163131166e-02 2.485290435146483108e-04 6.250721348811663636e-02
3.672788255233559084e+03 6.148771900634113219e-02 2.436834020326088550e-04 6.124403560430853599e-02
3.676860082567521204e+03 6.021837453202352058e-02 2.388258572432954102e-04 5.997954867478020452e-02
3.680931909901482868e+03 5.894873658609137840e-02 2.339604174805582780e-04 5.871477616861082993e-02
3.685003737235444532e+03 5.767981876133275454e-02 2.290910456259324273e-04 5.745072771570682718e-02
3.689075564569406652e+03 5.641261944211610480e-02 2.242216538863721928e-04 5.618839778822972558e-02
3.693147391903368316e+03 5.514812052106545653e-02 2.193560987235352656e-04 5.492876442234192330e-02
3.697219219237330435e+03 5.388728615845569253e-02 2.144981759431110785e-04 5.367278798251258476e-02
3.701291046571291190e+03 5.263106158646274624e-02 2.096516159521699002e-04 5.242140997051056989e-02
3.705362873905253764e+03 5.138037196028331227e-02 2.048200791920554002e-04 5.117555188109125519e-02
3.709434701239215883e+03 5.013612125801426844e-02 2.000071517537888000e-04 4.993611410626048325e-02
3.713506528573177093e+03 4.889919123105371940e-02 1.952163411824599248e-04 4.870397488987125018e-02
3.717578355907139667e+03 4.767044040665336518e-02 1.904510724765619257e-04 4.747998933417681144e-02
3.721650183241100422e+03 4.645070314411772067e-02 1.857146842876487250e-04 4.626498845983006980e-02
3.725722010575062541e+03 4.524078874600694772e-02 1.810104253252087041e-04 4.505977832068173983e-02
3.729793837909025115e+03 4.404148062556118015e-02 1.763414509710630352e-04 4.386513917459011758e-02
3.733865665242986324e+03 4.285353553142150218e-02 1.717108201070686210e-04 4.268182471131444500e-02
3.737937492576947989e+03 4.167768283057969592e-02 1.671214921593680027e-04 4.151056133842032786e-02
3.742009319910909653e+03 4.051462385034434316e-02 1.625763243618573840e-04 4.035204752598248179e-02
3.746081147244871772e+03 3.936503127996567042e-02 1.580780692410318805e-04 3.920695321072463491e-02
3.750152974578833437e+03 3.822954863241599666e-02 1.536293723238181682e-04 3.807591926009216282e-02
3.754224801912795556e+03 3.710878976667761342e-02 1.492327700694598695e-04 3.695955699660814775e-02
3.758296629246757220e+03 3.600333847074481397e-02 1.448906880260266989e-04 3.585844778271878724e-02
3.762368456580718885e+03 3.491374810540333329e-02 1.406054392115637926e-04 3.477314266619176836e-02
3.766440283914681004e+03 3.384054130870765842e-02 1.363792227194315779e-04 3.370416208598821933e-02
3.770512111248642668e+03 3.278420976093644745e-02 1.322141225468666074e-04 3.265199563838958735e-02
3.774583938582604787e+03 3.174521400966698326e-02 1.281121066452982468e-04 3.161710190302167989e-02
3.778655765916566452e+03 3.072398335447403331e-02 1.240750261905413743e-04 3.059990832828348578e-02
3.782727593250528116e+03 2.972091579062473982e-02 1.201046150704490411e-04 2.960081117555428756e-02
3.786799420584490235e+03 2.873637801101144862e-02 1.162024895872413769e-04 2.862017552142420707e-02
3.790871247918451900e+03 2.777070546543717808e-02 1.123701483712653707e-04 2.765833531706590742e-02
3.794943075252414019e+03 2.682420247624602710e-02 1.086089725025219673e-04 2.671559350374351147e-02
3.799014902586375683e+03 2.589714240917213514e-02 1.049202258359542041e-04 2.579222218333617617e-02
3.803086729920337348e+03 2.498976789816601679e-02 1.013050555260514826e-04 2.488846284263996483e-02
3.807158557254298557e+03 2.410229112284836134e-02 9.776449274603322005e-05 2.400452663010232968e-02
3.811230384588261131e+03 2.323489413713574619e-02 9.429945359650765782e-05 2.314059468353924301e-02
3.815302211922223250e+03 2.238772924748402837e-02 9.091074019817739125e-05 2.229681850728584824e-02
3.819374039256184005e+03 2.156091943910064604e-02 8.759904196291331386e-05 2.147332039713773302e-02
3.823445866590146579e+03 2.075455884838877177e-02 8.436493703717941057e-05 2.067019391135158785e-02
3.827517693924107789e+03 1.996871327980337743e-02 8.120889391160431036e-05 1.988750438589177022e-02
3.831589521258069908e+03 1.920342076522265490e-02 7.813127319021410423e-05 1.912528949203243928e-02
3.835661348592032482e+03 1.845869216386738371e-02 7.513232951263837834e-05 1.838355983435474225e-02
3.839733175925993237e+03 1.773451180073638139e-02 7.221221362242895617e-05 1.766229958711395404e-02
3.843805003259955356e+03 1.703083814146793065e-02 6.937097457443683931e-05 1.696146716689348952e-02
3.847876830593917020e+03 1.634760450148519534e-02 6.660856207404533048e-05 1.628099593941114559e-02
3.851948657927879140e+03 1.568471978723824656e-02 6.392482894095035263e-05 1.562079495829729950e-02
3.856020485261840804e+03 1.504206926731634607e-02 6.131953369002324564e-05 1.498074973362632442e-02
3.860092312595802468e+03 1.441951537117151447e-02 5.879234322175561810e-05 1.436072302794976288e-02
3.864164139929764588e+03 1.381689851316876029e-02 5.634283561465856658e-05 1.376055567755409860e-02
3.868235967263726252e+03 1.323403793965833783e-02 5.397050301199400948e-05 1.318006743664634252e-02
3.872307794597688371e+03 1.267073259675275711e-02 5.167475459512986459e-05 1.261905784215762785e-02
3.876379621931650036e+03 1.212676201648410154e-02 4.945491963583032856e-05 1.207730709684827312e-02
3.880451449265611700e+03 1.160188721901696772e-02 4.731025061979676549e-05 1.155457696839717018e-02
3.884523276599573819e+03 1.109585162859800730e-02 4.523992643375379999e-05 1.105061170216425741e-02
3.888595103933535484e+03 1.060838200093469283e-02 4.324305560848128594e-05 1.056513894532621657e-02
3.892666931267497603e+03 1.013918935971370311e-02 4.131867961017169358e-05 1.009787068010352742e-02
3.896738758601459267e+03 9.687969939992779195e-03 3.946577617263162183e-05 9.648504163820145405e-03
3.900810585935420931e+03 9.254406136229072904e-03 3.768326266286106403e-05 9.216722873566210797e-03
3.904882413269383051e+03 8.838167452741300251e-03 3.596999947270782406e-05 8.802197453268588781e-03
3.908954240603344715e+03 8.438911454443035615e-03 3.432479342936195770e-05 8.404586661013672966e-03
3.913026067937306834e+03 8.056284715729260942e-03 3.274640121759316708e-05 8.023538314511661704e-03
3.917097895271267589e+03 7.689923765447663137e-03 3.123353280677842396e-05 7.658690232640885838e-03
3.921169722605230163e+03 7.339456025940818348e-03 2.978485487590424235e-05 7.309671171064913327e-03
3.925241549939192282e+03 7.004500744203582749e-03 2.839899422990539992e-05 6.976101749973676221e-03
3.929313377273153492e+03 6.684669913262985055e-03 2.707454120084284361e-05 6.657595372062144641e-03
3.933385204607116066e+03 6.379569181954186825e-03 2.581005302764337105e-05 6.353759128926545277e-03
3.937457031941076821e+03 6.088798751336413524e-03 2.460405720826827760e-05 6.064194694128144034e-03
3.941528859275038940e+03 5.811954256065994182e-03 2.345505481841118485e-05 5.788499201247581868e-03
3.945600686609001514e+03 5.548627629120119267e-03 2.236152379101802033e-05 5.526266105329099773e-03
3.949672513942962723e+03 5.298407948344167721e-03 2.132192215112214335e-05 5.277086026193045405e-03
3.953744341276924388e+03 5.060882263376921888e-03 2.033469120071695129e-05 5.040547572176203375e-03
3.957816168610886052e+03 4.835636401592059014e-03 1.939825864861293017e-05 4.816238142943440534e-03
3.961887995944848171e+03 4.622255751779656349e-03 1.851104168045453470e-05 4.603744710099203288e-03
3.965959823278809836e+03 4.420326024379079947e-03 1.767144996428996679e-05 4.402654574414794145e-03
3.970031650612771955e+03 4.229433987162865664e-03 1.687788858734350151e-05 4.212556098575522857e-03
3.974103477946733619e+03 4.049168175361006657e-03 1.612876091987387527e-05 4.033039414441132869e-03
3.978175305280695284e+03 3.879119575305321928e-03 1.542247140223019090e-05 3.863697103903088962e-03
3.982247132614657403e+03 3.718882280764328196e-03 1.475742825148458547e-05 3.704124852512841182e-03
3.986318959948619067e+03 3.568054121229941641e-03 1.413204608425302765e-05 3.553922075145683670e-03
3.990390787282581186e+03 3.426237261508143644e-03 1.354474845255606368e-05 3.412692513055587320e-03
3.994462614616542851e+03 3.293038772056285958e-03 1.299397028984026063e-05 3.280044801766446392e-03
3.998534441950504515e+03 3.168071169599372908e-03 1.247816026451048567e-05 3.155593009334856612e-03
