# wavenumber(cm^-1)  total O H
4.071827333961817175e+00 7.477848772043152459e-02 2.286051560686485143e-02 5.191797211356666969e-02
8.143654667923634349e+00 7.959286288127748188e-02 2.447874540098112645e-02 5.511411748029634156e-02
1.221548200188545152e+01 8.726127228107231903e-02 2.706792074127652506e-02 6.019335153979579051e-02
1.628730933584726870e+01 9.727560910717050757e-02 3.047080177385032979e-02 6.680480733332018473e-02
2.035913666980908587e+01 1.089745716131710063e-01 3.447743418759476042e-02 7.449713742557624585e-02
2.443096400377090305e+01 1.215921712197073623e-01 3.883717150975962012e-02 8.275499970994773524e-02
2.850279133773272022e+01 1.343165585709383825e-01 4.327549107463519312e-02 9.104106749630318240e-02
3.257461867169453740e+01 1.463548709964272443e-01 4.751493266533867582e-02 9.883993833108854765e-02
3.664644600565635812e+01 1.569981502617353308e-01 5.129831926808211401e-02 1.056998309936532376e-01
4.071827333961817175e+01 1.656793518236071017e-01 5.441145864250207520e-02 1.112678931811050126e-01
4.479010067357999247e+01 1.720175039638459080e-01 5.670210167324987033e-02 1.153154022905960446e-01
4.886192800754180610e+01 1.758423663837793138e-01 5.809222200493727867e-02 1.177501443788420143e-01
5.293375534150362682e+01 1.771963548399339283e-01 5.858164719500606049e-02 1.186147076449279025e-01
5.700558267546544045e+01 1.763136272587009223e-01 5.824249213304411033e-02 1.180711351256568120e-01
6.107741000942726117e+01 1.735794816596290535e-01 5.720538659547141913e-02 1.163740950641576344e-01
6.514923734338907479e+01 1.694759906701938379e-01 5.563980690897916276e-02 1.138361837612147098e-01
6.922106467735089552e+01 1.645216025863611431e-01 5.373165516871105524e-02 1.107899474176500670e-01
7.329289201131271625e+01 1.592129923637485844e-01 5.166145222347801047e-02 1.075515401402705740e-01
7.736471934527452277e+01 1.539766991203245505e-01 4.958613890492737097e-02 1.043905602153971657e-01
8.143654667923634349e+01 1.491362033580707347e-01 4.762664146682966254e-02 1.015095618912411207e-01
8.550837401319816422e+01 1.448974052490907827e-01 4.586224286618852813e-02 9.903516238290226148e-02
8.958020134715998495e+01 1.413524039658377307e-01 4.433161960408354280e-02 9.702078436175419485e-02
9.365202868112179146e+01 1.384985446079535498e-01 4.303934761329070158e-02 9.545919699466284825e-02
9.772385601508361219e+01 1.362673918749403579e-01 4.196590983619911258e-02 9.430148203874127999e-02
1.017956833490454329e+02 1.345570337184444354e-01 4.107886650617696700e-02 9.347816721226749614e-02
1.058675106830072536e+02 1.332611775157880041e-01 4.034293109539745237e-02 9.291824642039056559e-02
1.099393380169690602e+02 1.322898909012328317e-01 3.972720949410316754e-02 9.256268140712967107e-02
1.140111653509308809e+02 1.315792750508104625e-01 3.920870038600877266e-02 9.237057466480171064e-02
1.180829926848927016e+02 1.310902784830604018e-01 3.877213478302750371e-02 9.231814370003291192e-02
1.221548200188545223e+02 1.307995388541427495e-01 3.840711934853484333e-02 9.239241950560786454e-02
1.262266473528163289e+02 1.306868783869154227e-01 3.810411876216105581e-02 9.258275962475437382e-02
1.302984746867781496e+02 1.307244130474696786e-01 3.785092095239726839e-02 9.287349209507241021e-02
1.343703020207399561e+02 1.308711048311105574e-01 3.763085848144265277e-02 9.324024634966790459e-02
1.384421293547017910e+02 1.310743750183849810e-01 3.742333654721941016e-02 9.365103847116555691e-02
1.425139566886635976e+02 1.312778301888306576e-01 3.720637998294411275e-02 9.407145020588654483e-02
1.465857840226254325e+02 1.314320694269354717e-01 3.696023023188174661e-02 9.447183919505372507e-02
1.506576113565872390e+02 1.315046071559557161e-01 3.667071361993987783e-02 9.483389353601587302e-02
1.547294386905490455e+02 1.314854260172214906e-01 3.633124796005073043e-02 9.515417805717074629e-02
1.588012660245108805e+02 1.313863388332772997e-01 3.594287961034260681e-02 9.544345922293470674e-02
1.628730933584726870e+02 1.312345514574574101e-01 3.551244227823129734e-02 9.572210917922611972e-02
1.669449206924344935e+02 1.310627722608087853e-01 3.504954547632274653e-02 9.601322678448602488e-02
1.710167480263963284e+02 1.308992298140700394e-01 3.456342229435926949e-02 9.633580751971078382e-02
1.750885753603581350e+02 1.307607316391680707e-01 3.406060134310320842e-02 9.670013029606489008e-02
1.791604026943199699e+02 1.306505887516158926e-01 3.354397281843934236e-02 9.710661593317655715e-02
1.832322300282817764e+02 1.305613951688434915e-01 3.301326785912479106e-02 9.754812730971865187e-02
1.873040573622435829e+02 1.304809982012829772e-01 3.246648144244733414e-02 9.801451675883567083e-02
1.913758846962054179e+02 1.303991115271130874e-01 3.190151638449485738e-02 9.849759514261821614e-02
1.954477120301672244e+02 1.303121569469379570e-01 3.131737662352011842e-02 9.899478032341783862e-02
1.995195393641290309e+02 1.302249110241591457e-01 3.071453461806580160e-02 9.951037640609332324e-02
2.035913666980908658e+02 1.301489059050280617e-01 3.009449297249578922e-02 1.000544129325322967e-01
2.076631940320526724e+02 1.300987188523351767e-01 2.945888453641569774e-02 1.006398343159195241e-01
2.117350213660145073e+02 1.300878524207290110e-01 2.880858725904664880e-02 1.012792651616823969e-01
2.158068486999763138e+02 1.301257271179258601e-01 2.814324263596474848e-02 1.019824844819611220e-01
2.198786760339381203e+02 1.302165720237631885e-01 2.746132745711345538e-02 1.027552445666496811e-01
2.239505033678999553e+02 1.303601013272674691e-01 2.676066190749184365e-02 1.035994394197756324e-01
2.280223307018617618e+02 1.305532122635900405e-01 2.603906402876117118e-02 1.045141482348288936e-01
2.320941580358235683e+02 1.307917711374926573e-01 2.529484661944362417e-02 1.054969245180490400e-01
2.361659853697854032e+02 1.310718539265395832e-01 2.452698421853074379e-02 1.065448697080088741e-01
2.402378127037472098e+02 1.313903448815837149e-01 2.373497588461356486e-02 1.076553689969701466e-01
2.443096400377090447e+02 1.317452565000719056e-01 2.291859162649168349e-02 1.088266648735802394e-01
2.483814673716708512e+02 1.321362811285955452e-01 2.207773997560960252e-02 1.100585411529859253e-01
2.524532947056326577e+02 1.325658696969430894e-01 2.121261434833470599e-02 1.113532553486083765e-01
2.565251220395944642e+02 1.330407052242051913e-01 2.032411314617290493e-02 1.127165920780322655e-01
2.605969493735562992e+02 1.335730543033524786e-01 1.941436741606050037e-02 1.141586868872919852e-01
2.646687767075181341e+02 1.341813645672262911e-01 1.848713067016170483e-02 1.156942338970645967e-01
2.687406040414799122e+02 1.348897078154696616e-01 1.754782651404190527e-02 1.173418813014277529e-01
2.728124313754417472e+02 1.357261382670085781e-01 1.660319091287734694e-02 1.191229473541312728e-01
2.768842587094035821e+02 1.367205059356214059e-01 1.566061995719793265e-02 1.210598859784234732e-01
2.809560860433653602e+02 1.379024932779702728e-01 1.472745924904355144e-02 1.231750340289267109e-01
2.850279133773271951e+02 1.393005051830756846e-01 1.381048979090641893e-02 1.254900153921692518e-01
2.890997407112890301e+02 1.409415978683620230e-01 1.291576965391046453e-02 1.280258282144515758e-01
2.931715680452508650e+02 1.428520965353036465e-01 1.204882505461001528e-02 1.308032714806936503e-01
2.972433953792126431e+02 1.450581888259960539e-01 1.121502391373100337e-02 1.338431649122650557e-01
3.013152227131744780e+02 1.475857726493851607e-01 1.041988093674621647e-02 1.371658917126389321e-01
3.053870500471363130e+02 1.504591904772608346e-01 9.669071873933537953e-03 1.407901186033273522e-01
3.094588773810980911e+02 1.536990264081272983e-01 8.968061965821033654e-03 1.447309644423062092e-01
3.135307047150599260e+02 1.573196104354286085e-01 8.321423542797100337e-03 1.489981868926315012e-01
3.176025320490217609e+02 1.613270358554227124e-01 7.732057888821057198e-03 1.535949779666017090e-01
3.216743593829835390e+02 1.657182709218637251e-01 7.200589660803308201e-03 1.585176812610604447e-01
3.257461867169453740e+02 1.704814470885734345e-01 6.725149830859036663e-03 1.637562972577143727e-01
3.298180140509072089e+02 1.755968845753735352e-01 6.301630763167608007e-03 1.692952538122059480e-01
3.338898413848689870e+02 1.810381386330910947e-01 5.924340605528269181e-03 1.751137980275628281e-01
3.379616687188308219e+02 1.867724670626607630e-01 5.586864796021807911e-03 1.811856022666389343e-01
3.420334960527926569e+02 1.927605866668875567e-01 5.282901121558554458e-03 1.874776855453289537e-01
3.461053233867544918e+02 1.989561793299326475e-01 5.006877618732840859e-03 1.939493017111997841e-01
3.501771507207162699e+02 2.053060268612104944e-01 4.754262434505619403e-03 2.005517644267048871e-01
3.542489780546781049e+02 2.117516633422305838e-01 4.521585935855557820e-03 2.072300774063750572e-01
3.583208053886399398e+02 2.182329813010176756e-01 4.306274776734420398e-03 2.139267065242832222e-01
3.623926327226017179e+02 2.246934740481587034e-01 4.106421927355203769e-03 2.205870521208034840e-01
3.664644600565635528e+02 2.310860490362176556e-01 3.920588776905875594e-03 2.271654602593117800e-01
3.705362873905253878e+02 2.373779272788587580e-01 3.747679054972412327e-03 2.336302482238862832e-01
3.746081147244871659e+02 2.435532440938885101e-01 3.586870378019860889e-03 2.399663737158686805e-01
3.786799420584490008e+02 2.496125658341741271e-01 3.437561155594814812e-03 2.461750046785793344e-01
3.827517693924108357e+02 2.555694116666438198e-01 3.299295307243511281e-03 2.522701163594003870e-01
3.868235967263726138e+02 2.614446897055592300e-01 3.171654909121076477e-03 2.582730347964381501e-01
3.908954240603344488e+02 2.672604295251717055e-01 3.054142337585102375e-03 2.642062871875865970e-01
3.949672513942962837e+02 2.730341803188155447e-01 2.946090791563601291e-03 2.700880895272519955e-01
3.990390787282580618e+02 2.787750101225997534e-01 2.846637023693858893e-03 2.759283730989059436e-01
4.031109060622198967e+02 2.844814105388332459e-01 2.754766780739372097e-03 2.817266437580939198e-01
4.071827333961817317e+02 2.901408582303248163e-01 2.669414668995818540e-03 2.874714435613290320e-01
4.112545607301435666e+02 2.957305125240060062e-01 2.589580194334971039e-03 2.931409323296710889e-01
4.153263880641053447e+02 3.012185880953895389e-01 2.514419263435517700e-03 2.987041688319539978e-01
4.193982153980671796e+02 3.065662228560988578e-01 2.443285071687038585e-03 3.041229377844118509e-01
4.234700427320290146e+02 3.117299583570367072e-01 2.375715803542846009e-03 3.093542425534938078e-01
4.275418700659907927e+02 3.166650656778559059e-01 2.311387629996503133e-03 3.143536780478594639e-01
4.316136973999526276e+02 3.213297875684459348e-01 2.250061328525895972e-03 3.190797262399199807e-01
4.356855247339144626e+02 3.256901753775892083e-01 2.191546882723054753e-03 3.234986284948661028e-01
4.397573520678762407e+02 3.297247461473173380e-01 2.135696525858565321e-03 3.275890496214587944e-01
4.438291794018380756e+02 3.334278867422689197e-01 2.082420509819422980e-03 3.313454662324494815e-01
4.479010067357999105e+02 3.368109578733681220e-01 2.031708793642571925e-03 3.347792490797255605e-01
4.519728340697616886e+02 3.399004542577510612e-01 1.983639782638654554e-03 3.379168144751124037e-01
4.560446614037235236e+02 3.427332697717345722e-01 1.938363619510606248e-03 3.407949061522240197e-01
4.601164887376853585e+02 3.453498975283126882e-01 1.896058398670661966e-03 3.434538391296418913e-01
4.641883160716471366e+02 3.477870178203189555e-01 1.856868172908542319e-03 3.459301496474104232e-01
4.682601434056089715e+02 3.500711797908859779e-01 1.820838171030107148e-03 3.482503416198557966e-01
4.723319707395708065e+02 3.522150562690357090e-01 1.787863997902403284e-03 3.504271922711333365e-01
4.764037980735326414e+02 3.542170770461033902e-01 1.757668482170597277e-03 3.524594085639328744e-01
4.804756254074944195e+02 3.560642958582179718e-01 1.729813873334986761e-03 3.543344819848829874e-01
4.845474527414562544e+02 3.577373934618125473e-01 1.703749721556417542e-03 3.560336437402561449e-01
4.886192800754180894e+02 3.592160665266471153e-01 1.678889002270737233e-03 3.575371775243763595e-01
4.926911074093798675e+02 3.604829433769610736e-01 1.654697819039987420e-03 3.588282455579210883e-01
4.967629347433417024e+02 3.615247000881028350e-01 1.630778769611466398e-03 3.598939213184914054e-01
5.008347620773035374e+02 3.623301166644338767e-01 1.606926768109427032e-03 3.607231898963244587e-01
5.049065894112653154e+02 3.628860993065300411e-01 1.583140548987569188e-03 3.613029587575425361e-01
5.089784167452271504e+02 3.631737527286584832e-01 1.559583564376960333e-03 3.616141691642815736e-01
5.130502440791889285e+02 3.631669714335491461e-01 1.536502456696866225e-03 3.616304689768522485e-01
5.171220714131508203e+02 3.628354592917243382e-01 1.514125353476995350e-03 3.613213339382473910e-01
5.211938987471125984e+02 3.621526249116590046e-01 1.492570566301408466e-03 3.606600543453575836e-01
5.252657260810743765e+02 3.611068389989031679e-01 1.471794854763177132e-03 3.596350441441400481e-01
5.293375534150362682e+02 3.597127548362469840e-01 1.451598574709303925e-03 3.582611562615377054e-01
5.334093807489980463e+02 3.580185166601772551e-01 1.431686267779997985e-03 3.565868303923973026e-01
5.374812080829598244e+02 3.561052218407050329e-01 1.411762204784954402e-03 3.546934596359201941e-01
5.415530354169217162e+02 3.540770055348899659e-01 1.391628283960893216e-03 3.526853772509291329e-01
5.456248627508834943e+02 3.520430662157468804e-01 1.371251276166360594e-03 3.506718149395804951e-01
5.496966900848452724e+02 3.500958898824869658e-01 1.350777914581808344e-03 3.487451119679051414e-01
5.537685174188071642e+02 3.482917713399851789e-01 1.330495207506849709e-03 3.469612761324783468e-01
5.578403447527689423e+02 3.466396601258459609e-01 1.310752189573552700e-03 3.453289079362723557e-01
5.619121720867307204e+02 3.451021891548649578e-01 1.291870943288856181e-03 3.438103182115760381e-01
5.659839994206926121e+02 3.436090563288579647e-01 1.274075173093542485e-03 3.423349811557644395e-01
5.700558267546543902e+02 3.420789258073327899e-01 1.257454700859336142e-03 3.408214711064735392e-01
5.741276540886162820e+02 3.404431165218853028e-01 1.241968936676259320e-03 3.392011475852090285e-01
5.781994814225780601e+02 3.386636627545718814e-01 1.227478412292420636e-03 3.374361843422793994e-01
5.822713087565398382e+02 3.367402215075652183e-01 1.213786361831146760e-03 3.355264351457340477e-01
5.863431360905017300e+02 3.347041800890520058e-01 1.200674079295008375e-03 3.335035060097569781e-01
5.904149634244635081e+02 3.326028304049398754e-01 1.187922250208795416e-03 3.314149081547310693e-01
5.944867907584252862e+02 3.304799776966994007e-01 1.175320715692027441e-03 3.293046569810073043e-01
5.985586180923871780e+02 3.283605189609645203e-01 1.162675926983671414e-03 3.271978430339808619e-01
6.026304454263489561e+02 3.262448796542803953e-01 1.149825565504483237e-03 3.250950540887758700e-01
6.067022727603107342e+02 3.241153089474839710e-01 1.136663763078304317e-03 3.229786451844056105e-01
6.107741000942726259e+02 3.219513399900864603e-01 1.123171470975364893e-03 3.208281685191110566e-01
6.148459274282344040e+02 3.197479945493091891e-01 1.109439527888070754e-03 3.186385550214211326e-01
6.189177547621961821e+02 3.175289892653193058e-01 1.095670638792448168e-03 3.164333186265269049e-01
6.229895820961580739e+02 3.153488336952498527e-01 1.082151884464292984e-03 3.142666818107855420e-01
6.270614094301198520e+02 3.132817383791390853e-01 1.069199506197066312e-03 3.122125388729420359e-01
6.311332367640816301e+02 3.114002046962091041e-01 1.057088393048832495e-03 3.103431163031603046e-01
6.352050640980435219e+02 3.097502160078043909e-01 1.045985521503508707e-03 3.087042304863009123e-01
6.392768914320053000e+02 3.083315847645541341e-01 1.035906762172144474e-03 3.072956780023819445e-01
6.433487187659670781e+02 3.070906120289415564e-01 1.026709878158630447e-03 3.060639021507829405e-01
6.474205460999289699e+02 3.059282728448609601e-01 1.018125687066866007e-03 3.049101471577941314e-01
6.514923734338907479e+02 3.047220566795361130e-01 1.009818175902590671e-03 3.037122385036334360e-01
6.555642007678525260e+02 3.033551543023945696e-01 1.001456608770562784e-03 3.023536976936240239e-01
6.596360281018144178e+02 3.017444032415442789e-01 9.927805762045961539e-04 3.007516226653396130e-01
6.637078554357761959e+02 2.998589847345030646e-01 9.836425722708414584e-04 2.988753421622322159e-01
6.677796827697379740e+02 2.977249802216839769e-01 9.740202376315020699e-04 2.967509599840524315e-01
6.718515101036998658e+02 2.954153626776947483e-01 9.639990909504038896e-04 2.944513635867443413e-01
6.759233374376616439e+02 2.930292524380584407e-01 9.537337346591618584e-04 2.920755187033993172e-01
6.799951647716234220e+02 2.906669438726670607e-01 9.433994771161161854e-04 2.897235443955509249e-01
6.840669921055853138e+02 2.884076107811844314e-01 9.331466593159868294e-04 2.874744641218683894e-01
6.881388194395470919e+02 2.862948786535969292e-01 9.230673998445826454e-04 2.853718112537523277e-01
6.922106467735089836e+02 2.843324699393419697e-01 9.131802543263893568e-04 2.834192896850155630e-01
6.962824741074707617e+02 2.824890546465904095e-01 9.034337474350881414e-04 2.815856208991552867e-01
7.003543014414325398e+02 2.807092868765079796e-01 8.937258676960824644e-04 2.798155610088118861e-01
7.044261287753944316e+02 2.789272817914469349e-01 8.839339474961894127e-04 2.780433478439507944e-01
7.084979561093562097e+02 2.770793682327327700e-01 8.739480208305623610e-04 2.762054202119022528e-01
7.125697834433179878e+02 2.751142491381703969e-01 8.637006647018137875e-04 2.742505484734686361e-01
7.166416107772798796e+02 2.729999773247996364e-01 8.531873034118066810e-04 2.721467900213878077e-01
7.207134381112416577e+02 2.707278689551021467e-01 8.424727889001506435e-04 2.698853961662021073e-01
7.247852654452034358e+02 2.683135068709608939e-01 8.316825498171776096e-04 2.674818243211437019e-01
7.288570927791653276e+02 2.657946239513851450e-01 8.209794574837471753e-04 2.649736444939014279e-01
7.329289201131271057e+02 2.632254149205738858e-01 8.105304249396933034e-04 2.624148844956342153e-01
7.370007474470888837e+02 2.606671384397975522e-01 8.004691707539310103e-04 2.598666692690436708e-01
7.410725747810507755e+02 2.581758447200234174e-01 7.908630163496516065e-04 2.573849817036737431e-01
7.451444021150125536e+02 2.557893832629817288e-01 7.816915561782553003e-04 2.550076917068034854e-01
7.492162294489743317e+02 2.535168972644216145e-01 7.728432425875825630e-04 2.527440540218340304e-01
7.532880567829362235e+02 2.513341610949607063e-01 7.641324149866939291e-04 2.505700286799740217e-01
7.573598841168980016e+02 2.491870234805957374e-01 7.553346111761201050e-04 2.484316888694196312e-01
7.614317114508597797e+02 2.470030402027807992e-01 7.462331517489466425e-04 2.462568070510318674e-01
7.655035387848216715e+02 2.447087749359613262e-01 7.366663234365739346e-04 2.439721086125247740e-01
7.695753661187834496e+02 2.422481517269873541e-01 7.265632914258959504e-04 2.415215884355614295e-01
7.736471934527452277e+02 2.395965096785080684e-01 7.159589172810589897e-04 2.388805507612269952e-01
7.777190207867071194e+02 2.367660501899570558e-01 7.049828073088578329e-04 2.360610673826482042e-01
7.817908481206688975e+02 2.338009467674885822e-01 6.938249635563574274e-04 2.331071218039322268e-01
7.858626754546306756e+02 2.307636759450272801e-01 6.826873238594823815e-04 2.300809886211678257e-01
7.899345027885925674e+02 2.277169825747619725e-01 6.717349955746112523e-04 2.270452475791873703e-01
7.940063301225543455e+02 2.247072821328637837e-01 6.610614072025710383e-04 2.240462207256612159e-01
7.980781574565161236e+02 2.217547024156888147e-01 6.506774728474936948e-04 2.211040249428413706e-01
8.021499847904780154e+02 2.188525719583872819e-01 6.405272879133137431e-04 2.182120446704740035e-01
8.062218121244397935e+02 2.159758273370286363e-01 6.305242425375428205e-04 2.153453030944910973e-01
8.102936394584015716e+02 2.130947380616333431e-01 6.205946582692451309e-04 2.124741434033641241e-01
8.143654667923634634e+02 2.101886376805133239e-01 6.107135159736918652e-04 2.095779241645396862e-01
8.184372941263252415e+02 2.072545942250974549e-01 6.009195327916160533e-04 2.066536746923058332e-01
8.225091214602871332e+02 2.043080177936247854e-01 5.913039313451180518e-04 2.037167138622796858e-01
8.265809487942490250e+02 2.013752888570565225e-01 5.819763339585438695e-04 2.007933125230980109e-01
8.306527761282106894e+02 1.984814446975614044e-01 5.730191954527145840e-04 1.979084255021087146e-01
8.347246034621726949e+02 1.956377130884719429e-01 5.644463331705160472e-04 1.950732667553014554e-01
8.387964307961343593e+02 1.928336382345426370e-01 5.561800421774942219e-04 1.922774581923651360e-01
8.428682581300961374e+02 1.900367886081750224e-01 5.480554215297024027e-04 1.894887331866453306e-01
8.469400854640580292e+02 1.872002721080023302e-01 5.398519130817476270e-04 1.866604201949206010e-01
8.510119127980199210e+02 1.842755431546383993e-01 5.313435425163210227e-04 1.837441996121220722e-01
8.550837401319815854e+02 1.812262350202888395e-01 5.223536609680345683e-04 1.807038813593207782e-01
8.591555674659433635e+02 1.780385412712193194e-01 5.127987662652802505e-04 1.775257425049540649e-01
8.632273947999052552e+02 1.747249708019877334e-01 5.027093689952955285e-04 1.742222614329924368e-01
8.672992221338670333e+02 1.713205539408526046e-01 4.922225629642208722e-04 1.708283313778883872e-01
8.713710494678289251e+02 1.678729467413234144e-01 4.815487807770105276e-04 1.673913979605463898e-01
8.754428768017908169e+02 1.644295792268825607e-01 4.709218638705014591e-04 1.639586573630121002e-01
8.795147041357524813e+02 1.610255550599888896e-01 4.605453365084216893e-04 1.605650097234804785e-01
8.835865314697144868e+02 1.576754127691838703e-01 4.505479315072575403e-04 1.572248648376766145e-01
8.876583588036761512e+02 1.543704661191782346e-01 4.409583130343293356e-04 1.539295078061439226e-01
8.917301861376379293e+02 1.510818108952280414e-01 4.317037142305190441e-04 1.506501071809975278e-01
8.958020134715998211e+02 1.477677358471038982e-01 4.226313553298569276e-04 1.473451044917740427e-01
8.998738408055617128e+02 1.443835120275805683e-01 4.135464619372701068e-04 1.439699655656432875e-01
9.039456681395233772e+02 1.408913934719139838e-01 4.042575027655509684e-04 1.404871359691484412e-01
9.080174954734851553e+02 1.372689748158367473e-01 3.946184036118413857e-04 1.368743564122249234e-01
9.120893228074470471e+02 1.335145788709219405e-01 3.845589095091842338e-04 1.331300199614127433e-01
9.161611501414088252e+02 1.296489074510901174e-01 3.740974469989187751e-04 1.292748100040912451e-01
9.202329774753707170e+02 1.257127190566893482e-01 3.633349728300140158e-04 1.253493840838593720e-01
9.243048048093326088e+02 1.217608294120377244e-01 3.524324518416090124e-04 1.214083969601961466e-01
9.283766321432942732e+02 1.178533087326585349e-01 3.415779088613389710e-04 1.175117308237972197e-01
9.324484594772562787e+02 1.140453413087818973e-01 3.309507903746084206e-04 1.137143905184073295e-01
9.365202868112179431e+02 1.103776774260097071e-01 3.206913430893762007e-04 1.100569860829203606e-01
9.405921141451797212e+02 1.068697371652753692e-01 3.108809734686083267e-04 1.065588561918067584e-01
9.446639414791416129e+02 1.035170487432214015e-01 3.015365901206483457e-04 1.032155121531007635e-01
9.487357688131035047e+02 1.002937963076984129e-01 2.926185165141741195e-04 1.000011777911842537e-01
9.528075961470652828e+02 9.715999514564366280e-02 2.840485412397559910e-04 9.687594660440390637e-02
9.568794234810269472e+02 9.407156278290335072e-02 2.757327558130783516e-04 9.379583002709027117e-02
9.609512508149888390e+02 9.099072613122624609e-02 2.675834060570250294e-04 9.072314272516920908e-02
9.650230781489506171e+02 8.789410852361068116e-02 2.595350323173940691e-04 8.763457349129326335e-02
9.690949054829125089e+02 8.477655053297135368e-02 2.515522897482828685e-04 8.452499824322308453e-02
9.731667328168744007e+02 8.165002538306787017e-02 2.436293607180839373e-04 8.140639602234978067e-02
9.772385601508361788e+02 7.853848430020529681e-02 2.357830762881505358e-04 7.830270122391713716e-02
9.813103874847980705e+02 7.547061416219089103e-02 2.280431769604091745e-04 7.524257098523048914e-02
9.853822148187597350e+02 7.247293146811165099e-02 2.204432864825627057e-04 7.225248818162910425e-02
9.894540421527215130e+02 6.956525206556476992e-02 2.130152269330406567e-04 6.935223683863171729e-02
9.935258694866834048e+02 6.675954166990183403e-02 2.057876629834089492e-04 6.655375400691840304e-02
9.975976968206452966e+02 6.406186842825914440e-02 1.987883030770981488e-04 6.386308012518207566e-02
1.001669524154607075e+03 6.147611409580250319e-02 1.920475793862834023e-04 6.128406651641622738e-02
1.005741351488568739e+03 5.900761591102010595e-02 1.856012747023133059e-04 5.882201463631780980e-02
1.009813178822530631e+03 5.666513426252045571e-02 1.794900672021279000e-04 5.648564419531833941e-02
1.013885006156492409e+03 5.446033364298279167e-02 1.737552103531177022e-04 5.428657843262968408e-02
1.017956833490454301e+03 5.240499246232029756e-02 1.684311023355521152e-04 5.223656135998474420e-02
1.022028660824416193e+03 5.050702929603127778e-02 1.635367891493734395e-04 5.034349250688191502e-02
1.026100488158377857e+03 4.876684750694596643e-02 1.590690455096215614e-04 4.860777846143634479e-02
1.030172315492339749e+03 4.717534739965475316e-02 1.549993876576347368e-04 4.702034801199710123e-02
1.034244142826301641e+03 4.571433907173664407e-02 1.512762969817797916e-04 4.556306277475487276e-02
1.038315970160263305e+03 4.435926785540147271e-02 1.478324384690726041e-04 4.421143541693241252e-02
1.042387797494225197e+03 4.308344011133336676e-02 1.445952368614699117e-04 4.293884487447190146e-02
1.046459624828187088e+03 4.186254380090490695e-02 1.414982737770569530e-04 4.172104552712783965e-02
1.050531452162148753e+03 4.067828627920891393e-02 1.384908435382538523e-04 4.053979543567066968e-02
1.054603279496110645e+03 3.952035581590125635e-02 1.355436386666855229e-04 3.938481217723457245e-02
1.058675106830072536e+03 3.838647764310468974e-02 1.326496713964195903e-04 3.825382797170828741e-02
1.062746934164034201e+03 3.728087198815080439e-02 1.298207868806531390e-04 3.715105120127017158e-02
1.066818761497996093e+03 3.621176834239737963e-02 1.270811120853525267e-04 3.608468723031203751e-02
1.070890588831957984e+03 3.518871881862705581e-02 1.244592731824959613e-04 3.506425954544457879e-02
1.074962416165919649e+03 3.422031527699285341e-02 1.219811593473488161e-04 3.409833411764551236e-02
1.079034243499881541e+03 3.331264967875100652e-02 1.196645417442306097e-04 3.319298513700678910e-02
1.083106070833843432e+03 3.246858263820862067e-02 1.175161972287699279e-04 3.235106644097986150e-02
1.087177898167805097e+03 3.168769060889679856e-02 1.155315581800940805e-04 3.157215905071672490e-02
1.091249725501766989e+03 3.096668231372126656e-02 1.136964573794432425e-04 3.085298585634183022e-02
1.095321552835728880e+03 3.030009092712344573e-02 1.119903016248423343e-04 3.018810062549861367e-02
1.099393380169690545e+03 2.968110922032736118e-02 1.103899502112720146e-04 2.957071927011611229e-02
1.103465207503652437e+03 2.910248752251822640e-02 1.088736217293025891e-04 2.899361390078893791e-02
1.107537034837614328e+03 2.855742847970799136e-02 1.074242449729350107e-04 2.845000423473507262e-02
1.111608862171575993e+03 2.804038980654215488e-02 1.060317830704993961e-04 2.793435802347166153e-02
1.115680689505537885e+03 2.754767354220767281e-02 1.046942007922925261e-04 2.744297934141540218e-02
1.119752516839499776e+03 2.707767269158127196e-02 1.034169274044467225e-04 2.697425576417684587e-02
1.123824344173461441e+03 2.663068719272530110e-02 1.022108898000224399e-04 2.652847630292529124e-02
1.127896171507423333e+03 2.620831080003879071e-02 1.010894261762855398e-04 2.610722137386252764e-02
1.131967998841385224e+03 2.581250399439874443e-02 1.000645950405169642e-04 2.571243939935823411e-02
1.136039826175347116e+03 2.544456623657414054e-02 9.914352386195671228e-05 2.534542271271220115e-02
1.140111653509308780e+03 2.510426628565456952e-02 9.832546848434581765e-05 2.500594081717025241e-02
1.144183480843270672e+03 2.478936140164266291e-02 9.760017268993902303e-05 2.469176122895274522e-02
1.148255308177232564e+03 2.449563978098392644e-02 9.694793846548942055e-05 2.439869184251846485e-02
1.152327135511194228e+03 2.421748389682832833e-02 9.634156149406702615e-05 2.412114233533427937e-02
1.156398962845156120e+03 2.394881708738258799e-02 9.574997742347950928e-05 2.385306710995912377e-02
1.160470790179118012e+03 2.368420167733955792e-02 9.514313492452110711e-05 2.358905854241504646e-02
1.164542617513079676e+03 2.341982897772103625e-02 9.449730979831520218e-05 2.332533166792273571e-02
1.168614444847041568e+03 2.315418229563360672e-02 9.379986721451919081e-05 2.306038242841911001e-02
1.172686272181003460e+03 2.288824523130437646e-02 9.305244068226483875e-05 2.279519279062212217e-02
1.176758099514965124e+03 2.262523820285257045e-02 9.227168253022938107e-05 2.253296652032235267e-02
1.180829926848927016e+03 2.236996483644552655e-02 9.148715849230443155e-05 2.227847767795324702e-02
1.184901754182888908e+03 2.212791479573201353e-02 9.073654572994958617e-05 2.203717825000208255e-02
1.188973581516850572e+03 2.190429373766823729e-02 9.005891993336118790e-05 2.181423481773489895e-02
1.193045408850812464e+03 2.170314057915298869e-02 8.948741841143526541e-05 2.161365316074156592e-02
1.197117236184774356e+03 2.152666029755468530e-02 8.904279319543091935e-05 2.143761750435927912e-02
1.201189063518736020e+03 2.137485959117906356e-02 8.872923897536904507e-05 2.128613035220372138e-02
1.205260890852697912e+03 2.124552969062533381e-02 8.853341135498300925e-05 2.115699627927037502e-02
1.209332718186659804e+03 2.113457607022258683e-02 8.842685441972958534e-05 2.104614921580287568e-02
1.213404545520621468e+03 2.103664703234276595e-02 8.837130859882003932e-05 2.094827572374395597e-02
1.217476372854583360e+03 2.094596343987241774e-02 8.832575535347587231e-05 2.085763768451896066e-02
1.221548200188545252e+03 2.085720811541989794e-02 8.825371640289308701e-05 2.076895439901701307e-02
1.225620027522506916e+03 2.076630914852550455e-02 8.812932673247193881e-05 2.067817982179304820e-02
1.229691854856468808e+03 2.067096038825119719e-02 8.794102192558029239e-05 2.058301936632563403e-02
1.233763682190430700e+03 2.057077138882308295e-02 8.769223114460320001e-05 2.048307915767847917e-02
1.237835509524392364e+03 2.046702169349002426e-02 8.739911656408755965e-05 2.037962257692594800e-02
1.241907336858354256e+03 2.036209058625417651e-02 8.708600838033418636e-05 2.027500457787383831e-02
1.245979164192316148e+03 2.025871514861803807e-02 8.677962922779270370e-05 2.017193551939026538e-02
1.250050991526277812e+03 2.015927023476537377e-02 8.650339729082577513e-05 2.007276683747456769e-02
1.254122818860239704e+03 2.006524951122152373e-02 8.627300831764463367e-05 1.997897650290389807e-02
1.258194646194201596e+03 1.997706095529666603e-02 8.609414611842998379e-05 1.989096680917825516e-02
1.262266473528163260e+03 1.989415459248594642e-02 8.596264008229016426e-05 1.980819195240365177e-02
1.266338300862125152e+03 1.981540596723805822e-02 8.586680339931324318e-05 1.972953916383874545e-02
1.270410128196087044e+03 1.973961536770913600e-02 8.579119183827157882e-05 1.965382417587087718e-02
1.274481955530048708e+03 1.966596739956447126e-02 8.572074496804741391e-05 1.958024665459644556e-02
1.278553782864010600e+03 1.959432774385381354e-02 8.564427648302924256e-05 1.950868346737078679e-02
1.282625610197972492e+03 1.952531754123299976e-02 8.555655326067202273e-05 1.943976098797235014e-02
1.286697437531934156e+03 1.946017622400574368e-02 8.545865069291775425e-05 1.937471757331283434e-02
1.290769264865896048e+03 1.940047784504667777e-02 8.535675336597821719e-05 1.931512109168069882e-02
1.294841092199857940e+03 1.934779082976057635e-02 8.525994428208597334e-05 1.926253088547850642e-02
1.298912919533819604e+03 1.930336620760717686e-02 8.517769912679785060e-05 1.921818850848039037e-02
1.302984746867781496e+03 1.926791465352375651e-02 8.511775605716334636e-05 1.918279689746658564e-02
1.307056574201743388e+03 1.924150201228509369e-02 8.508481917281259118e-05 1.915641719311229202e-02
1.311128401535705052e+03 1.922356762545190251e-02 8.508026945546059440e-05 1.913848735599645023e-02
1.315200228869666944e+03 1.921305412795796391e-02 8.510279389402041470e-05 1.912795133406395079e-02
1.319272056203628836e+03 1.920862891368353351e-02 8.514966055489141879e-05 1.912347925312864877e-02
1.323343883537590500e+03 1.920897019178483683e-02 8.521827762618195475e-05 1.912375191415866330e-02
1.327415710871552392e+03 1.921307980231391072e-02 8.530765859171869224e-05 1.912777214372219856e-02
1.331487538205514284e+03 1.922057101763750137e-02 8.541944815807455110e-05 1.913515156947944232e-02
1.335559365539475948e+03 1.923186833044072605e-02 8.555823467649246853e-05 1.914631009576426082e-02
1.339631192873437840e+03 1.924825668221520972e-02 8.573099448247590941e-05 1.916252568773274545e-02
1.343703020207399732e+03 1.927173717110786111e-02 8.594569465708058742e-05 1.918579147645077532e-02
1.347774847541361396e+03 1.930468643175300286e-02 8.620931275287989641e-05 1.921847711900014771e-02
1.351846674875323288e+03 1.934937058561277817e-02 8.652576370917686090e-05 1.926284482190362274e-02
1.355918502209285180e+03 1.940741726444801529e-02 8.689436941396392190e-05 1.932052289503407433e-02
1.359990329543246844e+03 1.947938247280802532e-02 8.730947676593261476e-05 1.939207299604210274e-02
1.364062156877208736e+03 1.956454727599129043e-02 8.776158111957143800e-05 1.947678569487172953e-02
1.368133984211170628e+03 1.966103556372265915e-02 8.823987990033593559e-05 1.957279568382232909e-02
1.372205811545132292e+03 1.976626452790122140e-02 8.873568870921170007e-05 1.967752883919201071e-02
1.376277638879094184e+03 1.987764345113597966e-02 8.924577403439298080e-05 1.978839767710161707e-02
1.380349466213056076e+03 1.999335244920589366e-02 8.977455399592332546e-05 1.990357789521000204e-02
1.384421293547017967e+03 2.011299018853270407e-02 9.033436917064833517e-05 2.002265581936205768e-02
1.388493120880979632e+03 2.023789807421378859e-02 9.094358018342239597e-05 2.014695449403037381e-02
1.392564948214941523e+03 2.037104960390670461e-02 9.162293599544347610e-05 2.027942666791126419e-02
1.396636775548903415e+03 2.051651750763990728e-02 9.239123930698807483e-05 2.042412626833292610e-02
1.400708602882865080e+03 2.067866039120875438e-02 9.326159764782306321e-05 2.058539879356092311e-02
1.404780430216826971e+03 2.086126126203500381e-02 9.423938181333526513e-05 2.076702188022168730e-02
1.408852257550788863e+03 2.106686850363280808e-02 9.532246281975576593e-05 2.097154604081306536e-02
1.412924084884750528e+03 2.129652517534277867e-02 9.650355319535251666e-05 2.120002162214742678e-02
1.416995912218712419e+03 2.154994459139781410e-02 9.777380283807512768e-05 2.145217078855976220e-02
1.421067739552674311e+03 2.182604362444061363e-02 9.912643588432384640e-05 2.172691718855630089e-02
1.425139566886635976e+03 2.212363386493449574e-02 1.005592904541681334e-04 2.202307457448032801e-02
1.429211394220597867e+03 2.244203639471962358e-02 1.020756010086578541e-04 2.233996079371098481e-02
1.433283221554559759e+03 2.278144036499149538e-02 1.036830552797193903e-04 2.267775730971177683e-02
1.437355048888521424e+03 2.314294445723468624e-02 1.053917960670409622e-04 2.303755266116765815e-02
1.441426876222483315e+03 2.352835213265590947e-02 1.072123772341515525e-04 2.342113975542177776e-02
1.445498703556445207e+03 2.393987929317950569e-02 1.091545959953307165e-04 2.383072469718419337e-02
1.449570530890406872e+03 2.437993935517242944e-02 1.112276525746356702e-04 2.426871170259780816e-02
1.453642358224368763e+03 2.485109600783599187e-02 1.134414312585574163e-04 2.473765457657742944e-02
1.457714185558330655e+03 2.535615695310308032e-02 1.158081308658648432e-04 2.524034882223720813e-02
1.461786012892292320e+03 2.589828320264704262e-02 1.183432446565667632e-04 2.577993995799048726e-02
1.465857840226254211e+03 2.648096187511321878e-02 1.210651151585337442e-04 2.635989675995469364e-02
1.469929667560216103e+03 2.710775624212188178e-02 1.239928998380901231e-04 2.698376334228377166e-02
1.474001494894177767e+03 2.778187956799508390e-02 1.271435460704191064e-04 2.765473602192465227e-02
1.478073322228139659e+03 2.850577697963642063e-02 1.305289780433960625e-04 2.837524800159301613e-02
1.482145149562101551e+03 2.928097107588752829e-02 1.341548784690685012e-04 2.914681619741845559e-02
1.486216976896063215e+03 3.010838606843894288e-02 1.380220932790657468e-04 2.997036397515987632e-02
1.490288804230025107e+03 3.098921497782214374e-02 1.421308931420619593e-04 3.084708408468007229e-02
1.494360631563986999e+03 3.192618932367823070e-02 1.464873634210177213e-04 3.177970196025722144e-02
1.498432458897948663e+03 3.292493487856534840e-02 1.511104104282530241e-04 3.277382446813710548e-02
1.502504286231910555e+03 3.399502701018174144e-02 1.560375538388614203e-04 3.383898945634288696e-02
1.506576113565872447e+03 3.515042933760674504e-02 1.613279408149407462e-04 3.498910139679183712e-02
1.510647940899834111e+03 3.640918613907342255e-02 1.670617744869170684e-04 3.624212436458650044e-02
1.514719768233796003e+03 3.779247112770406369e-02 1.733363404619322828e-04 3.761913478724212417e-02
1.518791595567757895e+03 3.932328713884197802e-02 1.802597264893873621e-04 3.914302741235260730e-02
1.522863422901719559e+03 4.102520103113608402e-02 1.879439154869841941e-04 4.083725711564908240e-02
1.526935250235681451e+03 4.292147278179243852e-02 1.964990910152969331e-04 4.272497369077712936e-02
1.531007077569643343e+03 4.503483289785861071e-02 2.060307783489986476e-04 4.482880211950961147e-02
1.535078904903605007e+03 4.738803652589162335e-02 2.166409895900284785e-04 4.717139553630160520e-02
1.539150732237566899e+03 5.000522209065551976e-02 2.284339744059416758e-04 4.977678811624958871e-02
1.543222559571528791e+03 5.291403500961487649e-02 2.415265522787223929e-04 5.267250845733616182e-02
1.547294386905490455e+03 5.614841366215282681e-02 2.560623049882727984e-04 5.589235135716456165e-02
1.551366214239452347e+03 5.975183631700305142e-02 2.722281371646587643e-04 5.947960817983838355e-02
1.555438041573414239e+03 6.378068495080396749e-02 2.902709722192654590e-04 6.349041397858470881e-02
1.559509868907375903e+03 6.830724150351855095e-02 3.105118933753185694e-04 6.799672961014324724e-02
1.563581696241337795e+03 7.342178768810118938e-02 3.333551974937303767e-04 7.308843249060746616e-02
1.567653523575299687e+03 7.923342318198681178e-02 3.592908364927884044e-04 7.887413234549403573e-02
1.571725350909261351e+03 8.586957101731448883e-02 3.888904936240605435e-04 8.548068052369044156e-02
1.575797178243223243e+03 9.347460282561206868e-02 4.227995424541927455e-04 9.305180328315784677e-02
1.579869005577185135e+03 1.022083682393180037e-01 4.617284360770243794e-04 1.017466398032409874e-01
1.583940832911146799e+03 1.122453808781182227e-01 5.064466560360410523e-04 1.117389342220821702e-01
1.588012660245108691e+03 1.237748051461947663e-01 5.577795861115215133e-04 1.232170255600832515e-01
1.592084487579070583e+03 1.370002232045391399e-01 6.166037930047229415e-04 1.363836194115344291e-01
1.596156314913032247e+03 1.521367466400283530e-01 6.838305083460098893e-04 1.514529161316823247e-01
1.600228142246994139e+03 1.694019281808978317e-01 7.603628300982892552e-04 1.686415653507995493e-01
1.604299969580956031e+03 1.889967665409022224e-01 8.470117774823371359e-04 1.881497547634199130e-01
1.608371796914917695e+03 2.110743618688057932e-01 9.443616592229323254e-04 2.101300002095828623e-01
1.612443624248879587e+03 2.356965454172748609e-01 1.052586498505102101e-03 2.346439589187697128e-01
1.616515451582841479e+03 2.627826088345781574e-01 1.171234669899751503e-03 2.616113741646783897e-01
1.620587278916803143e+03 2.920581351857596819e-01 1.299014701385533014e-03 2.907591204843741339e-01
1.624659106250765035e+03 3.230146733031755146e-01 1.433626620155176255e-03 3.215810466830203995e-01
1.628730933584726927e+03 3.548915128621892845e-01 1.571685910109596376e-03 3.533198269520796964e-01
1.632802760918688818e+03 3.866885362098225198e-01 1.708778615814468202e-03 3.849797575940080430e-01
1.636874588252650483e+03 4.172142405541460763e-01 1.839666804985160995e-03 4.153745737491608692e-01
1.640946415586612375e+03 4.451665266703971890e-01 1.958637034214815494e-03 4.432078896361823506e-01
1.645018242920574266e+03 4.692372715989414078e-01 2.059956520867687463e-03 4.671773150780736961e-01
1.649090070254536158e+03 4.882266878612374628e-01 2.138379039063060226e-03 4.860883088221744086e-01
1.653161897588498050e+03 5.011512868004999177e-01 2.189630660476753286e-03 4.989616561400230799e-01
1.657233724922459714e+03 5.073304181239659538e-01 2.210807217575317101e-03 5.051196109063904593e-01
1.661305552256421379e+03 5.064404652650089655e-01 2.200630210855750255e-03 5.042398350541533736e-01
1.665377379590383043e+03 4.985316996286043856e-01 2.159532069579001880e-03 4.963721675590254678e-01
1.669449206924345390e+03 4.840090209010496913e-01 2.089569456553724836e-03 4.819194514444959943e-01
1.673521034258306827e+03 4.635829093940169732e-01 1.994188594026179411e-03 4.615887207999906927e-01
1.677592861592268719e+03 4.381999542001697168e-01 1.877884578824801044e-03 4.363220696213449545e-01
1.681664688926230610e+03 4.089630587534222594e-01 1.745804919791840671e-03 4.072172538336303882e-01
1.685736516260192275e+03 3.770502807561780245e-01 1.603346277238369266e-03 3.754469344789396756e-01
1.689808343594154167e+03 3.436390634432021640e-01 1.455784934246269436e-03 3.421832785089558571e-01
1.693880170928116058e+03 3.098402519670074851e-01 1.307969276234023258e-03 3.085322826907734850e-01
1.697951998262077495e+03 2.766444111476816792e-01 1.164089814116521255e-03 2.754803213335651479e-01
1.702023825596039842e+03 2.448818077701417073e-01 1.027531424019406539e-03 2.438542763461223062e-01
1.706095652930001506e+03 2.151968369325535924e-01 9.008045418324496251e-04 2.142960323907211750e-01
1.710167480263963171e+03 1.880372745848801208e-01 7.855469258448632627e-04 1.872517276590352497e-01
1.714239307597924835e+03 1.636581459940357475e-01 6.825844990308562116e-04 1.629755614950048892e-01
1.718311134931886727e+03 1.421390257144921065e-01 5.920378354101209738e-04 1.415469878790819869e-01
1.722382962265848619e+03 1.234123189817583899e-01 5.134595425053021470e-04 1.228988594392530914e-01
1.726454789599810510e+03 1.072988352573263499e-01 4.459870878441862005e-04 1.068528481694821231e-01
1.730526616933772402e+03 9.354615117120659851e-02 3.884958515828715341e-04 9.315765531962372226e-02
1.734598444267734067e+03 8.186517901238639372e-02 3.397387449630321450e-04 8.152544026742336580e-02
1.738670271601695958e+03 7.196109470545494768e-02 2.984617547004775415e-04 7.166263295075449291e-02
1.742742098935657850e+03 6.355616809482744767e-02 2.634889832357387401e-04 6.329267911159171256e-02
1.746813926269619742e+03 5.640372089941825262e-02 2.337754952350427841e-04 5.616994540418322052e-02
1.750885753603581634e+03 5.029399605369946208e-02 2.084306984872778183e-04 5.008556535521217767e-02
1.754957580937543298e+03 4.505381661565238671e-02 1.867182981739553313e-04 4.486709831747844046e-02
1.759029408271504963e+03 4.054237725693661532e-02 1.680405809461287653e-04 4.037433667599048259e-02
1.763101235605466627e+03 3.664537890664380099e-02 1.519148351352468825e-04 3.649346407150853844e-02
1.767173062939428974e+03 3.326917244716232069e-02 1.379484084577902836e-04 3.313122403870454036e-02
1.771244890273390411e+03 3.033587099129592124e-02 1.258168072887133116e-04 3.021005418400721926e-02
1.775316717607352302e+03 2.777974760584274103e-02 1.152469773980658847e-04 2.766450062844467636e-02
1.779388544941314194e+03 2.554479512970540128e-02 1.060059932199005023e-04 2.543878913648549983e-02
1.783460372275275859e+03 2.358312170177189609e-02 9.789412678520753087e-05 2.348522757498667374e-02
1.787532199609237750e+03 2.185384267928689589e-02 9.074073677229390613e-05 2.176310194251460800e-02
1.791604026943199642e+03 2.032222117323373781e-02 8.440148829315709548e-05 2.023781968494059447e-02
1.795675854277161079e+03 1.895892391110801795e-02 7.875585137987607773e-05 1.888016805972813142e-02
1.799747681611123426e+03 1.773934536127274447e-02 7.370437754940821148e-05 1.766564098372332831e-02
1.803819508945085090e+03 1.664299538779842602e-02 6.916571747990725232e-05 1.657382967031851423e-02
1.807891336279046754e+03 1.565295354857938054e-02 6.507360690191638227e-05 1.558787994167747451e-02
1.811963163613008419e+03 1.475538482376139923e-02 6.137409599320623485e-05 1.469401072776818987e-02
1.816034990946970311e+03 1.393910182459391113e-02 5.802318831512389427e-05 1.388107863627878122e-02
1.820106818280932202e+03 1.319515396375313919e-02 5.498488569001347772e-05 1.314016907806311515e-02
1.824178645614894094e+03 1.251642512753617723e-02 5.222950134206576645e-05 1.246419562619409740e-02
1.828250472948855986e+03 1.189722685524826837e-02 4.973206738283007355e-05 1.184749478786542229e-02
1.832322300282817650e+03 1.133288371026388089e-02 4.747073545320399090e-05 1.128541297481067997e-02
1.836394127616779542e+03 1.081932172278996830e-02 4.542521245865438137e-05 1.077389651033129961e-02
1.840465954950741434e+03 1.035268784274637720e-02 4.357541735205633853e-05 1.030911242539434003e-02
1.844537782284703326e+03 9.929043014313443036e-03 4.190061866749126218e-05 9.887142395645944631e-03
1.848609609618665218e+03 9.544176085375565693e-03 4.037927241174852787e-05 9.503796812963812707e-03
1.852681436952626882e+03 9.193573987378918233e-03 3.898962844331386313e-05 9.154584358935608998e-03
1.856753264286588546e+03 8.872554856935551543e-03 3.771095970454834437e-05 8.834843897231006715e-03
1.860825091620550211e+03 8.576532163132815842e-03 3.652507054872541746e-05 8.540007092584081527e-03
1.864896918954512557e+03 8.301342477272849463e-03 3.541763507837272659e-05 8.265924842194471295e-03
1.868968746288473994e+03 8.043550930531917151e-03 3.437895018730405738e-05 8.009171980344616942e-03
1.873040573622435886e+03 7.800654808133232823e-03 3.340385746267083200e-05 7.767250950670554280e-03
1.877112400956397778e+03 7.571135866134659324e-03 3.249083998379758797e-05 7.538645026150858457e-03
1.881184228290359442e+03 7.354355452247216159e-03 3.164055004554967767e-05 7.322714902201671143e-03
1.885256055624321334e+03 7.150328269516936612e-03 3.085418729128199070e-05 7.119474082225659209e-03
1.889327882958283226e+03 6.959437161747236873e-03 3.013216958124934086e-05 6.929304992165989836e-03
1.893399710292245118e+03 6.782156011387027728e-03 2.947341706486891500e-05 6.752682594322170773e-03
1.897471537626207009e+03 6.618832827329586624e-03 2.887535008139727899e-05 6.589957477248201481e-03
1.901543364960168674e+03 6.469559098742086282e-03 2.833446330572561895e-05 6.441224635436361250e-03
1.905615192294130566e+03 6.334125268113002631e-03 2.784716495600096932e-05 6.306278103156997064e-03
1.909687019628092003e+03 6.212043845534901201e-03 2.741051719837302685e-05 6.184633328336522178e-03
1.913758846962053894e+03 6.102614115913216654e-03 2.702259245857225611e-05 6.075591523454636385e-03
1.917830674296016241e+03 6.005003545789375577e-03 2.668233280385477312e-05 5.978321212985525900e-03
1.921902501629977678e+03 5.918326462464117144e-03 2.638899677369306368e-05 5.891937465690428796e-03
1.925974328963939570e+03 5.841706541608942052e-03 2.614142631381189481e-05 5.815565115295151868e-03
1.930046156297901234e+03 5.774314649027833223e-03 2.593741529609972760e-05 5.748377233731750795e-03
1.934117983631863126e+03 5.715378369556637153e-03 2.577340097407216461e-05 5.689604968582572669e-03
1.938189810965825018e+03 5.664165416638469903e-03 2.564456342295855728e-05 5.638520853215532244e-03
1.942261638299786910e+03 5.619950126703779705e-03 2.554526542080136554e-05 5.594404861282967559e-03
1.946333465633748801e+03 5.581978544107106185e-03 2.546965797158444973e-05 5.556508886135529471e-03
1.950405292967710466e+03 5.549450200292525663e-03 2.541225304948092247e-05 5.524037947243044290e-03
1.954477120301672358e+03 5.521531240504273276e-03 2.536832541694505726e-05 5.496162915087322506e-03
1.958548947635633795e+03 5.497403997884548095e-03 2.533411335045453967e-05 5.472069884534098289e-03
1.962620774969596141e+03 5.476345164712113391e-03 2.530688822460177748e-05 5.451038276487516106e-03
1.966692602303558033e+03 5.457812828400385001e-03 2.528500552150373491e-05 5.432527822878878247e-03
1.970764429637519470e+03 5.441516126344109194e-03 2.526801402831310722e-05 5.416248112315807071e-03
1.974836256971481362e+03 5.427442476542135817e-03 2.525680389020858830e-05 5.402185672651936207e-03
1.978908084305443026e+03 5.415825905820707484e-03 2.525366801638004267e-05 5.390572237804341915e-03
1.982979911639404918e+03 5.407053403304729229e-03 2.526209555570911396e-05 5.381791307749035809e-03
1.987051738973366810e+03 5.401521098547875863e-03 2.528615366030874211e-05 5.376234944887564593e-03
1.991123566307328701e+03 5.399465381812489605e-03 2.532944792365536844e-05 5.374135933888843364e-03
1.995195393641290593e+03 5.400803626790647190e-03 2.539384044739334998e-05 5.375409786343239918e-03
1.999267220975252258e+03 5.405023182506328745e-03 2.547827289027186135e-05 5.379544909616067357e-03
2.003339048309214149e+03 5.411153976753739665e-03 2.557811175576226562e-05 5.385575864997979578e-03
2.007410875643175586e+03 5.417847742251070443e-03 2.568535531088061744e-05 5.392162386940206262e-03
2.011482702977137478e+03 5.423565135337906663e-03 2.578981951500218506e-05 5.397775315822918654e-03
2.015554530311099825e+03 5.426843416278542657e-03 2.588111520138530833e-05 5.400962301077166273e-03
2.019626357645061262e+03 5.426588449988290971e-03 2.595094104946020670e-05 5.400637508938837053e-03
2.023698184979023154e+03 5.422315319159072902e-03 2.599505204132087930e-05 5.396320267117761527e-03
2.027770012312984818e+03 5.414261709514494106e-03 2.601429242588116335e-05 5.388247417088608097e-03
2.031841839646946710e+03 5.403322978729458922e-03 2.601431419822531770e-05 5.377308664531248519e-03
2.035913666980908602e+03 5.390804729840941063e-03 2.600397514596277610e-05 5.364800754694985623e-03
2.039985494314870493e+03 5.378045598084030786e-03 2.599281071633076286e-05 5.352052787367710465e-03
2.044057321648832385e+03 5.366011079753392650e-03 2.598827223488928012e-05 5.340022807518501544e-03
2.048129148982794050e+03 5.354979731925986128e-03 2.599351978886622547e-05 5.328986212137132479e-03
2.052200976316755714e+03 5.344424718952161223e-03 2.600641421571469098e-05 5.318418304736460996e-03
2.056272803650717833e+03 5.333138535808075280e-03 2.602000912052692305e-05 5.307118526687562045e-03
2.060344630984679497e+03 5.319572980081463745e-03 2.602440555861028159e-05 5.293548574522863662e-03
2.064416458318641162e+03 5.302295425284531821e-03 2.600943454072336179e-05 5.276285990743821534e-03
2.068488285652603281e+03 5.280421540461205723e-03 2.596739788492895387e-05 5.254454142576287998e-03
2.072560112986564945e+03 5.253889396250208295e-03 2.589509541033992250e-05 5.227994300839864002e-03
2.076631940320526610e+03 5.223489815328575918e-03 2.579459140039207170e-05 5.197695223928186330e-03
2.080703767654488729e+03 5.190645915176954860e-03 2.567255069805954911e-05 5.164973364478887830e-03
2.084775594988450393e+03 5.157013964428152145e-03 2.553838575989488167e-05 5.131475578668255599e-03
2.088847422322412058e+03 5.124030893453593132e-03 2.540177689415855936e-05 5.098629116559433468e-03
2.092919249656374177e+03 5.092544098917494919e-03 2.527026936978972552e-05 5.067273829547712383e-03
2.096991076990335841e+03 5.062625506730353275e-03 2.514758352366489551e-05 5.037477923206685852e-03
2.101062904324297506e+03 5.033608557576266587e-03 2.503303238788964096e-05 5.008575525188393128e-03
2.105134731658259625e+03 5.004317276701988892e-03 2.492210924080206933e-05 4.979395167461198729e-03
2.109206558992221289e+03 4.973404117323809367e-03 2.480798718847195407e-05 4.948596130135351698e-03
2.113278386326182954e+03 4.939692559621647501e-03 2.468345300930176330e-05 4.915009106612364467e-03
2.117350213660145073e+03 4.902433565160214946e-03 2.454272837930716232e-05 4.877890836780922508e-03
2.121422040994106737e+03 4.861422438090213204e-03 2.438271556894373030e-05 4.837039722521277625e-03
2.125493868328068402e+03 4.816968663066483261e-03 2.420340204809996685e-05 4.792765261018376230e-03
2.129565695662030521e+03 4.769750545608538936e-03 2.400740460328673566e-05 4.745743141005265807e-03
2.133637522995992185e+03 4.720609298327027754e-03 2.379886025929879855e-05 4.696810438067735780e-03
2.137709350329953850e+03 4.670341474460518345e-03 2.358202433649864903e-05 4.646759450124026899e-03
2.141781177663915969e+03 4.619538295204711660e-03 2.335998571512768674e-05 4.596178309489577438e-03
2.145853004997877633e+03 4.568502046723044163e-03 2.313385297398632423e-05 4.545368193749066421e-03
2.149924832331839298e+03 4.517249276715867325e-03 2.290262280555189060e-05 4.494346653910319747e-03
2.153996659665801417e+03 4.465591624293039665e-03 2.266375077338895987e-05 4.442927873519661279e-03
2.158068486999763081e+03 4.413269414824606135e-03 2.241424988894836961e-05 4.390855164935673557e-03
2.162140314333724746e+03 4.360101783992993696e-03 2.215199165287037256e-05 4.337949792340137743e-03
2.166212141667686865e+03 4.306111925677957517e-03 2.187681668863870169e-05 4.284235108989326198e-03
2.170283969001648529e+03 4.251589587523183812e-03 2.159110062903673698e-05 4.229998486894164314e-03
2.174355796335610194e+03 4.197066811728285447e-03 2.129956304701891473e-05 4.175767248681255643e-03
2.178427623669572313e+03 4.143205938478318993e-03 2.100832135474876638e-05 4.122197617123578121e-03
2.182499451003533977e+03 4.090625908767807177e-03 2.072342098580548246e-05 4.069902487782009470e-03
2.186571278337495642e+03 4.039715637387385205e-03 2.044924939720678463e-05 4.019266387990194297e-03
2.190643105671457761e+03 3.990493016183637234e-03 2.018730490910728917e-05 3.970305711274547435e-03
2.194714933005419425e+03 3.942559567528042784e-03 1.993571275030381660e-05 3.922623854777753001e-03
2.198786760339381090e+03 3.895174629664446830e-03 1.968967451788354125e-05 3.875484955146570563e-03
2.202858587673343209e+03 3.847436620207084126e-03 1.944276181696117316e-05 3.827993858390138504e-03
2.206930415007304873e+03 3.798524220549093049e-03 1.918870544905320081e-05 3.779335515100045503e-03
2.211002242341266538e+03 3.747929243684644616e-03 1.892317259321418026e-05 3.729006071091454325e-03
2.215074069675228657e+03 3.695613086712185111e-03 1.864501986250341841e-05 3.676968066849686887e-03
2.219145897009190321e+03 3.642040289370281677e-03 1.835666335390931050e-05 3.623683626016385804e-03
2.223217724343151986e+03 3.588078657825855607e-03 1.806346875135243069e-05 3.570015189074521398e-03
2.227289551677114105e+03 3.534793830399717788e-03 1.777235062023425406e-05 3.517021479779493427e-03
2.231361379011075769e+03 3.483194944152277848e-03 1.748999001406346715e-05 3.465704954138238477e-03
2.235433206345037433e+03 3.433999040397733848e-03 1.722116861420686942e-05 3.416777871783539637e-03
2.239505033678999553e+03 3.387473225997672619e-03 1.696765712925273431e-05 3.370505568868438669e-03
2.243576861012961217e+03 3.343389832376012730e-03 1.672791583513358844e-05 3.326661916540902923e-03
2.247648688346922881e+03 3.301099261961297320e-03 1.649763044356489456e-05 3.284601631517748092e-03
2.251720515680885001e+03 3.259696884593556252e-03 1.627089049885666242e-05 3.243425994094711797e-03
2.255792343014846665e+03 3.218240994230298167e-03 1.604167770746532581e-05 3.202199316522835043e-03
2.259864170348808329e+03 3.175971493394724038e-03 1.580529375749759735e-05 3.160166199637231936e-03
2.263935997682770449e+03 3.132483114772161535e-03 1.555941345894361753e-05 3.116923701313217745e-03
2.268007825016732113e+03 3.087819782511761445e-03 1.530456805343071797e-05 3.072515214458348271e-03
2.272079652350694232e+03 3.042474494107208580e-03 1.504400584749722699e-05 3.027430488259728013e-03
2.276151479684655897e+03 2.997298362227865994e-03 1.478300886772612221e-05 2.982515353360142181e-03
2.280223307018617561e+03 2.953340137175570427e-03 1.452784309028023014e-05 2.938812294085297629e-03
2.284295134352579680e+03 2.911650886185269266e-03 1.428457569714413180e-05 2.897366310488134512e-03
2.288366961686541345e+03 2.873095047158393499e-03 1.405800288112319976e-05 2.859037044277279362e-03
2.292438789020503009e+03 2.838206982762753790e-03 1.385089688909075266e-05 2.824356085873672845e-03
2.296510616354465128e+03 2.807121108624250315e-03 1.366370588934735362e-05 2.793457402734904945e-03
2.300582443688426793e+03 2.779585595313688318e-03 1.349473607783186349e-05 2.766090859235869649e-03
2.304654271022388457e+03 2.755048872622697150e-03 1.334073253223004555e-05 2.741708140090480701e-03
2.308726098356350576e+03 2.732790491895020508e-03 1.319768160975593917e-05 2.719592810285260173e-03
2.312797925690312240e+03 2.712058774682051410e-03 1.306161145237121394e-05 2.698997163229692638e-03
2.316869753024273905e+03 2.692180121353499912e-03 1.292918615191594170e-05 2.679250935201591289e-03
2.320941580358236024e+03 2.672618068902803904e-03 1.279797093804707761e-05 2.659820097964755905e-03
2.325013407692197688e+03 2.652979519042178349e-03 1.266636505591452405e-05 2.640313153986260843e-03
2.329085235026159353e+03 2.632984041179442340e-03 1.253331443761415023e-05 2.620450726741839747e-03
2.333157062360121472e+03 2.612423097347678531e-03 1.239798539554048430e-05 2.600025111952121784e-03
2.337228889694083136e+03 2.591135619106998793e-03 1.225957697131868250e-05 2.578876042135681574e-03
2.341300717028044801e+03 2.569015179165486280e-03 1.211737463796124393e-05 2.556897804527516905e-03
2.345372544362006920e+03 2.546046832694695474e-03 1.197103160885189462e-05 2.534075801085827664e-03
2.349444371695968584e+03 2.522355646907788618e-03 1.182095300313312973e-05 2.510534693904657721e-03
2.353516199029930249e+03 2.498240560267106676e-03 1.166859772572720116e-05 2.486571962541372482e-03
2.357588026363892368e+03 2.474169957588436084e-03 1.151652808295736554e-05 2.462653429505474566e-03
2.361659853697854032e+03 2.450728209611427282e-03 1.136812247906536761e-05 2.439360087132373157e-03
2.365731681031815697e+03 2.428520420935156073e-03 1.122698881007570198e-05 2.417293432125089230e-03
2.369803508365777816e+03 2.408058823280809224e-03 1.109622821438124764e-05 2.396962595066420062e-03
2.373875335699739480e+03 2.389662490217608123e-03 1.097775860572664398e-05 2.378684731611887225e-03
2.377947163033701145e+03 2.373399300572582443e-03 1.087189417431354648e-05 2.362527406398284933e-03
2.382018990367663264e+03 2.359086459260536540e-03 1.077729818898140447e-05 2.348309161071564320e-03
2.386090817701624928e+03 2.346348067310205423e-03 1.069131276392313658e-05 2.335656754546289356e-03
2.390162645035586593e+03 2.334711531410378540e-03 1.061056154645535703e-05 2.324100969863937809e-03
2.394234472369548712e+03 2.323714571227210226e-03 1.053165435510100277e-05 2.313182916872115989e-03
2.398306299703510376e+03 2.312994066323694007e-03 1.045181360705143983e-05 2.302542252716653030e-03
2.402378127037472041e+03 2.302336328692706179e-03 1.036928632065079607e-05 2.291967042372091735e-03
2.406449954371434160e+03 2.291681991261687156e-03 1.028348119249030613e-05 2.281398510069200438e-03
2.410521781705395824e+03 2.281092589931677048e-03 1.019484969998642510e-05 2.270897740231686730e-03
2.414593609039357489e+03 2.270695625812678246e-03 1.010458935032372446e-05 2.260591036462369311e-03
2.418665436373319608e+03 2.260627961822093187e-03 1.001427320948241120e-05 2.250613688612640266e-03
2.422737263707281272e+03 2.250993940408135656e-03 9.925502686062323719e-06 2.241068437722095689e-03
2.426809091041242937e+03 2.241846855570683340e-03 9.839650021531865399e-06 2.232007205549159552e-03
2.430880918375205056e+03 2.233193632936365716e-03 9.757717203147538336e-06 2.223435915733244610e-03
2.434952745709166720e+03 2.225015730214924443e-03 9.680302236021331199e-06 2.215335427978921967e-03
2.439024573043128385e+03 2.217296065380062152e-03 9.607640609096505384e-06 2.207688424770974656e-03
2.443096400377090504e+03 2.210042322910386100e-03 9.539682482382336371e-06 2.200502640428021826e-03
2.447168227711052168e+03 2.203300135949529896e-03 9.476172727562455993e-06 2.193823963221981036e-03
2.451240055045013833e+03 2.197153726480086024e-03 9.416716139108835450e-06 2.187737010340971931e-03
2.455311882378975952e+03 2.191715169893970749e-03 9.360826998734933339e-06 2.182354342895240044e-03
2.459383709712937616e+03 2.187105790370280460e-03 9.307974207525218662e-06 2.177797816162763220e-03
2.463455537046899281e+03 2.183434268557969855e-03 9.257636118287422035e-06 2.174176632439690782e-03
2.467527364380861400e+03 2.180776240000291497e-03 9.209372364089137079e-06 2.171566867636234768e-03
2.471599191714823064e+03 2.179159846964728777e-03 9.162906771897580562e-06 2.169996940192861490e-03
2.475671019048784729e+03 2.178560938297705116e-03 9.118202197520398016e-06 2.169442736100190942e-03
2.479742846382746848e+03 2.178910160392386053e-03 9.075501606538002161e-06 2.169834658785865962e-03
2.483814673716708512e+03 2.180111809806500704e-03 9.035314175144146357e-06 2.171076495631385408e-03
2.487886501050670176e+03 2.182071154993303619e-03 8.998340035806946644e-06 2.173072814957510614e-03
2.491958328384632296e+03 2.184723699400570405e-03 8.965347041930103394e-06 2.175758352358636485e-03
2.496030155718593960e+03 2.188057746842769682e-03 8.937029363543419117e-06 2.179120717479207658e-03
2.500101983052555624e+03 2.192121866668597565e-03 8.913883705635555055e-06 2.183207982962957934e-03
2.504173810386517744e+03 2.197012081029009380e-03 8.896131884851641103e-06 2.188115949144191219e-03
2.508245637720479408e+03 2.202839381377434680e-03 8.883701801734155890e-06 2.193955679575718219e-03
2.512317465054441072e+03 2.209684942939292573e-03 8.876260288186816485e-06 2.200808682651115601e-03
2.516389292388403192e+03 2.217555830957063535e-03 8.873279164972515414e-06 2.208682551792107672e-03
2.520461119722364856e+03 2.226355861977359022e-03 8.874114607303673622e-06 2.217481747370062851e-03
2.524532947056326520e+03 2.235883385232762498e-03 8.878087962411540193e-06 2.227005297270363057e-03
2.528604774390288640e+03 2.245860494357025498e-03 8.884566687873023724e-06 2.236975927669182344e-03
2.532676601724250304e+03 2.255988629353029330e-03 8.893048980173928509e-06 2.247095580372874494e-03
2.536748429058211968e+03 2.266016767494940468e-03 8.903250353233264149e-06 2.257113517141715563e-03
2.540820256392174088e+03 2.275803464849952655e-03 8.915176955928846318e-06 2.266888287894024048e-03
2.544892083726135752e+03 2.285354767172722342e-03 8.929157016654073681e-06 2.276425610156077028e-03
2.548963911060097416e+03 2.294826442774290567e-03 8.945798814555597822e-06 2.285880643959757597e-03
2.553035738394059535e+03 2.304489157730444000e-03 8.965857702667183373e-06 2.295523300027792375e-03
2.557107565728021200e+03 2.314665911766133986e-03 8.990024544004649782e-06 2.305675887222148699e-03
2.561179393061982864e+03 2.325658928053160775e-03 9.018683282240340374e-06 2.316640244770920565e-03
2.565251220395944983e+03 2.337685872354440357e-03 9.051711075070404243e-06 2.328634161279359658e-03
2.569323047729906648e+03 2.350842119927920582e-03 9.088396979620659409e-06 2.341753722948308660e-03
2.573394875063868312e+03 2.365097973364301085e-03 9.127529259654886706e-06 2.355970444104648655e-03
2.577466702397830431e+03 2.380329756193191870e-03 9.167652951013165880e-06 2.371162103242201256e-03
2.581538529731792096e+03 2.396374489632987527e-03 9.207443897700344233e-06 2.387167045735309138e-03
2.585610357065753760e+03 2.413091851193773472e-03 9.246102235193634310e-06 2.403845748958588664e-03
2.589682184399715879e+03 2.430415665634722694e-03 9.283652680493854962e-06 2.421132012954230021e-03
2.593754011733677544e+03 2.448380354286681156e-03 9.321056999517923352e-06 2.439059297287167472e-03
2.597825839067639208e+03 2.467114534539126790e-03 9.360090554180570277e-06 2.457754443984942055e-03
2.601897666401601327e+03 2.486802593221807377e-03 9.402996223513404426e-06 2.477399596998300542e-03
2.605969493735562992e+03 2.507623574606367752e-03 9.451988235715348208e-06 2.498171586370648203e-03
2.610041321069524656e+03 2.529683238475469859e-03 9.508720527912692123e-06 2.520174517947572010e-03
2.614113148403486775e+03 2.552958125335701590e-03 9.573849612330753348e-06 2.543384275723366977e-03
2.618184975737448440e+03 2.577268973417469640e-03 9.646807427106178604e-06 2.567622165990363255e-03
2.622256803071410104e+03 2.602294758707962563e-03 9.725857791451477256e-06 2.592568900916505416e-03
2.626328630405372223e+03 2.627628913123564950e-03 9.808447928078727670e-06 2.617820465195487903e-03
2.630400457739333888e+03 2.652867946583474957e-03 9.891795124194005686e-06 2.642976151459287392e-03
2.634472285073295552e+03 2.677712607612492499e-03 9.973582724819799261e-06 2.667739024887684496e-03
2.638544112407257671e+03 2.702055889934134279e-03 1.005259639075442338e-05 2.692003293543385016e-03
2.642615939741219336e+03 2.726032913488461284e-03 1.012912684733228744e-05 2.715903786641119845e-03
2.646687767075181000e+03 2.750015622140987350e-03 1.020500835726022996e-05 2.739810613783715768e-03
2.650759594409143119e+03 2.774548841594814616e-03 1.028324941369763122e-05 2.764265592181128044e-03
2.654831421743104784e+03 2.800240042651142881e-03 1.036732464380036690e-05 2.789872718007339880e-03
2.658903249077066448e+03 2.827628598219581509e-03 1.046030274410428102e-05 2.817168295475474486e-03
2.662975076411028567e+03 2.857067190987595991e-03 1.056404868348381133e-05 2.846503142304141355e-03
2.667046903744990232e+03 2.888645891066648434e-03 1.067873271252136488e-05 2.877967158354136166e-03
2.671118731078951896e+03 2.922178563848229927e-03 1.080279816125852773e-05 2.911375765686976830e-03
2.675190558412914015e+03 2.957254722794787870e-03 1.093340514930484223e-05 2.946321317645488047e-03
2.679262385746875680e+03 2.993342572951528634e-03 1.106722043778425851e-05 2.982275352513722583e-03
2.683334213080837344e+03 3.029915914648554590e-03 1.120131471188100777e-05 3.018714599936671121e-03
2.687406040414799463e+03 3.066572494956535441e-03 1.133389680672670226e-05 3.055238598149811417e-03
2.691477867748761128e+03 3.103115432675397720e-03 1.146467253790215310e-05 3.091650760137500294e-03
2.695549695082722792e+03 3.139580796639622647e-03 1.159474409302392942e-05 3.127986052546591345e-03
2.699621522416684911e+03 3.176209461500692412e-03 1.172611864520212666e-05 3.164483342855482773e-03
2.703693349750646576e+03 3.213375424281535771e-03 1.186101733768466364e-05 3.201514406943862211e-03
2.707765177084608240e+03 3.251492021542653869e-03 1.200122541458955912e-05 3.239490796128068235e-03
2.711837004418570359e+03 3.290919993577125311e-03 1.214768656823343227e-05 3.278772307008892377e-03
2.715908831752532024e+03 3.331897393374463976e-03 1.230043819319690292e-05 3.319596955181272797e-03
2.719980659086493688e+03 3.374503062364314718e-03 1.245885273570504102e-05 3.362044209628608973e-03
2.724052486420455807e+03 3.418655806907881702e-03 1.262204435835716901e-05 3.406033762549535819e-03
2.728124313754417472e+03 3.464143326262259653e-03 1.278925753523368401e-05 3.451354068727040345e-03
2.732196141088379136e+03 3.510670152594286188e-03 1.296008600577272927e-05 3.497710066588528757e-03
2.736267968422341255e+03 3.557912785972165703e-03 1.313445836268730004e-05 3.544778327609480941e-03
2.740339795756302919e+03 3.605572068414388768e-03 1.331243167811076199e-05 3.592259636736291287e-03
2.744411623090264584e+03 3.653416206212145058e-03 1.349391433994489418e-05 3.639922291872189908e-03
2.748483450424226703e+03 3.701311258805877434e-03 1.367846398566323495e-05 3.687632794820230181e-03
2.752555277758188367e+03 3.749238382015437736e-03 1.386526989808950418e-05 3.735373112117366338e-03
2.756627105092150032e+03 3.797298359225916107e-03 1.405334943124225655e-05 3.783245009794666998e-03
2.760698932426112151e+03 3.845704312069870515e-03 1.424189841037872274e-05 3.831462413659499772e-03
2.764770759760073815e+03 3.894763607828620640e-03 1.443067109911273759e-05 3.880332936729512325e-03
2.768842587094035935e+03 3.944850468904137486e-03 1.462024971823100827e-05 3.930230219185898433e-03
2.772914414427997599e+03 3.996371862089598791e-03 1.481210060937567691e-05 3.981559761480237339e-03
2.776986241761959263e+03 4.049730623009890722e-03 1.500838831897716043e-05 4.034722234690911805e-03
2.781058069095921383e+03 4.105290781882237061e-03 1.521160177203426613e-05 4.090079180110218343e-03
2.785129896429883047e+03 4.163349949166146070e-03 1.542410807606384545e-05 4.147925841090087558e-03
2.789201723763844711e+03 4.224121971908034040e-03 1.564776799489794309e-05 4.208474203913145292e-03
2.793273551097806831e+03 4.287730127089221972e-03 1.588371744215108825e-05 4.271846409647092439e-03
2.797345378431768495e+03 4.354207872834382591e-03 1.613235363862547419e-05 4.338075519195756097e-03
2.801417205765730159e+03 4.423502110393833994e-03 1.639348808873341176e-05 4.407108622305099671e-03
2.805489033099692278e+03 4.495474381773626772e-03 1.666657070123801640e-05 4.478807811072398060e-03
2.809560860433653943e+03 4.569898951662025414e-03 1.695087331721135872e-05 4.552948078344843004e-03
2.813632687767615607e+03 4.646462407719908691e-03 1.724555444775318014e-05 4.629216853272176239e-03
2.817704515101577726e+03 4.724774927766314456e-03 1.754959851805967219e-05 4.707225329248256041e-03
2.821776342435539391e+03 4.804405583532488262e-03 1.786170377776426010e-05 4.786543879754730745e-03
2.825848169769501055e+03 4.884950315111507083e-03 1.818024710784401572e-05 4.866770068003659425e-03
2.829919997103463174e+03 4.966130748557306442e-03 1.850345126413557205e-05 4.947627297293179238e-03
2.833991824437424839e+03 5.047906970534235885e-03 1.882981046143221407e-05 5.029077160072811629e-03
2.838063651771386503e+03 5.130572731609174195e-03 1.915871110765366613e-05 5.111414020501517039e-03
2.842135479105348622e+03 5.214793903732138289e-03 1.949105892045893907e-05 5.195302844811679546e-03
2.846207306439310287e+03 5.301556125738409071e-03 1.982964670840671164e-05 5.281726479030007110e-03
2.850279133773271951e+03 5.392007672552103295e-03 2.017901490789771201e-05 5.371828657644213759e-03
2.854350961107234070e+03 5.487215477725951827e-03 2.054468526376887087e-05 5.466670792462194686e-03
2.858422788441195735e+03 5.587887137504549129e-03 2.093185944164828430e-05 5.566955278062902732e-03
2.862494615775157399e+03 5.694137357600016595e-03 2.134390139183516471e-05 5.672793456208182969e-03
2.866566443109119518e+03 5.805381906085765528e-03 2.178107767482544106e-05 5.783600828410936923e-03
2.870638270443081183e+03 5.920419105637413429e-03 2.224003863619619534e-05 5.898179067001227405e-03
2.874710097777042847e+03 6.037710407317512136e-03 2.271435470850866211e-05 6.014996052609003843e-03
2.878781925111004966e+03 6.155809522299962762e-03 2.319610944840509446e-05 6.132613412851564867e-03
2.882853752444966631e+03 6.273832971847923337e-03 2.367818775787756350e-05 6.250154784090057591e-03
2.886925579778928295e+03 6.391834202068578767e-03 2.415661009923795229e-05 6.367677591969353283e-03
2.890997407112890414e+03 6.510953293033932936e-03 2.463216563374109495e-05 6.486321127400190845e-03
2.895069234446852079e+03 6.633267524014113334e-03 2.511074675112315166e-05 6.608156777262992262e-03
2.899141061780813743e+03 6.761352721724758937e-03 2.560215767482736384e-05 6.735750564049941720e-03
2.903212889114775862e+03 6.897657055171054971e-03 2.611765132338160229e-05 6.871539403847680416e-03
2.907284716448737527e+03 7.043857945144049552e-03 2.666688252171438338e-05 7.017191062622321271e-03
2.911356543782699191e+03 7.200393595039622854e-03 2.725519808621417185e-05 7.173138396953419697e-03
2.915428371116661310e+03 7.366321635363846931e-03 2.788212267872459575e-05 7.338439512685134350e-03
2.919500198450622975e+03 7.539566059274851670e-03 2.854154947508238775e-05 7.511024509799789015e-03
2.923572025784584639e+03 7.717496024248128583e-03 2.922361370428588101e-05 7.688272410543865731e-03
2.927643853118546758e+03 7.897673300033563118e-03 2.991768925999797928e-05 7.867755610773564251e-03
2.931715680452508423e+03 8.078545394116639841e-03 3.061558565294624130e-05 8.047929808463692367e-03
2.935787507786470087e+03 8.259871454369413848e-03 3.131395977746987167e-05 8.228557494591944715e-03
2.939859335120432206e+03 8.442748403241856492e-03 3.201521786541599950e-05 8.410733185376455603e-03
2.943931162454393871e+03 8.629231934576594293e-03 3.272668012226763879e-05 8.596505254454328213e-03
2.948002989788355535e+03 8.821680260452576319e-03 3.345834543097131995e-05 8.788221915021609404e-03
2.952074817122317654e+03 9.022042922761938991e-03 3.422003546707699632e-05 8.987822887294865531e-03
2.956146644456279319e+03 9.231338822970636473e-03 3.501886990279851969e-05 9.196319953067839600e-03
2.960218471790240983e+03 9.449506498673663005e-03 3.585787452897073714e-05 9.413648624144699620e-03
2.964290299124203102e+03 9.675683291990169049e-03 3.673611019223070151e-05 9.638947181797936220e-03
2.968362126458164767e+03 9.908819354970151497e-03 3.765017903188247261e-05 9.871169175938280388e-03
2.972433953792126431e+03 1.014840850138087891e-02 3.859649862549936414e-05 1.010981200275539414e-02
2.976505781126088550e+03 1.039506482745782348e-02 3.957349067504657578e-05 1.035549133678278014e-02
2.980577608460050214e+03 1.065071347853475958e-02 4.058288640420457886e-05 1.061013059213058475e-02
2.984649435794011879e+03 1.091828691234132849e-02 4.162968089019632070e-05 1.087665723145115129e-02
2.988721263127973998e+03 1.120098657821202125e-02 4.272075661177986535e-05 1.115826582160025018e-02
2.992793090461935662e+03 1.150132889295647776e-02 4.386267542052810171e-05 1.145746621753594707e-02
2.996864917795897327e+03 1.182028909494737753e-02 4.505944613242304737e-05 1.177522964881495479e-02
3.000936745129859446e+03 1.215685116774941656e-02 4.631110798703466289e-05 1.211054005976238204e-02
3.005008572463821110e+03 1.250816226371641651e-02 4.761371476775298712e-05 1.246054854894867656e-02
3.009080399797782775e+03 1.287030606293590104e-02 4.896084086382955974e-05 1.282134522207207215e-02
3.013152227131744894e+03 1.323950758609001091e-02 5.034620787782914924e-05 1.318916137821217992e-02
3.017224054465706558e+03 1.361342752852563384e-02 5.176661953492031225e-05 1.356166090899071051e-02
3.021295881799668223e+03 1.399215079251474661e-02 5.322423344326235800e-05 1.393892655907148434e-02
3.025367709133630342e+03 1.437854519892891800e-02 5.472735452591029001e-05 1.432381784440301363e-02
3.029439536467592006e+03 1.477784648784747148e-02 5.628937139762974152e-05 1.472155711644985120e-02
3.033511363801553671e+03 1.519656197401903983e-02 5.792604524674008475e-05 1.513863592877230310e-02
3.037583191135515790e+03 1.564100300665211690e-02 5.965191485144531351e-05 1.558135109180067493e-02
3.041655018469477454e+03 1.611588249644195156e-02 6.147691380237638409e-05 1.605440558263958664e-02
3.045726845803439119e+03 1.662340119624952997e-02 6.340427997453763128e-05 1.655999691627499382e-02
3.049798673137401238e+03 1.716309239941066905e-02 6.543045474067690586e-05 1.709766194466999165e-02
3.053870500471362902e+03 1.773244528050842844e-02 6.754702776627936997e-05 1.766489825274216580e-02
3.057942327805324567e+03 1.832806492350384092e-02 6.974409035214556684e-05 1.825832083315169843e-02
3.062014155139286686e+03 1.894694503602014496e-02 7.201386058560510061e-05 1.887493117543455334e-02
3.066085982473248350e+03 1.958739758737135239e-02 7.435333252891169835e-05 1.951304425484245986e-02
3.070157809807210015e+03 2.024932150686937701e-02 7.676504771696731429e-05 2.017255645915242562e-02
3.074229637141172134e+03 2.093375671858794390e-02 7.925579156095323061e-05 2.085450092702699140e-02
3.078301464475133798e+03 2.164196462043266322e-02 8.183383320608156363e-05 2.156013078722656892e-02
3.082373291809095463e+03 2.237448608923731097e-02 8.450594042171022282e-05 2.228998014881560658e-02
3.086445119143057582e+03 2.313066135277659294e-02 8.727554619207426921e-05 2.304338580658452443e-02
3.090516946477019246e+03 2.390892374797287667e-02 9.014301799859691022e-05 2.381878072997428708e-02
3.094588773810980911e+03 2.470785406244341981e-02 9.310810476171029674e-05 2.461474595768172596e-02
3.098660601144943030e+03 2.552762527290904776e-02 9.617363076659481472e-05 2.543145164214246495e-02
3.102732428478904694e+03 2.637122695302203737e-02 9.934878279544403698e-05 2.627187817022660216e-02
3.106804255812866359e+03 2.724485041883550895e-02 1.026502390073744672e-04 2.714220017982814023e-02
3.110876083146828478e+03 2.815707189298907731e-02 1.061000376130033870e-04 2.805097185537607646e-02
3.114947910480790142e+03 2.911691669855174733e-02 1.097203029571215205e-04 2.900719639559461854e-02
3.119019737814751807e+03 3.013135990838778505e-02 1.135262986173478600e-04 3.001783360977043971e-02
3.123091565148713926e+03 3.120312532019174981e-02 1.175202158888299654e-04 3.108560510430293314e-02
3.127163392482675590e+03 3.232963976436722259e-02 1.216881933996156220e-04 3.220795157096759814e-02
3.131235219816637255e+03 3.350365128515724045e-02 1.260021635245768047e-04 3.337764912163267150e-02
3.135307047150599374e+03 3.471543368164214244e-02 1.304264887366009143e-04 3.458500719290554665e-02
3.139378874484561038e+03 3.595589045559104135e-02 1.349275665369823840e-04 3.582096288905405046e-02
3.143450701818522703e+03 3.721948232287287939e-02 1.394833427907217580e-04 3.707999898008216416e-02
3.147522529152484822e+03 3.850590938269395080e-02 1.440895177494793257e-04 3.836181986494447554e-02
3.151594356486446486e+03 3.981990972829492492e-02 1.487602986359917549e-04 3.967114942965893620e-02
3.155666183820408150e+03 4.116924724744981667e-02 1.535235025125201210e-04 4.101572374493730327e-02
3.159738011154370270e+03 4.256168319816341222e-02 1.584119162053213665e-04 4.240327128195810202e-02
3.163809838488331934e+03 4.400216516463749394e-02 1.634542393466457987e-04 4.383871092529086078e-02
3.167881665822293598e+03 4.549142480405731631e-02 1.686690638983948294e-04 4.532275574015892650e-02
3.171953493156255718e+03 4.702663804238930989e-02 1.740640668040085385e-04 4.685257397558528769e-02
3.176025320490217382e+03 4.860395640058079447e-02 1.796403743745356120e-04 4.842431602620624054e-02
3.180097147824179046e+03 5.022189292754497547e-02 1.853997784662766751e-04 5.003649314907868823e-02
3.184168975158141166e+03 5.188408117364419481e-02 1.913511027262484109e-04 5.169273007091794436e-02
3.188240802492102830e+03 5.360003632797951528e-02 1.975121708340795508e-04 5.340252415714543538e-02
3.192312629826064494e+03 5.538323003812791606e-02 2.039055518070660711e-04 5.517932448632086040e-02
3.196384457160026614e+03 5.724681074211830645e-02 2.105489288304282242e-04 5.703626181328787931e-02
3.200456284493988278e+03 5.919827843879292562e-02 2.174435003916628910e-04 5.898083493840126229e-02
3.204528111827949942e+03 6.123497332351873768e-02 2.245651944988269857e-04 6.101040812901990795e-02
3.208599939161912062e+03 6.334212702666423833e-02 2.318629971297100965e-04 6.311026402953452685e-02
3.212671766495873726e+03 6.549446371207282014e-02 2.392664167167722774e-04 6.525519729535604607e-02
3.216743593829835390e+03 6.766118304364872327e-02 2.467008080091376049e-04 6.741448223563957509e-02
3.220815421163797510e+03 6.981301676403325884e-02 2.541061905406357692e-04 6.955891057349261608e-02
3.224887248497759174e+03 7.192933155214024932e-02 2.614535263541472579e-04 7.166787802578609978e-02
3.228959075831720838e+03 7.400320403360852173e-02 2.687528763157103493e-04 7.373445115729279631e-02
3.233030903165682957e+03 7.604302450126720903e-02 2.760503517413795817e-04 7.576697414952583698e-02
3.237102730499644622e+03 7.807025864265312864e-02 2.834144607917537194e-04 7.778684418186136706e-02
3.241174557833606286e+03 8.011413178199104645e-02 2.909160040254552123e-04 7.982321577796562539e-02
3.245246385167568405e+03 8.220482037829010546e-02 2.986078289072785323e-04 8.190621254938282303e-02
3.249318212501530070e+03 8.436700208637140652e-02 3.065107568861758771e-04 8.406049132948523184e-02
3.253390039835491734e+03 8.661530287394247907e-02 3.146098880291368612e-04 8.630069298591333538e-02
3.257461867169453853e+03 8.895246213810931168e-02 3.228620600317761943e-04 8.862960007807750562e-02
3.261533694503415518e+03 9.137020227658303184e-02 3.312117148728138693e-04 9.103899056171022020e-02
3.265605521837377637e+03 9.385211857566487514e-02 3.396099921811783018e-04 9.351250858348371386e-02
3.269677349171339301e+03 9.637757091535988085e-02 3.480312409621515472e-04 9.602953967439772920e-02
3.273749176505300966e+03 9.892558039753514276e-02 3.564823500694862366e-04 9.856909804746566417e-02
3.277821003839263085e+03 1.014780026624894083e-01 3.650027423410180964e-04 1.011129999201483970e-01
3.281892831173224749e+03 1.040216001170357896e-01 3.736556190123170172e-04 1.036479444980234754e-01
3.285964658507186869e+03 1.065489280720330195e-01 3.825131903340616779e-04 1.061664148816989506e-01
3.290036485841148533e+03 1.090581247794071701e-01 3.916396623205070822e-04 1.086664851170866530e-01
3.294108313175110197e+03 1.115517763698697512e-01 4.010756381004558610e-04 1.111507007317693169e-01
3.298180140509072316e+03 1.140350830078926264e-01 4.108267040257977155e-04 1.136242563038668135e-01
3.302251967843033981e+03 1.165136377820576996e-01 4.208578281039735899e-04 1.160927799539537009e-01
3.306323795176996100e+03 1.189912456093384502e-01 4.310942118014009922e-04 1.185601513975370336e-01
3.310395622510956855e+03 1.214682968466751500e-01 4.414285422589674405e-04 1.210268683044161825e-01
3.314467449844919429e+03 1.239411852459635088e-01 4.517340611019033986e-04 1.234894511848616122e-01
3.318539277178881548e+03 1.264030668620204911e-01 4.618822587038764571e-04 1.259411846033166027e-01
3.322611104512842758e+03 1.288459120573393624e-01 4.717631782059011425e-04 1.283741488791333984e-01
3.326682931846805332e+03 1.312634035661231768e-01 4.813053756899227618e-04 1.307820981904332380e-01
3.330754759180766087e+03 1.336539226813241998e-01 4.904918812954535152e-04 1.331634308000287370e-01
3.334826586514728206e+03 1.360227709969762944e-01 4.993684857202569096e-04 1.355234025112560248e-01
3.338898413848690780e+03 1.383829502046433346e-01 5.080416468578536140e-04 1.378749085577855027e-01
3.342970241182651989e+03 1.407542174550490410e-01 5.166652485967971470e-04 1.402375522064522317e-01
3.347042068516613654e+03 1.431606128993168636e-01 5.254179290729617128e-04 1.426351949702438782e-01
3.351113895850575318e+03 1.456270530845034938e-01 5.344750285613447715e-04 1.450925780559421674e-01
3.355185723184537437e+03 1.481757715371186668e-01 5.439806550909210767e-04 1.476317908820277691e-01
3.359257550518499102e+03 1.508233280241614571e-01 5.540254439800950748e-04 1.502693025801813131e-01
3.363329377852461221e+03 1.535786608611904303e-01 5.646342495627119148e-04 1.530140266116277181e-01
3.367401205186422885e+03 1.564423454982319939e-01 5.757656650640602478e-04 1.558665798331679286e-01
3.371473032520384550e+03 1.594069722167524017e-01 5.873226307018704351e-04 1.588196495860504931e-01
3.375544859854346669e+03 1.624584349204041267e-01 5.991712036817436852e-04 1.618592637167223791e-01
3.379616687188308333e+03 1.655779188383784406e-01 6.111633411217462638e-04 1.649667554972567007e-01
3.383688514522270452e+03 1.687444106088858697e-01 6.231594247293672107e-04 1.681212511841564949e-01
3.387760341856232117e+03 1.719375397814507933e-01 6.350470083505749177e-04 1.713024927731002234e-01
3.391832169190193781e+03 1.751404509872930837e-01 6.467534640031396415e-04 1.744936975232899423e-01
3.395903996524154991e+03 1.783422341196222727e-01 6.582514141391885426e-04 1.776839827054830512e-01
3.399975823858117565e+03 1.815393088282247769e-01 6.695568208790641292e-04 1.808697520073456744e-01
3.404047651192079684e+03 1.847351926835837099e-01 6.807203406450957912e-04 1.840544723429386187e-01
3.408119478526040439e+03 1.879383552716926697e-01 6.918131834384832601e-04 1.872465420882541420e-01
3.412191305860003013e+03 1.911583486240623908e-01 7.029093802466320753e-04 1.904554392438157218e-01
3.416263133193964222e+03 1.944009724220343016e-01 7.140670601683897804e-04 1.936869053618658909e-01
3.420334960527926341e+03 1.976636758570065600e-01 7.253118800371621431e-04 1.969383639769693994e-01
3.424406787861888915e+03 2.009325224771029705e-01 7.366258227917909466e-04 2.001958966543112006e-01
3.428478615195849670e+03 2.041817499286036897e-01 7.479439182549594200e-04 2.034338060103487444e-01
3.432550442529811789e+03 2.073762908625429446e-01 7.591599898294468414e-04 2.066171308727134670e-01
3.436622269863773454e+03 2.104767762784613416e-01 7.701405541233564619e-04 2.097066357243380086e-01
3.440694097197735573e+03 2.134457925268026801e-01 7.807440309836126933e-04 2.126650484958191034e-01
3.444765924531697237e+03 2.162537668427818305e-01 7.908410902071498277e-04 2.154629257525746966e-01
3.448837751865658902e+03 2.188829601060759134e-01 8.003317552736559457e-04 2.180826283508023045e-01
3.452909579199621021e+03 2.213286259791742427e-01 8.091559359899178289e-04 2.205194700431842847e-01
3.456981406533582685e+03 2.235972632739952337e-01 8.172960628371713551e-04 2.227799672111580309e-01
3.461053233867544805e+03 2.257027531326875613e-01 8.247727819199760163e-04 2.248779803507676145e-01
3.465125061201506469e+03 2.276617454116198758e-01 8.316364512275665598e-04 2.268301089603922960e-01
3.469196888535468133e+03 2.294897533458789829e-01 8.379578346455269144e-04 2.286517955112334355e-01
3.473268715869430252e+03 2.311990132919157226e-01 8.438207089408596932e-04 2.303551925829748492e-01
3.477340543203391917e+03 2.327984206936929978e-01 8.493173776060198438e-04 2.319491033160869797e-01
3.481412370537354036e+03 2.342950353931500251e-01 8.545460354422417795e-04 2.334404893577077811e-01
3.485484197871315700e+03 2.356960524322014305e-01 8.596074197731913297e-04 2.348364450124282299e-01
3.489556025205277365e+03 2.370099727799032385e-01 8.645979194275343676e-04 2.361453748604756819e-01
3.493627852539239484e+03 2.382460431847423232e-01 8.695975400448798572e-04 2.373764456446974536e-01
3.497699679873201148e+03 2.394117522109697749e-01 8.746535103186820360e-04 2.385370987006510679e-01
3.501771507207163268e+03 2.405090196490554943e-01 8.797630211033460532e-04 2.396292566279520919e-01
3.505843334541124023e+03 2.415303941066770099e-01 8.848605480749175984e-04 2.406455335586021038e-01
3.509915161875086596e+03 2.424568225010752531e-01 8.898154957722420166e-04 2.415670070053029528e-01
3.513986989209048716e+03 2.432582562411960136e-01 8.944440986386531164e-04 2.423638121425573944e-01
3.518058816543009925e+03 2.438975753108875710e-01 8.985359192473123865e-04 2.429990393916402203e-01
3.522130643876972499e+03 2.443372751175853230e-01 9.018908769764941635e-04 2.434353842406088708e-01
3.526202471210933254e+03 2.445474022950154258e-01 9.043589140674638269e-04 2.436430433809479434e-01
3.530274298544895373e+03 2.445126679309528317e-01 9.058725156550837942e-04 2.436067954152977555e-01
3.534346125878857947e+03 2.442367181066787407e-01 9.064631888465156124e-04 2.433302549178321672e-01
3.538417953212819157e+03 2.437422208703462212e-01 9.062566645397527937e-04 2.428359642058064982e-01
3.542489780546780821e+03 2.430665507994343721e-01 9.054470844627342035e-04 2.421611037149716539e-01
3.546561607880742486e+03 2.422540820109231330e-01 9.042561708368210185e-04 2.413498258400862961e-01
3.550633435214704605e+03 2.413470588298379238e-01 9.028875704569563074e-04 2.404441712593809455e-01
3.554705262548666269e+03 2.403774018388435130e-01 9.014878646452105428e-04 2.394759139741982901e-01
3.558777089882628388e+03 2.393615078380995076e-01 9.001236905049993849e-04 2.384613841475945184e-01
3.562848917216590053e+03 2.382992180449243769e-01 8.987796642858346136e-04 2.374004383806385121e-01
3.566920744550551717e+03 2.371769472101693810e-01 8.973758647702806185e-04 2.362795713453990643e-01
3.570992571884513836e+03 2.359738598708435720e-01 8.957984260341991887e-04 2.350780614448093608e-01
3.575064399218475501e+03 2.346692781604879929e-01 8.939339133577795665e-04 2.337753442471302567e-01
3.579136226552437620e+03 2.332493847228790107e-01 8.916983620500411106e-04 2.323576863608289855e-01
3.583208053886399284e+03 2.317117159668411475e-01 8.890547867477510561e-04 2.308226611800933692e-01
3.587279881220360949e+03 2.300667174095382683e-01 8.860173215064512473e-04 2.291807000880318468e-01
3.591351708554322158e+03 2.283364571657465203e-01 8.826442240836729781e-04 2.274538129416628363e-01
3.595423535888284732e+03 2.265511974107738413e-01 8.790243393191059674e-04 2.256721730714546792e-01
3.599495363222246851e+03 2.247447653479879848e-01 8.752616650097957193e-04 2.238695036829782270e-01
3.603567190556207606e+03 2.229495697870424176e-01 8.714608330542613236e-04 2.220781089539881903e-01
3.607639017890170180e+03 2.211918357151831382e-01 8.677138417973768048e-04 2.203241218733857920e-01
3.611710845224131390e+03 2.194873820287036870e-01 8.640867029578192535e-04 2.186232953257459255e-01
3.615782672558093509e+03 2.178381946885073750e-01 8.606047863238687045e-04 2.169775899021834653e-01
3.619854499892056083e+03 2.162301680531833747e-01 8.572376010317159928e-04 2.153729304521516674e-01
3.623926327226016838e+03 2.146325832213152318e-01 8.538865788663711678e-04 2.137786966424488622e-01
3.627998154559978957e+03 2.129999686434202177e-01 8.503815499106522676e-04 2.121495870935095618e-01
3.632069981893940621e+03 2.112767731482031175e-01 8.464915513383805459e-04 2.104302815968647489e-01
3.636141809227902741e+03 2.094047229448460778e-01 8.419527299270452170e-04 2.085627702149190910e-01
3.640213636561864405e+03 2.073319476547470508e-01 8.365109547794881634e-04 2.064954366999676161e-01
3.644285463895826069e+03 2.050222026754457139e-01 8.299710364507127680e-04 2.041922316389950254e-01
3.648357291229788189e+03 2.024620908217033555e-01 8.222403603239352007e-04 2.016398504613794440e-01
3.652429118563749853e+03 1.996643241740109487e-01 8.133541415647904541e-04 1.988509700324461449e-01
3.656500945897711972e+03 1.966658175722191815e-01 8.034731074814640195e-04 1.958623444647377143e-01
3.660572773231673636e+03 1.935206013364351441e-01 7.928513995569569806e-04 1.927277499368781899e-01
3.664644600565635301e+03 1.902888438676121896e-01 7.817807405981890435e-04 1.895070631270140138e-01
3.668716427899597420e+03 1.870242880388315876e-01 7.705237397348755225e-04 1.862537642990967079e-01
3.672788255233559084e+03 1.837628134522331647e-01 7.592523302304167703e-04 1.830035611220027503e-01
3.676860082567521204e+03 1.805145175617345887e-01 7.480057320008419311e-04 1.797665118297337439e-01
3.680931909901482868e+03 1.772607746976916643e-01 7.366766134719037211e-04 1.765240980842197605e-01
3.685003737235444532e+03 1.739564862882580498e-01 7.250262926762297486e-04 1.732314599955818157e-01
3.689075564569406652e+03 1.705365614316724510e-01 7.127224861205090243e-04 1.698238389455519193e-01
3.693147391903368316e+03 1.669248941306237244e-01 6.993885591901208634e-04 1.662255055714335905e-01
3.697219219237330435e+03 1.630439010755460605e-01 6.846525800265001408e-04 1.623592484955195536e-01
3.701291046571291190e+03 1.588230183151659869e-01 6.681873849089273133e-04 1.581548309302570621e-01
3.705362873905253764e+03 1.542052239884800224e-01 6.497377644908450354e-04 1.535554862239891794e-01
3.709434701239215883e+03 1.491513771399153310e-01 6.291356967267666255e-04 1.485222414431885407e-01
3.713506528573177093e+03 1.436426908120778667e-01 6.063075307863099181e-04 1.430363832812915348e-01
3.717578355907139667e+03 1.376818594333671375e-01 5.812773847362881280e-04 1.371005820486308757e-01
3.721650183241100422e+03 1.312932526676801603e-01 5.541691496089355641e-04 1.307390835180712307e-01
3.725722010575062541e+03 1.245223065132236850e-01 5.252066701360744118e-04 1.239970998430875992e-01
3.729793837909025115e+03 1.174339716925707905e-01 4.947094363030958347e-04 1.169392622562677453e-01
3.733865665242986324e+03 1.101099699510102309e-01 4.630805936028357136e-04 1.096468893574074066e-01
3.737937492576947989e+03 1.026447195756323705e-01 4.307855258750317154e-04 1.022139340497573573e-01
3.742009319910909653e+03 9.514007454297099264e-02 3.983220356139140520e-04 9.474175250735708542e-02
3.746081147244871772e+03 8.769935327482439313e-02 3.661860249513937686e-04 8.733316724987298663e-02
3.750152974578833437e+03 8.042137133407993577e-02 3.348383339575626214e-04 8.008653300012238963e-02
3.754224801912795556e+03 7.339523822886770410e-02 3.046782976413094524e-04 7.309055993122641481e-02
3.758296629246757220e+03 6.669651242393885571e-02 2.760276968931381727e-04 6.642048472704573103e-02
3.762368456580718885e+03 6.038499316490947288e-02 2.491258687631359723e-04 6.013586729614633919e-02
3.766440283914681004e+03 5.450407624601603246e-02 2.241339234405357391e-04 5.427994232257549179e-02
3.770512111248642668e+03 4.908132956761028509e-02 2.011442766002439000e-04 4.888018529101006288e-02
3.774583938582604787e+03 4.412982751247508661e-02 1.801915217908534007e-04 4.394963599068425070e-02
3.778655765916566452e+03 3.964982953711475300e-02 1.612618612992242702e-04 3.948856767581554461e-02
3.782727593250528116e+03 3.563054559463101068e-02 1.443001960093575459e-04 3.548624539862165611e-02
3.786799420584490235e+03 3.205191362401766525e-02 1.292156788597265322e-04 3.192269794515793790e-02
3.790871247918451900e+03 2.888644151803378829e-02 1.158873921057242292e-04 2.877055412592807032e-02
3.794943075252414019e+03 2.610119299478352861e-02 1.041715920668983864e-04 2.599702140271662604e-02
3.799014902586375683e+03 2.365992843793755795e-02 9.391093698812431033e-05 2.356601750094943631e-02
3.803086729920337348e+03 2.152529428605803874e-02 8.494485019629616912e-05 2.144034943586175385e-02
3.807158557254298557e+03 1.966085171315364727e-02 7.711928226485907395e-05 1.958373243088877211e-02
3.811230384588261131e+03 1.803269995744374854e-02 7.029400425925991138e-05 1.796240595318448346e-02
3.815302211922223250e+03 1.661050247249764092e-02 6.434620705240054451e-05 1.654615626544523460e-02
3.819374039256184005e+03 1.536784778837099741e-02 5.917028671283252331e-05 1.530867750165816263e-02
3.823445866590146579e+03 1.428202616166623570e-02 5.467478931545145148e-05 1.422735137235079349e-02
3.827517693924107789e+03 1.333342449010611018e-02 5.077815100119277867e-05 1.328264633910491641e-02
3.831589521258069908e+03 1.250479586993127543e-02 4.740490171463588372e-05 1.245739096821663061e-02
3.835661348592032482e+03 1.178063442809093239e-02 4.448347686326395819e-05 1.173615095122767377e-02
3.839733175925993237e+03 1.114679786505917876e-02 4.194597690917872688e-05 1.110485188815000732e-02
3.843805003259955356e+03 1.059040637110927538e-02 3.972946821103316185e-05 1.055067690289824243e-02
3.847876830593917020e+03 1.009994777372653571e-02 3.777798217216681291e-05 1.006216979155438555e-02
3.851948657927879140e+03 9.665463898114678987e-03 3.604432636604296483e-05 9.629419571748653803e-03
3.856020485261840804e+03 9.278690928247030484e-03 3.449108402539275559e-05 9.244199844221650739e-03
3.860092312595802468e+03 8.933066029104140895e-03 3.309056405520916649e-05 8.899975465048934331e-03
3.864164139929764588e+03 8.623570797206065591e-03 3.182379315996410263e-05 8.591747004046110942e-03
3.868235967263726252e+03 8.346435613572645087e-03 3.067881607660216881e-05 8.315756797496038494e-03
3.872307794597688371e+03 8.098762307422508258e-03 2.964859426827209170e-05 8.069113713154238074e-03
3.876379621931650036e+03 7.878132249365971812e-03 2.872874433771724221e-05 7.849403505028260120e-03
3.880451449265611700e+03 7.682259280256236063e-03 2.791532142906111503e-05 7.654343958827175727e-03
3.884523276599573819e+03 7.508731599017520741e-03 2.720287161486452734e-05 7.481528727402655780e-03
3.888595103933535484e+03 7.354871244812590143e-03 2.658302696825817210e-05 7.328288217844336830e-03
3.892666931267497603e+03 7.217725831757397688e-03 2.604392958176623559e-05 7.191681902175631191e-03
3.896738758601459267e+03 7.094191808693510286e-03 2.557068084678339875e-05 7.068621127846734693e-03
3.900810585935420931e+03 6.981248229327763170e-03 2.514680289720777059e-05 6.956101426430568065e-03
3.904882413269383051e+03 6.876255178096753011e-03 2.475642092181484720e-05 6.851498757174943541e-03
3.908954240603344715e+03 6.777247792636107923e-03 2.438662902396575429e-05 6.752861163612141823e-03
3.913026067937306834e+03 6.683145473519813348e-03 2.402939469387521540e-05 6.659116078825935876e-03
3.917097895271267589e+03 6.593805720796203432e-03 2.368244902466315607e-05 6.570123271771558145e-03
3.921169722605230163e+03 6.509886009777837712e-03 2.334888671181034535e-05 6.486537123066028407e-03
3.925241549939192282e+03 6.432528495119105294e-03 2.303557325548152152e-05 6.409492921863631579e-03
3.929313377273153492e+03 6.362935810287450970e-03 2.275079942836294512e-05 6.340185010859086985e-03
3.933385204607116066e+03 6.301943227116113197e-03 2.250181966160537395e-05 6.279441407454511292e-03
3.937457031941076821e+03 6.249698509967120327e-03 2.229290241409914787e-05 6.227405607553021874e-03
3.941528859275038940e+03 6.205531904763058985e-03 2.212432343869797440e-05 6.183407581324375062e-03
3.945600686609001514e+03 6.168043483137823808e-03 2.199242785300356415e-05 6.146051055284824059e-03
3.949672513942962723e+03 6.135371928327346125e-03 2.189058335558460093e-05 6.113481344971758227e-03
3.953744341276924388e+03 6.105559044346659144e-03 2.181063991057146449e-05 6.083748404436102597e-03
3.957816168610886052e+03 6.076903781949349707e-03 2.174444953559721703e-05 6.055159332413757173e-03
3.961887995944848171e+03 6.048213294116885561e-03 2.168507577124407297e-05 6.026528218345655538e-03
3.965959823278809836e+03 6.018899000896094260e-03 2.162748448392808189e-05 5.997271516412180578e-03
3.970031650612771955e+03 5.988916710141747868e-03 2.156868739768905006e-05 5.967348022744060031e-03
3.974103477946733619e+03 5.958593463411670024e-03 2.150744961449437066e-05 5.937086013797174613e-03
3.978175305280695284e+03 5.928406934826309024e-03 2.144374332034692246e-05 5.906963191505952906e-03
3.982247132614657403e+03 5.898782105203656534e-03 2.137813372304446581e-05 5.877403971480632712e-03
3.986318959948619067e+03 5.869950003521156104e-03 2.131124245427339707e-05 5.848638761066876808e-03
3.990390787282581186e+03 5.841885547519588481e-03 2.124337573685391238e-05 5.820642171782743415e-03
3.994462614616542851e+03 5.814317120257533368e-03 2.117434975909705182e-05 5.793142770498448287e-03
3.998534441950504515e+03 5.786786395672917534e-03 2.110350219187220809e-05 5.765682893481056774e-03
