# wavenumber(cm^-1)  total O H
4.071827333961817175e+00 2.785186049694016175e-01 8.720101027843993324e-02 1.913175946909616842e-01
8.143654667923634349e+00 3.000587146750149370e-01 9.450654557811977163e-02 2.055521690968951098e-01
1.221548200188545152e+01 3.338801524028385259e-01 1.060100898850315498e-01 2.278700625178068928e-01
1.628730933584726870e+01 3.771588232180378975e-01 1.207933488607279005e-01 2.563654743573098860e-01
2.035913666980908587e+01 4.264698623136474742e-01 1.377337009646287525e-01 2.887361613490186940e-01
2.443096400377090305e+01 4.781935060334984722e-01 1.556307628202699411e-01 3.225627432132284755e-01
2.850279133773272022e+01 5.288956034796277184e-01 1.733269749770850465e-01 3.555686285025425608e-01
3.257461867169453740e+01 5.756262419202899938e-01 1.898049179077732351e-01 3.858213240125166754e-01
3.664644600565635812e+01 6.161044733534289941e-01 2.042510921450280681e-01 4.118533812084008150e-01
4.071827333961817175e+01 6.487854289579795264e-01 2.160841823723373967e-01 4.327012465856420742e-01
4.479010067357999247e+01 6.728304280815098348e-01 2.249531241295962547e-01 4.478773039519137744e-01
4.886192800754180610e+01 6.880151900753592731e-01 2.307148518340587928e-01 4.573003382413003415e-01
5.293375534150362682e+01 6.946135952278652548e-01 2.334026454741144896e-01 4.612109497537506542e-01
5.700558267546544045e+01 6.932861366854288221e-01 2.331938449354039045e-01 4.600922917500249731e-01
6.107741000942726117e+01 6.849877796659555873e-01 2.303816096351415932e-01 4.546061700308139386e-01
6.514923734338907479e+01 6.708951716588658076e-01 2.253510437408479117e-01 4.455441279180178960e-01
6.922106467735089552e+01 6.523430604296081015e-01 2.185569146439381716e-01 4.337861457856698744e-01
7.329289201131271625e+01 6.307570998917579885e-01 2.104992646527657496e-01 4.202578352389922389e-01
7.736471934527452277e+01 6.075747227608451206e-01 2.016944853144498340e-01 4.058802374463952312e-01
8.143654667923634349e+01 5.841546511129647179e-01 1.926421287766491020e-01 3.915125223363155049e-01
8.550837401319816422e+01 5.616848164542016519e-01 1.837906547215424624e-01 3.778941617326592173e-01
8.958020134715998495e+01 5.411041613732887612e-01 1.755072526409556521e-01 3.655969087323329703e-01
9.365202868112179146e+01 5.230538002642790563e-01 1.680570773840107390e-01 3.549967228802682895e-01
9.772385601508361219e+01 5.078673906279056460e-01 1.615956111019565822e-01 3.462717795259490083e-01
1.017956833490454329e+02 4.956014177426566469e-01 1.561749961954630450e-01 3.394264215471934909e-01
1.058675106830072536e+02 4.860966559028264133e-01 1.517620560433058929e-01 3.343345998595205204e-01
1.099393380169690602e+02 4.790554556739453074e-01 1.482633446710002745e-01 3.307921110029449219e-01
1.140111653509308809e+02 4.741176367011460391e-01 1.455516256120607255e-01 3.285660110890852859e-01
1.180829926848927016e+02 4.709208032077542017e-01 1.434888202315941219e-01 3.274319829761599965e-01
1.221548200188545223e+02 4.691373737367582342e-01 1.419423001968635190e-01 3.271950735398946319e-01
1.262266473528163289e+02 4.684881060965662702e-01 1.407937015895552868e-01 3.276944045070109834e-01
1.302984746867781496e+02 4.687379706077615671e-01 1.399414369522812007e-01 3.287965336554802276e-01
1.343703020207399561e+02 4.696832674027419108e-01 1.392992316767155958e-01 3.303840357260262595e-01
1.384421293547017910e+02 4.711385385830276218e-01 1.387931511837204590e-01 3.323453873993071350e-01
1.425139566886635976e+02 4.729289199788831444e-01 1.383589302649367858e-01 3.345699897139463586e-01
1.465857840226254325e+02 4.748896404069987698e-01 1.379404111679963241e-01 3.369492292390023347e-01
1.506576113565872390e+02 4.768709840039743186e-01 1.374890085378229487e-01 3.393819754661512311e-01
1.547294386905490455e+02 4.787452354822639977e-01 1.369636510429766418e-01 3.417815844392873004e-01
1.588012660245108805e+02 4.804121773098623538e-01 1.363306563179036424e-01 3.440815209919586559e-01
1.628730933584726870e+02 4.818011132704683730e-01 1.355633138189706877e-01 3.462377994514976298e-01
1.669449206924344935e+02 4.828692612925749583e-01 1.346413136091240692e-01 3.482279476834508891e-01
1.710167480263963284e+02 4.835978174086513204e-01 1.335503415901961033e-01 3.500474758184551893e-01
1.750885753603581350e+02 4.839875287066207621e-01 1.322820765370001095e-01 3.517054521696206804e-01
1.791604026943199699e+02 4.840552045350463573e-01 1.308345446813624080e-01 3.532206598536839492e-01
1.832322300282817764e+02 4.838316233177534786e-01 1.292124884822503095e-01 3.546191348355032247e-01
1.873040573622435829e+02 4.833603053340495559e-01 1.274272638762503906e-01 3.559330414577990820e-01
1.913758846962054179e+02 4.826960735465900543e-01 1.254958817345562250e-01 3.572001918120338848e-01
1.954477120301672244e+02 4.819023993899486102e-01 1.234391134046934485e-01 3.584632859852551201e-01
1.995195393641290309e+02 4.810471117733657320e-01 1.212789449464439090e-01 3.597681668269218092e-01
2.035913666980908658e+02 4.801968180358343052e-01 1.190359212864345040e-01 3.611608967493998845e-01
2.076631940320526724e+02 4.794109945022464458e-01 1.167269576525043762e-01 3.626840368497421530e-01
2.117350213660145073e+02 4.787369205257158700e-01 1.143640062460185708e-01 3.643729142796973131e-01
2.158068486999763138e+02 4.782064187267626165e-01 1.119536500887831770e-01 3.662527686379794534e-01
2.198786760339381203e+02 4.778348683779645723e-01 1.094974034880361324e-01 3.683374648899284121e-01
2.239505033678999553e+02 4.776224087146522246e-01 1.069923568094397898e-01 3.706300519052123654e-01
2.280223307018617618e+02 4.775568505235022743e-01 1.044318575218818601e-01 3.731249930016204419e-01
2.320941580358235683e+02 4.776176680003815234e-01 1.018061166785413779e-01 3.758115513218401871e-01
2.361659853697854032e+02 4.777805208899475464e-01 9.910285038531585489e-02 3.786776705046316915e-01
2.402378127037472098e+02 4.780219409409108278e-01 9.630818541750083006e-02 3.817137555234100255e-01
2.443096400377090447e+02 4.783239691888289125e-01 9.340801053826761069e-02 3.849159586505611630e-01
2.483814673716708512e+02 4.786785643826611536e-01 9.038976272271899426e-02 3.882888016599422287e-01
2.524532947056326577e+02 4.790915184148182848e-01 8.724439877928322207e-02 3.918471196355349795e-01
2.565251220395944642e+02 4.795854914958949111e-01 8.396814224918938696e-02 3.956173492467053854e-01
2.605969493735562992e+02 4.802017306117056239e-01 8.056360170724538583e-02 3.996381289044602658e-01
2.646687767075181341e+02 4.810001441131908639e-01 7.704003876879465806e-02 4.039601053443962475e-01
2.687406040414799122e+02 4.820576820994292855e-01 7.341284616911994410e-02 4.086448359303093136e-01
2.728124313754417472e+02 4.834653371232729424e-01 6.970255212675599554e-02 4.137627849965170301e-01
2.768842587094035821e+02 4.853243935407887122e-01 6.593377951798969072e-02 4.193906140227990353e-01
2.809560860433653602e+02 4.877426770709935022e-01 6.213450362384849435e-02 4.256081734471449107e-01
2.850279133773271951e+02 4.908314145293707353e-01 5.833570640506179072e-02 4.324957081243089307e-01
2.890997407112890301e+02 4.947029407968031589e-01 5.457122915539971281e-02 4.401317116414034669e-01
2.931715680452508650e+02 4.994690255014418989e-01 5.087741580130433761e-02 4.485916097001375613e-01
2.972433953792126431e+02 5.052392307254848225e-01 4.729211857139815900e-02 4.579471121540867884e-01
3.013152227131744780e+02 5.121186215933268837e-01 4.385282901680596923e-02 4.682657925765210116e-01
3.053870500471363130e+02 5.202043952105376290e-01 4.059403249655522267e-02 4.796103627139824965e-01
3.094588773810980911e+02 5.295814842971295899e-01 3.754423233793192927e-02 4.920372519591976745e-01
3.135307047150599260e+02 5.403177212361554016e-01 3.472331085454750943e-02 5.055944103816077950e-01
3.176025320490217609e+02 5.524594706348360251e-01 3.214089578488710935e-02 5.203185748499488117e-01
3.216743593829835390e+02 5.660285869225720745e-01 2.979617390930844323e-02 5.362324130132636313e-01
3.257461867169453740e+02 5.810211315359955497e-01 2.767921567036714034e-02 5.533419158656284198e-01
3.298180140509072089e+02 5.974076849595030270e-01 2.577347637698757660e-02 5.716342085825153463e-01
3.338898413848689870e+02 6.151346197912772595e-01 2.405885445346248389e-02 5.910757653378146959e-01
3.379616687188308219e+02 6.341256372997933211e-01 2.251460206168347938e-02 6.116110352381098902e-01
3.420334960527926569e+02 6.542832994993663664e-01 2.112151025397144069e-02 6.331617892453949015e-01
3.461053233867544918e+02 6.754910276963885796e-01 1.986306849748017272e-02 6.556279591989083722e-01
3.501771507207162699e+02 6.976166747807310831e-01 1.872562137927922393e-02 6.788910534014519493e-01
3.542489780546781049e+02 7.205188470783223664e-01 1.769780555767158647e-02 7.028210415206508355e-01
3.583208053886399398e+02 7.440563763619120197e-01 1.676967538904568233e-02 7.272867009728664067e-01
3.623926327226017179e+02 7.680998364755741159e-01 1.593190031810918020e-02 7.521679361574648004e-01
3.664644600565635528e+02 7.925423096429462522e-01 1.517527897211039603e-02 7.773670306708359012e-01
3.705362873905253878e+02 8.173055536896569606e-01 1.449063370039431822e-02 8.028149199892624654e-01
3.746081147244871659e+02 8.423380557568729277e-01 1.386899640675325930e-02 8.284690593501196076e-01
3.786799420584490008e+02 8.676034840195967490e-01 1.330191879650998756e-02 8.543015652230867563e-01
3.827517693924108357e+02 8.930613655992548638e-01 1.278174722810853682e-02 8.802796183711463218e-01
3.868235967263726138e+02 9.186453394497211544e-01 1.230176998390121110e-02 9.063435694658199537e-01
3.908954240603344488e+02 9.442466197767191982e-01 1.185623053418401879e-02 9.323903892425352558e-01
3.949672513942962837e+02 9.697101270394901107e-01 1.144026365161225980e-02 9.582698633878777850e-01
3.990390787282580618e+02 9.948476430567201323e-01 1.104982913218615845e-02 9.837978139245338038e-01
4.031109060622198967e+02 1.019466974112105628e+00 1.068169141841102988e-02 1.008785282693694496e+00
4.071827333961817317e+02 1.043410133571836429e+00 1.033344316715718858e-02 1.033076690404679310e+00
4.112545607301435666e+02 1.066589155260212252e+00 1.000352519181688625e-02 1.056585630068395565e+00
4.153263880641053447e+02 1.089007193645222804e+00 9.691177267867643469e-03 1.079316016377355192e+00
4.193982153980671796e+02 1.110755855853199581e+00 9.396272322811333871e-03 1.101359583530388209e+00
4.234700427320290146e+02 1.131986538275393306e+00 9.119031942611294239e-03 1.122867506332781762e+00
4.275418700659907927e+02 1.152861819327470005e+00 8.859673458024738130e-03 1.144002145869445375e+00
4.316136973999526276e+02 1.173499893241598313e+00 8.618075223222332326e-03 1.164881818018375981e+00
4.356855247339144626e+02 1.193928110509628215e+00 8.393551356875306180e-03 1.185534559152752632e+00
4.397573520678762407e+02 1.214059650734885754e+00 8.184797699455733516e-03 1.205874853035429961e+00
4.438291794018380756e+02 1.233700690321238636e+00 7.990018170721029100e-03 1.225710672150517322e+00
4.479010067357999105e+02 1.252586282052527089e+00 7.807184840542262527e-03 1.244779097211984764e+00
4.519728340697616886e+02 1.270434579470742120e+00 7.634346228322192937e-03 1.262800233242419967e+00
4.560446614037235236e+02 1.287003869081350560e+00 7.469889844468472102e-03 1.279533979236882058e+00
4.601164887376853585e+02 1.302136753531198510e+00 7.312688254426250381e-03 1.294824065276772185e+00
4.641883160716471366e+02 1.315780608484391934e+00 7.162102806797400641e-03 1.308618505677594523e+00
4.682601434056089715e+02 1.327981280974857459e+00 7.017868265699468526e-03 1.320963412709157847e+00
4.723319707395708065e+02 1.338855113695563981e+00 6.879917259965044433e-03 1.331975196435598807e+00
4.764037980735326414e+02 1.348550065858378666e+00 6.748214284635137283e-03 1.341801851573743321e+00
4.804756254074944195e+02 1.357208312570475028e+00 6.622653560804124540e-03 1.350585659009670980e+00
4.845474527414562544e+02 1.364940169423983551e+00 6.503041763671274858e-03 1.358437127660312216e+00
4.886192800754180894e+02 1.371813898888702088e+00 6.389149744696578925e-03 1.365424749144005245e+00
4.926911074093798675e+02 1.377860113588963653e+00 6.280791240175909521e-03 1.371579322348787766e+00
4.967629347433417024e+02 1.383085211510602042e+00 6.177880150900772090e-03 1.376907331359701558e+00
5.008347620773035374e+02 1.387486801490239285e+00 6.080431940626036119e-03 1.381406369549613489e+00
5.049065894112653154e+02 1.391065413459372291e+00 5.988501791638841526e-03 1.385076911667733723e+00
5.089784167452271504e+02 1.393829876489876218e+00 5.902080668283270388e-03 1.387927795821592980e+00
5.130502440791889285e+02 1.395797027813040714e+00 5.820989061428349758e-03 1.389976038751612242e+00
5.171220714131508203e+02 1.396988527955771664e+00 5.744810295966745403e-03 1.391243717659805146e+00
5.211938987471125984e+02 1.397427872350885503e+00 5.672891075896310288e-03 1.391754981274989422e+00
5.252657260810743765e+02 1.397139465474130260e+00 5.604412768611677365e-03 1.391535052705518805e+00
5.293375534150362682e+02 1.396149758288607101e+00 5.538512359037624060e-03 1.390611245929569417e+00
5.334093807489980463e+02 1.394488989729370854e+00 5.474415956810562908e-03 1.389014573772560324e+00
5.374812080829598244e+02 1.392191713198537517e+00 5.411545274476503402e-03 1.386780167924061447e+00
5.415530354169217162e+02 1.389295092213405081e+00 5.349568376301287731e-03 1.383945523837103675e+00
5.456248627508834943e+02 1.385835386275101611e+00 5.288385369645372085e-03 1.380547000905456567e+00
5.496966900848452724e+02 1.381844309813182292e+00 5.228060348015272502e-03 1.376616249465167030e+00
5.537685174188071642e+02 1.377347359645707980e+00 5.168725982571053049e-03 1.372178633663137193e+00
5.578403447527689423e+02 1.372365546356890231e+00 5.110492522978854132e-03 1.367255053833911660e+00
5.619121720867307204e+02 1.366920538249561945e+00 5.053388055889769179e-03 1.361867150193672327e+00
5.659839994206926121e+02 1.361041692733081065e+00 4.997344369075245978e-03 1.356044348364005669e+00
5.700558267546543902e+02 1.354772495050507786e+00 4.942227271742568109e-03 1.349830267778764803e+00
5.741276540886162820e+02 1.348173945570250165e+00 4.887896558200143307e-03 1.343286049012050176e+00
5.781994814225780601e+02 1.341323386747647950e+00 4.834272654218412651e-03 1.336489114093429631e+00
5.822713087565398382e+02 1.334308706718856374e+00 4.781386097472728990e-03 1.329527320621383790e+00
5.863431360905017300e+02 1.327219210086144852e+00 4.729392043086669446e-03 1.322489818043058207e+00
5.904149634244635081e+02 1.320135238367846853e+00 4.678542899176807608e-03 1.315456695468669723e+00
5.944867907584252862e+02 1.313118688085913588e+00 4.629124854529317185e-03 1.308489563231384434e+00
5.985586180923871780e+02 1.306206072242717342e+00 4.581375020480073744e-03 1.301624697222237170e+00
6.026304454263489561e+02 1.299405045314582008e+00 4.535402207947593183e-03 1.294869643106634216e+00
6.067022727603107342e+02 1.292694685856143666e+00 4.491134222271808522e-03 1.288203551633871680e+00
6.107741000942726259e+02 1.286029444352533968e+00 4.448307897442308270e-03 1.281581136455091752e+00
6.148459274282344040e+02 1.279346438799114027e+00 4.406506642600606545e-03 1.274939932156513356e+00
6.189177547621961821e+02 1.272575519184023785e+00 4.365237224679676883e-03 1.268210281959344155e+00
6.229895820961580739e+02 1.265651075723794872e+00 4.324026643883259122e-03 1.261327049079911777e+00
6.270614094301198520e+02 1.258523969084331284e+00 4.282514508953260031e-03 1.254241454575378167e+00
6.311332367640816301e+02 1.251171453034026992e+00 4.240517915113527561e-03 1.246930935118913286e+00
6.352050640980435219e+02 1.243602873464379144e+00 4.198053907304005565e-03 1.239404819557075266e+00
6.392768914320053000e+02 1.235859501335728527e+00 4.155316574438018898e-03 1.231704184761290399e+00
6.433487187659670781e+02 1.228008074040935371e+00 4.112617900946955764e-03 1.223895456139988180e+00
6.474205460999289699e+02 1.220129162368496889e+00 4.070310059227510643e-03 1.216058852309269245e+00
6.514923734338907479e+02 1.212302836891299807e+00 4.028709573202162060e-03 1.208274127318097468e+00
6.555642007678525260e+02 1.204594786847935861e+00 3.988040485828983801e-03 1.200606746362106625e+00
6.596360281018144178e+02 1.197045796830015219e+00 3.948406067865951365e-03 1.193097390762149157e+00
6.637078554357761959e+02 1.189666422569060966e+00 3.909789649021272809e-03 1.185756632920039966e+00
6.677796827697379740e+02 1.182437251800784406e+00 3.872077810396699210e-03 1.178565173990387738e+00
6.718515101036998658e+02 1.175313836512619892e+00 3.835095409103789210e-03 1.171478741103516130e+00
6.759233374376616439e+02 1.168234660753390664e+00 3.798642104962013984e-03 1.164436018648428384e+00
6.799951647716234220e+02 1.161130478930632703e+00 3.762523158551896261e-03 1.157367955772081070e+00
6.840669921055853138e+02 1.153933805015194825e+00 3.726571394025521983e-03 1.150207233621169722e+00
6.881388194395470919e+02 1.146587842165204929e+00 3.690660554248258087e-03 1.142897181610956547e+00
6.922106467735089836e+02 1.139054346744039492e+00 3.654711778973125744e-03 1.135399634965066351e+00
6.962824741074707617e+02 1.131319704888176902e+00 3.618694629591549892e-03 1.127701010258585379e+00
7.003543014414325398e+02 1.123398072847623608e+00 3.582622850681880557e-03 1.119815449996941936e+00
7.044261287753944316e+02 1.115330219701057057e+00 3.546544105792043093e-03 1.111783675595265253e+00
7.084979561093562097e+02 1.107177114135517337e+00 3.510523165667740579e-03 1.103666590969849537e+00
7.125697834433179878e+02 1.099008441484308651e+00 3.474619655518650183e-03 1.095533821828790000e+00
7.166416107772798796e+02 1.090887843785468103e+00 3.438863884220254210e-03 1.087448979901247892e+00
7.207134381112416577e+02 1.082858132376140148e+00 3.403236367832316277e-03 1.079454896008307685e+00
7.247852654452034358e+02 1.074930341659261712e+00 3.367657287884855306e-03 1.071562684371377028e+00
7.288570927791653276e+02 1.067079838812553305e+00 3.331990639259362844e-03 1.063747848173293820e+00
7.329289201131271057e+02 1.059250838002399719e+00 3.296064364242316021e-03 1.055954773638157373e+00
7.370007474470888837e+02 1.051368177912337387e+00 3.259703276199615776e-03 1.048108474636137988e+00
7.410725747810507755e+02 1.043353013028797793e+00 3.222767478265170602e-03 1.040130245550532573e+00
7.451444021150125536e+02 1.035137989381173185e+00 3.185186699818068519e-03 1.031952802681355141e+00
7.492162294489743317e+02 1.026677942465715532e+00 3.146981398692508779e-03 1.023530961067022904e+00
7.532880567829362235e+02 1.017953961147360253e+00 3.108264628530589026e-03 1.014845696518829721e+00
7.573598841168980016e+02 1.008971049273535758e+00 3.069223652480507387e-03 1.005901825621055234e+00
7.614317114508597797e+02 9.997516053138145731e-01 3.030085577049186282e-03 9.967215197367652602e-01
7.655035387848216715e+02 9.903277570900922422e-01 2.991075266496514250e-03 9.873366818235954634e-01
7.695753661187834496e+02 9.807350138002595141e-01 2.952375334354999988e-03 9.777826384659042969e-01
7.736471934527452277e+02 9.710081573960195334e-01 2.914096816537645358e-03 9.680940605794818854e-01
7.777190207867071194e+02 9.611786555479184813e-01 2.876265856443911695e-03 9.583023896914744100e-01
7.817908481206688975e+02 9.512720258488318592e-01 2.838827640872297435e-03 9.484331982079595713e-01
7.858626754546306756e+02 9.413039861640288830e-01 2.801665255111899112e-03 9.385023209089169427e-01
7.899345027885925674e+02 9.312756934948396292e-01 2.764628945750253163e-03 9.285110645490892711e-01
7.940063301225543455e+02 9.211701065742342598e-01 2.727570593979547313e-03 9.184425359802546041e-01
7.980781574565161236e+02 9.109524718262811405e-01 2.690378438169557275e-03 9.082620933881114800e-01
8.021499847904780154e+02 9.005773632734316303e-01 2.653007427423499133e-03 8.979243558460080488e-01
8.062218121244397935e+02 8.900025238123578930e-01 2.615500536713959070e-03 8.873870232756437826e-01
8.102936394584015716e+02 8.792066845985182511e-01 2.577996120240168016e-03 8.766286884782779065e-01
8.143654667923634634e+02 8.682058667925012241e-01 2.540716774893765628e-03 8.656651500176073544e-01
8.184372941263252415e+02 8.570617087196469308e-01 2.503937267434589147e-03 8.545577714522121227e-01
8.225091214602871332e+02 8.458768580648634572e-01 2.467933355979212533e-03 8.434089247088841779e-01
8.265809487942490250e+02 8.347762086128334147e-01 2.432919205378897883e-03 8.323432894074546118e-01
8.306527761282106894e+02 8.238775617895583991e-01 2.398986745564393730e-03 8.214785750439940193e-01
8.347246034621726949e+02 8.132594120579390573e-01 2.366063281820247974e-03 8.108933487761188497e-01
8.387964307961343593e+02 8.029353604351335827e-01 2.333901848929607371e-03 8.006014585862036848e-01
8.428682581300961374e+02 7.928432968393003266e-01 2.302111604762551150e-03 7.905411852345376467e-01
8.469400854640580292e+02 7.828532626444932863e-01 2.270224495325906099e-03 7.805830381491672965e-01
8.510119127980199210e+02 7.727922022738559216e-01 2.237782892109481132e-03 7.705544193817462917e-01
8.550837401319815854e+02 7.624786157195011516e-01 2.204425075789622716e-03 7.602741906437114894e-01
8.591555674659433635e+02 7.517572542855291973e-01 2.169944640435606063e-03 7.495873096450935691e-01
8.632273947999052552e+02 7.405244349650098590e-01 2.134307122137221562e-03 7.383901278428723902e-01
8.672992221338670333e+02 7.287380515049710628e-01 2.097620441981644553e-03 7.266404310629893670e-01
8.713710494678289251e+02 7.164115962469597143e-01 2.060070664823603504e-03 7.143515255821359933e-01
8.754428768017908169e+02 7.035965627063806016e-01 2.021845795277162679e-03 7.015747169111031800e-01
8.795147041357524813e+02 6.903607154034336890e-01 1.983073691885391121e-03 6.883776417115482493e-01
8.835865314697144868e+02 6.767699338313819535e-01 1.943794334623152962e-03 6.748261394967587368e-01
8.876583588036761512e+02 6.628788231538174092e-01 1.903973717832235487e-03 6.609748494359848348e-01
8.917301861376379293e+02 6.487311909531373599e-01 1.863551338526152389e-03 6.468676396146111340e-01
8.958020134715998211e+02 6.343674716236895605e-01 1.822501255826625101e-03 6.325449703678628355e-01
8.998738408055617128e+02 6.198337356327943137e-01 1.780882353875850189e-03 6.180528532789184570e-01
9.039456681395233772e+02 6.051868374636960590e-01 1.738858137077099481e-03 6.034479793266187553e-01
9.080174954734851553e+02 5.904923661965512105e-01 1.696678090919047973e-03 5.887956881056319869e-01
9.120893228074470471e+02 5.758153808228676507e-01 1.654626780451249387e-03 5.741607540424162881e-01
9.161611501414088252e+02 5.612070725861586507e-01 1.612958156627855490e-03 5.595941144295306646e-01
9.202329774753707170e+02 5.466922994999500185e-01 1.571837056047892863e-03 5.451204624439018875e-01
9.243048048093326088e+02 5.322627882039877578e-01 1.531306417426932286e-03 5.307314817865607104e-01
9.283766321432942732e+02 5.178788740163030591e-01 1.491289120443418936e-03 5.163875848958594528e-01
9.324484594772562787e+02 5.034797670391764068e-01 1.451621506957783640e-03 5.020281455322186392e-01
9.365202868112179431e+02 4.889995815564468495e-01 1.412105954429574307e-03 4.875874756020172063e-01
9.405921141451797212e+02 4.743846884785113960e-01 1.372565494078320861e-03 4.730121229844330699e-01
9.446639414791416129e+02 4.596078143738811517e-01 1.332885281689649053e-03 4.582749290921913632e-01
9.487357688131035047e+02 4.446756007532161048e-01 1.293032269167732106e-03 4.433825684840483339e-01
9.528075961470652828e+02 4.296284713120551157e-01 1.253052711360174484e-03 4.283754186006948350e-01
9.568794234810269472e+02 4.145338503629608651e-01 1.213053998913557517e-03 4.133207963640472826e-01
9.609512508149888390e+02 3.994753485092902845e-01 1.173180576340806473e-03 3.983021679329493692e-01
9.650230781489506171e+02 3.845411102793444558e-01 1.133592901048665908e-03 3.834075173782957036e-01
9.690949054829125089e+02 3.698141109889520051e-01 1.094454625803690682e-03 3.687196563631482960e-01
9.731667328168744007e+02 3.553661063750450100e-01 1.055928444897739991e-03 3.543101779301471299e-01
9.772385601508361788e+02 3.412556255868636201e-01 1.018177310113620214e-03 3.402374482767500097e-01
9.813103874847980705e+02 3.275292674532540582e-01 9.813661960773761329e-04 3.265479012571766981e-01
9.853822148187597350e+02 3.142248709868614709e-01 9.456603858454135309e-04 3.132792106010159339e-01
9.894540421527215130e+02 3.013749576207431224e-01 9.112185539933613737e-04 3.004637390667496688e-01
9.935258694866834048e+02 2.890091093810125966e-01 8.781815346746846404e-04 2.881309278463378698e-01
9.975976968206452966e+02 2.771544990027158817e-01 8.466595194165252389e-04 2.763078394832994000e-01
1.001669524154607075e+03 2.658344535502469297e-01 8.167210116521679076e-04 2.650177325385946747e-01
1.005741351488568739e+03 2.550655607793787527e-01 7.883862611859776548e-04 2.542771745181927612e-01
1.009813178822530631e+03 2.448542949348915809e-01 7.616266184168106555e-04 2.440926683164746647e-01
1.013885006156492409e+03 2.351943524380544770e-01 7.363698874439737318e-04 2.344579825506104831e-01
1.017956833490454301e+03 2.260657901571380413e-01 7.125107371536232650e-04 2.253532794199843425e-01
1.022028660824416193e+03 2.174366468957264209e-01 6.899246621027409774e-04 2.167467222336235400e-01
1.026100488158377857e+03 2.092670764443003151e-01 6.684837346467506491e-04 2.085985927096535020e-01
1.030172315492339749e+03 2.015152839234930493e-01 6.480722440965160829e-04 2.008672116793964457e-01
1.034244142826301641e+03 1.941439466865810259e-01 6.286001657538973619e-04 1.935153465208270807e-01
1.038315970160263305e+03 1.871255219987250917e-01 6.100123181952225035e-04 1.865155096805297952e-01
1.042387797494225197e+03 1.804450220541277128e-01 5.922912745213216885e-04 1.798527307796063401e-01
1.046459624828187088e+03 1.740994612807525432e-01 5.754528234526781749e-04 1.735240084572998165e-01
1.050531452162148753e+03 1.680940888106052244e-01 5.595341018728779581e-04 1.675345547087322973e-01
1.054603279496110645e+03 1.624364393719479049e-01 5.445762484993573339e-04 1.618918631234484984e-01
1.058675106830072536e+03 1.571298767159793608e-01 5.306051069953222898e-04 1.565992716089839865e-01
1.062746934164034201e+03 1.521684536159978451e-01 5.176145560048427607e-04 1.516508390599929090e-01
1.066818761497996093e+03 1.475345169610445262e-01 5.055569651192357190e-04 1.470289599959252735e-01
1.070890588831957984e+03 1.431996691101832808e-01 4.943438656943788733e-04 1.427053252444888953e-01
1.074962416165919649e+03 1.391287167573664885e-01 4.838574050261949008e-04 1.386448593523402217e-01
1.079034243499881541e+03 1.352854012900470693e-01 4.739701582825532329e-04 1.348114311317644420e-01
1.083106070833843432e+03 1.316382581867378276e-01 4.645682926911546802e-04 1.311736898940466245e-01
1.087177898167805097e+03 1.281650100568241246e-01 4.555717756103896542e-04 1.277094382812136997e-01
1.091249725501766989e+03 1.248544080220883867e-01 4.469458285322419166e-04 1.244074621935561398e-01
1.095321552835728880e+03 1.217052146843015520e-01 4.387001422600400494e-04 1.212665145420414731e-01
1.099393380169690545e+03 1.187228205111814650e-01 4.308758769019543672e-04 1.182919446342794723e-01
1.103465207503652437e+03 1.159145751333817004e-01 4.235241253118911730e-04 1.154910510080698061e-01
1.107537034837614328e+03 1.132851530557561909e-01 4.166821564838130284e-04 1.128684708992723634e-01
1.111608862171575993e+03 1.108331340637824514e-01 4.103544897111195103e-04 1.104227795740713586e-01
1.115680689505537885e+03 1.085495445330239284e-01 4.045043923506373598e-04 1.081450401406732487e-01
1.119752516839499776e+03 1.064185279442335236e-01 3.990581785300290714e-04 1.060194697657034224e-01
1.123824344173461441e+03 1.044197589821880268e-01 3.939207442179277043e-04 1.040258382379700974e-01
1.127896171507423333e+03 1.025318234867915040e-01 3.889973879912222423e-04 1.021428260988003212e-01
1.131967998841385224e+03 1.007356340666981237e-01 3.842152266165119396e-04 1.003514188400816270e-01
1.136039826175347116e+03 9.901704672676858721e-02 3.795379389702023131e-04 9.863750878779831144e-02
1.140111653509308780e+03 9.736813465173518867e-02 3.749699358156383675e-04 9.699316471591946931e-02
1.144183480843270672e+03 9.578696787442350646e-02 3.705494865796142394e-04 9.541641838784388485e-02
1.148255308177232564e+03 9.427613387936946421e-02 3.663336529962725506e-04 9.390980022637321345e-02
1.152327135511194228e+03 9.284051799205272903e-02 3.623800166433384373e-04 9.247813797540938019e-02
1.156398962845156120e+03 9.148498130849354315e-02 3.587305619668174029e-04 9.112625074652663804e-02
1.160470790179118012e+03 9.021251302636737468e-02 3.554017598112450436e-04 8.985711126655611392e-02
1.164542617513079676e+03 8.902322757353813010e-02 3.523825266235365962e-04 8.867084504691455371e-02
1.168614444847041568e+03 8.791429670329951873e-02 3.496392275318346322e-04 8.756465747576770708e-02
1.172686272181003460e+03 8.688063972567686144e-02 3.471250792542883478e-04 8.653351464642258795e-02
1.176758099514965124e+03 8.591601654888723905e-02 3.447906498440579432e-04 8.557122589904314625e-02
1.180829926848927016e+03 8.501411924308391321e-02 3.425926225537467428e-04 8.467152662053019363e-02
1.184901754182888908e+03 8.416933498745268749e-02 3.404991766233415700e-04 8.382883581082942182e-02
1.188973581516850572e+03 8.337701436576246128e-02 3.384916660594529348e-04 8.303852269970302125e-02
1.193045408850812464e+03 8.263326200538043120e-02 3.365632725910590014e-04 8.229669873278941394e-02
1.197117236184774356e+03 8.193441341475257711e-02 3.347157588834447149e-04 8.159969765586923274e-02
1.201189063518736020e+03 8.127643718939452089e-02 3.329554244315159335e-04 8.094348176496306280e-02
1.205260890852697912e+03 8.065449957022578775e-02 3.312891118895362297e-04 8.032321045833634710e-02
1.209332718186659804e+03 8.006286585046110127e-02 3.297208683641985076e-04 7.973314498209697898e-02
1.213404545520621468e+03 7.949521692639960335e-02 3.282497413821475890e-04 7.916696718501758934e-02
1.217476372854583360e+03 7.894535264485787185e-02 3.268691208090514872e-04 7.861848352404890439e-02
1.221548200188545252e+03 7.840815161838340930e-02 3.255678707962320192e-04 7.808258374758726694e-02
1.225620027522506916e+03 7.788057092916761404e-02 3.243331158062652932e-04 7.755623781336146161e-02
1.229691854856468808e+03 7.736241366539908793e-02 3.231539902749876766e-04 7.703925967512423312e-02
1.233763682190430700e+03 7.685659022324971279e-02 3.220251435685792603e-04 7.653456507968127431e-02
1.237835509524392364e+03 7.636867454585663517e-02 3.209486044936236048e-04 7.604772594136315067e-02
1.241907336858354256e+03 7.590571782220285890e-02 3.199329703108807284e-04 7.558578485189212937e-02
1.245979164192316148e+03 7.547450643010414351e-02 3.189897886368297684e-04 7.515551664146748190e-02
1.250050991526277812e+03 7.507967646403242157e-02 3.181281665666418142e-04 7.476154829746595176e-02
1.254122818860239704e+03 7.472223728469808146e-02 3.173495980612689926e-04 7.440488768663695851e-02
1.258194646194201596e+03 7.439903161137559340e-02 3.166452788909402370e-04 7.408238633248484528e-02
1.262266473528163260e+03 7.410343704242403073e-02 3.159975341521392310e-04 7.378743950827200415e-02
1.266338300862125152e+03 7.382723573894818536e-02 3.153855446776978591e-04 7.351185019427061706e-02
1.270410128196087044e+03 7.356316182005875892e-02 3.147938194481044306e-04 7.324836800061082509e-02
1.274481955530048708e+03 7.330733520814082527e-02 3.142205085493768009e-04 7.299311469959160470e-02
1.278553782864010600e+03 7.306074070642752660e-02 3.136822895686341224e-04 7.274705841685909224e-02
1.282625610197972492e+03 7.282916494755928283e-02 3.132134454080641754e-04 7.251595150215134344e-02
1.286697437531934156e+03 7.262149935220937880e-02 3.128586531316327672e-04 7.230864069907791403e-02
1.290769264865896048e+03 7.244688915159028242e-02 3.126612638040245713e-04 7.213422788778635353e-02
1.294841092199857940e+03 7.231164610580624597e-02 3.126506276142332450e-04 7.199899547819214873e-02
1.298912919533819604e+03 7.221697164435943173e-02 3.128326055200419606e-04 7.190413903883960400e-02
1.302984746867781496e+03 7.215829322975306215e-02 3.131865353274467792e-04 7.184510669442578656e-02
1.307056574201743388e+03 7.212647672673336285e-02 3.136698627383208149e-04 7.181280686399520163e-02
1.311128401535705052e+03 7.211053476856552069e-02 3.142291348308954885e-04 7.179630563373473606e-02
1.315200228869666944e+03 7.210094165421020163e-02 3.148139877784392258e-04 7.178612766643191478e-02
1.319272056203628836e+03 7.209247560971807078e-02 3.153898741178819305e-04 7.177708573560036276e-02
1.323343883537590500e+03 7.208570308625686374e-02 3.159458527098419028e-04 7.176975723354717118e-02
1.327415710871552392e+03 7.208671515000765473e-02 3.164955492871037281e-04 7.177021960072070550e-02
1.331487538205514284e+03 7.210533082546054240e-02 3.170717034370260090e-04 7.178825912202366211e-02
1.335559365539475948e+03 7.215247262252924565e-02 3.177167133217833196e-04 7.183475590920762599e-02
1.339631192873437840e+03 7.223762731930871706e-02 3.184726021387612521e-04 7.191915471717011399e-02
1.343703020207399732e+03 7.236717865588619680e-02 3.193735898714618088e-04 7.204780506601486667e-02
1.347774847541361396e+03 7.254401334544573199e-02 3.204431569424351302e-04 7.222357018850342203e-02
1.351846674875323288e+03 7.276832067736704879e-02 3.216956849143748245e-04 7.244662499245282938e-02
1.355918502209285180e+03 7.303910970616005194e-02 3.231411294530023423e-04 7.271596857670722946e-02
1.359990329543246844e+03 7.335578607715338706e-02 3.247902711909878915e-04 7.303099580596254803e-02
1.364062156877208736e+03 7.371920003054996395e-02 3.266581458215269611e-04 7.339254188472858764e-02
1.368133984211170628e+03 7.413184186393885489e-02 3.287641679528672156e-04 7.380307769598611067e-02
1.372205811545132292e+03 7.459720528903852899e-02 3.311288504040883806e-04 7.426607643863458730e-02
1.376277638879094184e+03 7.511863671302419776e-02 3.337683778725806854e-04 7.478486833515170240e-02
1.380349466213056076e+03 7.569814728236391732e-02 3.366891672400091555e-04 7.536145811512411086e-02
1.384421293547017967e+03 7.633564976223626564e-02 3.398846630458559996e-04 7.599576509919063472e-02
1.388493120880979632e+03 7.702891693461340339e-02 3.433359477783232768e-04 7.668558098683522783e-02
1.392564948214941523e+03 7.777430623102918328e-02 3.470165046096596257e-04 7.742728972641972629e-02
1.396636775548903415e+03 7.856803856511251904e-02 3.509000446042055471e-04 7.821713852050843352e-02
1.400708602882865080e+03 7.940763522166191524e-02 3.549691639181124371e-04 7.905266605774399769e-02
1.404780430216826971e+03 8.029306057081402048e-02 3.592221351167069641e-04 7.993383843569751290e-02
1.408852257550788863e+03 8.122721043473488112e-02 3.636755782051607697e-04 8.086353485652994499e-02
1.412924084884750528e+03 8.221560292446442042e-02 3.683620326323953291e-04 8.184724089183217921e-02
1.416995912218712419e+03 8.326540445183742978e-02 3.733231846461745472e-04 8.289208126719142811e-02
1.421067739552674311e+03 8.438416361696624013e-02 3.786010975626360325e-04 8.400556251940378971e-02
1.425139566886635976e+03 8.557873544587360493e-02 3.842306218029545566e-04 8.519450482407076031e-02
1.429211394220597867e+03 8.685480209699456000e-02 3.902358237248774314e-04 8.646456627326987165e-02
1.433283221554559759e+03 8.821714788862348999e-02 3.966317889570958799e-04 8.782051609966659567e-02
1.437355048888521424e+03 8.967051809460133138e-02 4.034310309099979164e-04 8.926708706369149149e-02
1.441426876222483315e+03 9.122062378444675823e-02 4.106518062581683516e-04 9.080997197818876931e-02
1.445498703556445207e+03 9.287478152595514402e-02 4.183247534506294441e-04 9.245645677250466377e-02
1.449570530890406872e+03 9.464185438934721861e-02 4.264949034992196941e-04 9.421535948584816578e-02
1.453642358224368763e+03 9.653153038476365577e-02 4.352181057206165257e-04 9.609631227904322226e-02
1.457714185558330655e+03 9.855337127449348422e-02 4.445534702643636751e-04 9.810881780422930909e-02
1.461786012892292320e+03 1.007162845299749421e-01 4.545554236037111233e-04 1.002617291063714056e-01
1.465857840226254211e+03 1.030289695114790655e-01 4.652694325514016320e-04 1.025637000789277886e-01
1.469929667560216103e+03 1.055014653201352681e-01 4.767340432910611991e-04 1.050247312768443353e-01
1.474001494894177767e+03 1.081473496408345419e-01 4.889891279329429971e-04 1.076583605129018684e-01
1.478073322228139659e+03 1.109856809681473155e-01 5.020873398850182615e-04 1.104835936282625025e-01
1.482145149562101551e+03 1.140416998022768802e-01 5.161041194053672980e-04 1.135255956828716828e-01
1.486216976896063215e+03 1.173457142994600577e-01 5.311420411968553528e-04 1.168145722582633467e-01
1.490288804230025107e+03 1.209303694812954300e-01 5.473277802178538789e-04 1.203830417010776921e-01
1.494360631563986999e+03 1.248273133446506089e-01 5.648034250104944694e-04 1.242625099196403016e-01
1.498432458897948663e+03 1.290647405071655152e-01 5.837166920462801651e-04 1.284810238151193607e-01
1.502504286231910555e+03 1.336671485718969599e-01 6.042154151493460672e-04 1.330629331567477480e-01
1.506576113565872447e+03 1.386578876849950404e-01 6.264500468160349566e-04 1.380314376381791275e-01
1.510647940899834111e+03 1.440640208274519274e-01 6.505845583792257275e-04 1.434134362690728248e-01
1.514719768233796003e+03 1.499221199643891445e-01 6.768126917937707576e-04 1.492453072725954955e-01
1.518791595567757895e+03 1.562833341368449758e-01 7.053747145310297617e-04 1.555779594223141160e-01
1.522863422901719559e+03 1.632165430919011728e-01 7.365705712606204899e-04 1.624799725206407808e-01
1.526935250235681451e+03 1.708094394872143318e-01 7.707681836620314557e-04 1.700386713035524078e-01
1.531007077569643343e+03 1.791684488806343789e-01 8.084090040950696115e-04 1.783600398765394501e-01
1.535078904903605007e+03 1.884189277164145526e-01 8.500147840230811141e-04 1.875689129323916404e-01
1.539150732237566899e+03 1.987067491622446780e-01 8.961986078421576435e-04 1.978105505544027198e-01
1.543222559571528791e+03 2.102013230759115781e-01 9.476798585116243036e-04 2.092536432174001426e-01
1.547294386905490455e+03 2.230988736052625376e-01 1.005298829119215080e-03 2.220935747761434986e-01
1.551366214239452347e+03 2.376241839524616262e-01 1.070024841136716634e-03 2.365541591113250186e-01
1.555438041573414239e+03 2.540295760324801644e-01 1.142953968692251784e-03 2.528866220637880358e-01
1.559509868907375903e+03 2.725916230899493309e-01 1.225298789154254196e-03 2.713663243007952697e-01
1.563581696241337795e+03 2.936083067480640407e-01 1.318380480786979312e-03 2.922899262672772336e-01
1.567653523575299687e+03 3.174008590918361850e-01 1.423638823447151685e-03 3.159772202683892028e-01
1.571725350909261351e+03 3.443242259911684089e-01 1.542674060760532194e-03 3.427815519304079905e-01
1.575797178243223243e+03 3.747874012649800024e-01 1.677324207076568569e-03 3.731100770579035553e-01
1.579869005577185135e+03 4.092802629870470055e-01 1.829763969135347803e-03 4.074504990179118602e-01
1.583940832911146799e+03 4.483984397550031531e-01 2.002592389665020824e-03 4.463958473653383274e-01
1.588012660245108691e+03 4.928541281107131633e-01 2.198862920025631412e-03 4.906552651906876394e-01
1.592084487579070583e+03 5.434604238675703192e-01 2.422008294026990922e-03 5.410384155735434852e-01
1.596156314913032247e+03 6.010803782899600822e-01 2.675626027122473063e-03 5.984047522628376248e-01
1.600228142246994139e+03 6.665389912806268802e-01 2.963116188903998360e-03 6.635758750917229998e-01
1.604299969580956031e+03 7.405047816320113885e-01 3.287194352874288177e-03 7.372175872791372209e-01
1.608371796914917695e+03 8.233549097825454410e-01 3.649330401229419589e-03 8.197055793813161628e-01
1.612443624248879587e+03 9.150419191022590715e-01 4.049180718386342914e-03 9.109927383838730686e-01
1.616515451582841479e+03 1.014980059823676006e+00 4.484084144921898427e-03 1.010495975678754377e+00
1.620587278916803143e+03 1.121965467553913687e+00 4.948683068965037402e-03 1.117016784484948788e+00
1.624659106250765035e+03 1.234139022227872085e+00 5.434716236413420984e-03 1.228704305991458856e+00
1.628730933584726927e+03 1.348995727660109667e+00 5.931015924997200782e-03 1.343064711735112882e+00
1.632802760918688818e+03 1.463441492273828359e+00 6.423732832321921160e-03 1.457017759441507021e+00
1.636874588252650483e+03 1.573897443236066396e+00 6.896806191696368098e-03 1.567000637044370315e+00
1.640946415586612375e+03 1.676452087431754334e+00 7.332688572300420995e-03 1.669119398859454151e+00
1.645018242920574266e+03 1.767060627667643713e+00 7.713317370401279009e-03 1.759347310297242561e+00
1.649090070254536158e+03 1.841786699023200358e+00 8.021293784247790493e-03 1.833765405238952484e+00
1.653161897588498050e+03 1.897074200275793654e+00 8.241187113368016876e-03 1.888833013162425800e+00
1.657233724922459714e+03 1.930027153093168080e+00 8.360837014996444494e-03 1.921666316078171732e+00
1.661305552256421379e+03 1.938666657819669181e+00 8.372493493647534257e-03 1.930294164326021855e+00
1.665377379590383043e+03 1.922129651927508842e+00 8.273628528876548344e-03 1.913856023398632589e+00
1.669449206924345390e+03 1.880777099100117367e+00 8.067283068666247781e-03 1.872709816031451480e+00
1.673521034258306827e+03 1.816190150526275859e+00 7.761877055494947539e-03 1.808428273470781278e+00
1.677592861592268719e+03 1.731049841033547310e+00 7.370495545393601286e-03 1.723679345488153603e+00
1.681664688926230610e+03 1.628914991618182428e+00 6.909750421239625739e-03 1.622005241196943004e+00
1.685736516260192275e+03 1.513929315579750634e+00 6.398382958298509324e-03 1.507530932621452324e+00
1.689808343594154167e+03 1.390498174200584858e+00 5.855801645547810408e-03 1.384642372555036971e+00
1.693880170928116058e+03 1.262976033541580945e+00 5.300737228984315694e-03 1.257675296312597002e+00
1.697951998262077495e+03 1.135398157878366288e+00 4.750150141894495144e-03 1.130648007736472227e+00
1.702023825596039842e+03 1.011277427129575246e+00 4.218460658845997122e-03 1.007058966470729455e+00
1.706095652930001506e+03 8.934734451937451638e-01 3.717108620962375487e-03 8.897563365727829687e-01
1.710167480263963171e+03 7.841299660580481889e-01 3.254403139928986697e-03 7.808755629181192148e-01
1.714239307597924835e+03 6.846701750851142965e-01 2.835600610190767024e-03 6.818345744749236825e-01
1.718311134931886727e+03 5.958375638351329773e-01 2.463149397689212705e-03 5.933744144374438756e-01
1.722382962265848619e+03 5.177714202982631742e-01 2.137052462376216704e-03 5.156343678358868976e-01
1.726454789599810510e+03 4.501080404629731468e-01 1.855313499023686667e-03 4.482527269639494660e-01
1.730526616933772402e+03 3.920997990409918477e-01 1.614439423282586997e-03 3.904853596177092490e-01
1.734598444267734067e+03 3.427435340154959542e-01 1.409969686655780695e-03 3.413335643288402665e-01
1.738670271601695958e+03 3.009079598252835108e-01 1.236994644584072257e-03 2.996709651806995223e-01
1.742742098935657850e+03 2.654485173799338016e-01 1.090618286592274881e-03 2.643578990933416750e-01
1.746813926269619742e+03 2.352986815609139359e-01 9.663219954411961807e-04 2.343323595654728531e-01
1.750885753603581634e+03 2.095299811179960336e-01 8.601987981848132269e-04 2.086697823198112867e-01
1.754957580937543298e+03 1.873783849172248606e-01 7.690497225719512223e-04 1.866093351946530032e-01
1.759029408271504963e+03 1.682408242525157416e-01 6.903590049650535233e-04 1.675504652475507394e-01
1.763101235605466627e+03 1.516506211133426540e-01 6.221851472780262887e-04 1.510284359660648001e-01
1.767173062939428974e+03 1.372430144820531162e-01 5.630141241791074540e-04 1.366800003578741152e-01
1.771244890273390411e+03 1.247212954751030917e-01 5.116174627553037122e-04 1.242096780123479044e-01
1.775316717607352302e+03 1.138308406880511325e-01 4.669441185368160036e-04 1.133638965695143996e-01
1.779388544941314194e+03 1.043439273125304212e-01 4.280568876590618780e-04 1.039158704248714649e-01
1.783460372275275859e+03 9.605418909348621692e-02 3.941079821763660484e-04 9.566008111130995528e-02
1.787532199609237750e+03 8.877710223695553515e-02 3.643389453489261683e-04 8.841276329160671632e-02
1.791604026943199642e+03 8.235238288811701224e-02 3.380886085571020152e-04 8.201429427956000162e-02
1.795675854277161079e+03 7.664525612360079121e-02 3.147974320518100340e-04 7.633045869154909957e-02
1.799747681611123426e+03 7.154535400298236980e-02 2.940036630015567423e-04 7.125135033998089562e-02
1.803819508945085090e+03 6.696360141943055733e-02 2.753326743121434347e-04 6.668826874511848968e-02
1.807891336279046754e+03 6.282826772664147630e-02 2.584835371172589254e-04 6.256978418952433008e-02
1.811963163613008419e+03 5.908131054348562949e-02 2.432163039036675683e-04 5.883809423958204915e-02
1.816034990946970311e+03 5.567554185486923990e-02 2.293411675677299133e-04 5.544620068730161944e-02
1.820106818280932202e+03 5.257249674869440836e-02 2.167085838806521601e-04 5.235578816481382264e-02
1.824178645614894094e+03 4.974056378256036526e-02 2.051989101839777707e-04 4.953536487237653052e-02
1.828250472948855986e+03 4.715304902646840629e-02 1.947112106300570697e-04 4.695833781583839961e-02
1.832322300282817650e+03 4.478622533851474297e-02 1.851526453446979603e-04 4.460107269317016565e-02
1.836394127616779542e+03 4.261776429816006850e-02 1.764309863537189059e-04 4.244133331180643953e-02
1.840465954950741434e+03 4.062601675770497606e-02 1.684524297648624296e-04 4.045756432794019031e-02
1.844537782284703326e+03 3.879034416471628666e-02 1.611250686952347760e-04 3.862921909602105852e-02
1.848609609618665218e+03 3.709225488739285870e-02 1.543660705251025957e-04 3.693788881686781850e-02
1.852681436952626882e+03 3.551672193063249577e-02 1.481089955108184594e-04 3.536861293512173071e-02
1.856753264286588546e+03 3.405296416351531047e-02 1.423076702970680859e-04 3.391065649321826914e-02
1.860825091620550211e+03 3.269422082579753752e-02 1.369346420903586254e-04 3.255728618370722083e-02
1.864896918954512557e+03 3.143651683270416719e-02 1.319747138227984310e-04 3.130454211888140936e-02
1.868968746288473994e+03 3.027687306921250654e-02 1.274162128092412995e-04 3.014945685640331094e-02
1.873040573622435886e+03 2.921164400057974994e-02 1.232434839397660129e-04 2.908840051663998810e-02
1.877112400956397778e+03 2.823556946055437791e-02 1.194333050446228281e-04 2.811613615550981327e-02
1.881184228290359442e+03 2.734177567033051551e-02 1.159559725837932160e-04 2.722581969774671290e-02
1.885256055624321334e+03 2.652253786835882116e-02 1.127796941782468934e-04 2.640975817418061283e-02
1.889327882958283226e+03 2.577032730698713969e-02 1.098756501236470022e-04 2.566045165686348106e-02
1.893399710292245118e+03 2.507862992003244765e-02 1.072211720784279861e-04 2.497140874795402213e-02
1.897471537626207009e+03 2.444222910646870819e-02 1.047997638427094314e-04 2.433742934262595956e-02
1.901543364960168674e+03 2.385696188308833454e-02 1.025984297547007887e-04 2.375436345333364202e-02
1.905615192294130566e+03 2.331921686407738975e-02 1.006040935104782652e-04 2.321861277056684603e-02
1.909687019628092003e+03 2.282552283091066753e-02 9.880118061350426004e-05 2.272672165029709229e-02
1.913758846962053894e+03 2.237246079662187637e-02 9.717165206476495779e-05 2.227528914455710954e-02
1.917830674296016241e+03 2.195690549802816610e-02 9.569739881236944269e-05 2.186120809921577798e-02
1.921902501629977678e+03 2.157639790321626977e-02 9.436367101541099181e-05 2.148203423220081468e-02
1.925974328963939570e+03 2.122937721564183838e-02 9.316172811009619330e-05 2.113621548753167462e-02
1.930046156297901234e+03 2.091508801124180097e-02 9.208934209266472098e-05 2.082299866914905442e-02
1.934117983631863126e+03 2.063316632081071966e-02 9.114887806690439881e-05 2.054201744274370203e-02
1.938189810965825018e+03 2.038308824178198392e-02 9.034382814468689901e-05 2.029274441363724396e-02
1.942261638299786910e+03 2.016373803007286830e-02 8.967531934264784995e-05 2.007406271073013462e-02
1.946333465633748801e+03 1.997328444199268985e-02 8.913998157595659846e-05 1.988414446041659317e-02
1.950405292967710466e+03 1.980938721085453644e-02 8.872978361618803485e-05 1.972065742723819182e-02
1.954477120301672358e+03 1.966958395459036599e-02 8.843346562149676123e-05 1.958115048896872865e-02
1.958548947635633795e+03 1.955162433822411200e-02 8.823852174183371478e-05 1.946338581648216631e-02
1.962620774969596141e+03 1.945356539676984173e-02 8.813262560972875124e-05 1.936543277115997802e-02
1.966692602303558033e+03 1.937359098337143593e-02 8.810391928669627896e-05 1.928548706408463737e-02
1.970764429637519470e+03 1.930968700915850975e-02 8.814037695290555534e-05 1.922154663220545026e-02
1.974836256971481362e+03 1.925940092503874643e-02 8.822906737068616308e-05 1.917117185766795129e-02
1.978908084305443026e+03 1.921988576362041942e-02 8.835624778569465122e-05 1.913152951583461936e-02
1.982979911639404918e+03 1.918828813086932358e-02 8.850877457296865843e-05 1.909977935629625367e-02
1.987051738973366810e+03 1.916235581725423548e-02 8.867654947469786806e-05 1.907367926777942674e-02
1.991123566307328701e+03 1.914100608379771390e-02 8.885503168714943437e-05 1.905215105211042342e-02
1.995195393641290593e+03 1.912457828168274629e-02 8.904659174552686097e-05 1.903553168993714004e-02
1.999267220975252258e+03 1.911460609621824791e-02 8.925980739788099566e-05 1.902534628882022322e-02
2.003339048309214149e+03 1.911313663892232756e-02 8.950657413166697896e-05 1.902363006479056845e-02
2.007410875643175586e+03 1.912181112338640077e-02 8.979778791840339501e-05 1.903201333546787957e-02
2.011482702977137478e+03 1.914102424094977703e-02 9.013897349027829415e-05 1.905088526745938107e-02
2.015554530311099825e+03 1.916945566786234026e-02 9.052732125999141046e-05 1.907892834660225231e-02
2.019626357645061262e+03 1.920413161784904205e-02 9.095113159073863504e-05 1.911318048625819041e-02
2.023698184979023154e+03 1.924098616757196484e-02 9.139184366647745163e-05 1.914959432390540145e-02
2.027770012312984818e+03 1.927572654975029387e-02 9.182797208232094249e-05 1.918389857766787665e-02
2.031841839646946710e+03 1.930472266422602473e-02 9.223969830128411534e-05 1.921248296592464183e-02
2.035913666980908602e+03 1.932565964099468639e-02 9.261274461801029061e-05 1.923304689637655995e-02
2.039985494314870493e+03 1.933779351276547834e-02 9.294049003213296898e-05 1.924485302273323123e-02
2.044057321648832385e+03 1.934178743600306269e-02 9.322390906416590174e-05 1.924856352693877712e-02
2.048129148982794050e+03 1.933922865791212406e-02 9.346959000091888473e-05 1.924575906791111193e-02
2.052200976316755714e+03 1.933199889831873144e-02 9.368660157298356315e-05 1.923831229674563548e-02
2.056272803650717833e+03 1.932168153548676631e-02 9.388319736269794377e-05 1.922779833812398448e-02
2.060344630984679497e+03 1.930914825125518153e-02 9.406425694765604961e-05 1.921508399430741504e-02
2.064416458318641162e+03 1.929439796489161238e-02 9.423003649024386155e-05 1.920016792840124192e-02
2.068488285652603281e+03 1.927664577496994089e-02 9.437636537528875963e-05 1.918226940959453716e-02
2.072560112986564945e+03 1.925459767715760606e-02 9.449601303260629626e-05 1.916010166412495178e-02
2.076631940320526610e+03 1.922680921655866085e-02 9.458066801024223405e-05 1.913222854854832594e-02
2.080703767654488729e+03 1.919201791961134412e-02 9.462287989799855466e-05 1.909739503971323235e-02
2.084775594988450393e+03 1.914936013967284342e-02 9.461741970325909107e-05 1.905474271996952101e-02
2.088847422322412058e+03 1.909842721401384599e-02 9.456176910804399405e-05 1.900386544490568347e-02
2.092919249656374177e+03 1.903917174612272667e-02 9.445576626753563235e-05 1.894471597985509723e-02
2.096991076990335841e+03 1.897172541673852048e-02 9.430071015084373089e-05 1.887742470658764285e-02
2.101062904324297506e+03 1.889621725423157317e-02 9.409836572249644191e-05 1.880211888850897781e-02
2.105134731658259625e+03 1.881267425193276083e-02 9.385027422108452408e-05 1.871882397771159126e-02
2.109206558992221289e+03 1.872104568581244716e-02 9.355757905616182441e-05 1.862748810675620217e-02
2.113278386326182954e+03 1.862133391298376184e-02 9.322131355151517672e-05 1.852811259943218380e-02
2.117350213660145073e+03 1.851376265469180729e-02 9.284287766641671920e-05 1.842091977702531996e-02
2.121422040994106737e+03 1.839889252139847997e-02 9.242435442199355220e-05 1.830646816697641469e-02
2.125493868328068402e+03 1.827761409730398190e-02 9.196841730852928286e-05 1.818564567999535891e-02
2.129565695662030521e+03 1.815100362160222691e-02 9.147780950340272401e-05 1.805952581209874230e-02
2.133637522995992185e+03 1.802009090962394117e-02 9.095462293962354688e-05 1.792913628668423714e-02
2.137709350329953850e+03 1.788563342234509093e-02 9.039974598987605926e-05 1.779523367635513220e-02
2.141781177663915969e+03 1.774799244149430355e-02 8.981280573297942770e-05 1.765817963576125221e-02
2.145853004997877633e+03 1.760716458787481981e-02 8.919271472190880897e-05 1.751797187315282806e-02
2.149924832331839298e+03 1.746295319612128916e-02 8.853863987392776764e-05 1.737441455624726475e-02
2.153996659665801417e+03 1.731520104804050789e-02 8.785098293696662342e-05 1.722735006510347361e-02
2.158068486999763081e+03 1.716397841467571031e-02 8.713191490048112942e-05 1.707684649977511335e-02
2.162140314333724746e+03 1.700964172258112236e-02 8.638517586132145711e-05 1.692325654671970186e-02
2.166212141667686865e+03 1.685273893620791580e-02 8.561516969856033834e-05 1.676712376650926761e-02
2.170283969001648529e+03 1.669380977561872939e-02 8.482570747336563226e-05 1.660898406814521541e-02
2.174355796335610194e+03 1.653317862402541374e-02 8.401893342252856874e-05 1.644915969060284366e-02
2.178427623669572313e+03 1.637084231839299603e-02 8.319491352023514164e-05 1.628764740487267937e-02
2.182499451003533977e+03 1.620651205110682988e-02 8.235209522648872268e-05 1.612415995588024897e-02
2.186571278337495642e+03 1.603979825854480804e-02 8.148847463707199886e-05 1.595830978390765445e-02
2.190643105671457761e+03 1.587046177508237219e-02 8.060299779726742960e-05 1.578985877728504919e-02
2.194714933005419425e+03 1.569862303030882672e-02 7.969661337200567011e-05 1.561892641693673686e-02
2.198786760339381090e+03 1.552483698177756742e-02 7.877253228146536136e-05 1.544606444949601573e-02
2.202858587673343209e+03 1.534999676066385599e-02 7.783557522690352022e-05 1.527216118543689438e-02
2.206930415007304873e+03 1.517509886822430466e-02 7.689086050533689841e-05 1.509820800771889335e-02
2.211002242341266538e+03 1.500095750424407584e-02 7.594234607134851128e-05 1.492501515817266575e-02
2.215074069675228657e+03 1.482797382182879896e-02 7.499178842799217846e-05 1.475298203340075741e-02
2.219145897009190321e+03 1.465604287355286653e-02 7.403850787384687142e-05 1.458200436567893069e-02
2.223217724343151986e+03 1.448462904388491887e-02 7.308003757243988145e-05 1.441154900631240986e-02
2.227289551677114105e+03 1.431298210333292395e-02 7.211341448678325306e-05 1.424086868884613666e-02
2.231361379011075769e+03 1.414042248875282091e-02 7.113666441409458832e-05 1.406928582433871269e-02
2.235433206345037433e+03 1.396660878721730538e-02 7.015000305140247131e-05 1.389645878416586808e-02
2.239505033678999553e+03 1.379171313516303413e-02 6.915640619606952359e-05 1.372255672896695831e-02
2.243576861012961217e+03 1.361646204083903980e-02 6.816142316383756185e-05 1.354830061767518454e-02
2.247648688346922881e+03 1.344203797390633795e-02 6.717232887398761308e-05 1.337486564503235012e-02
2.251720515680885001e+03 1.326987009084993306e-02 6.619686430746811272e-05 1.320367322654248179e-02
2.255792343014846665e+03 1.310136495559214090e-02 6.524187744764089352e-05 1.303612307814450144e-02
2.259864170348808329e+03 1.293763885797223276e-02 6.431216116483632218e-05 1.287332669680736966e-02
2.263935997682770449e+03 1.277931296185577138e-02 6.340972157511442695e-05 1.271590324028065190e-02
2.268007825016732113e+03 1.262642126362011410e-02 6.253362480833390188e-05 1.256388763881179961e-02
2.272079652350694232e+03 1.247845896769226616e-02 6.168046982468469643e-05 1.241677849786761850e-02
2.276151479684655897e+03 1.233456671788121448e-02 6.084541790158030889e-05 1.227372129997968131e-02
2.280223307018617561e+03 1.219380949778468837e-02 6.002358052142808608e-05 1.213378591726330460e-02
2.284295134352579680e+03 1.205547782154776579e-02 5.921145170667389563e-05 1.199626636984115272e-02
2.288366961686541345e+03 1.191932490320257894e-02 5.840801196383001940e-05 1.186091689123877808e-02
2.292438789020503009e+03 1.178566547059368627e-02 5.761517204802403758e-05 1.172805029854574396e-02
2.296510616354465128e+03 1.165530011556455484e-02 5.683738144633123865e-05 1.159846273411825612e-02
2.300582443688426793e+03 1.152928335420736437e-02 5.608046784805573875e-05 1.147320288635939566e-02
2.304654271022388457e+03 1.140860570018674067e-02 5.535002427934034204e-05 1.135325567590751358e-02
2.308726098356350576e+03 1.129389053060921543e-02 5.464982584624995154e-05 1.123924070476304583e-02
2.312797925690312240e+03 1.118520273535791518e-02 5.398076566779093057e-05 1.113122196969016341e-02
2.316869753024273905e+03 1.108202822634840254e-02 5.334063425261764441e-05 1.102868759209583473e-02
2.320941580358236024e+03 1.098342487017306413e-02 5.272478256473059246e-05 1.093070008760840470e-02
2.325013407692197688e+03 1.088828805413887858e-02 5.212741165834242806e-05 1.083616064248057662e-02
2.329085235026159353e+03 1.079563907623366445e-02 5.154303457332553011e-05 1.074409604166037813e-02
2.333157062360121472e+03 1.070484385810138717e-02 5.096763275301390006e-05 1.065387622534848776e-02
2.337228889694083136e+03 1.061570133731951429e-02 5.039918181710670222e-05 1.056530215550251228e-02
2.341300717028044801e+03 1.052839108637883617e-02 4.983748098960670905e-05 1.047855360538930795e-02
2.345372544362006920e+03 1.044331805736926563e-02 4.928347772954130574e-05 1.039403457963983951e-02
2.349444371695968584e+03 1.036092128707101490e-02 4.873843304389526433e-05 1.031218285402717497e-02
2.353516199029930249e+03 1.028151474483421889e-02 4.820327304992803104e-05 1.023331147178435305e-02
2.357588026363892368e+03 1.020520575286661992e-02 4.767833667256768631e-05 1.015752741619412557e-02
2.361659853697854032e+03 1.013190184012232112e-02 4.716353110908893430e-05 1.008473830901332816e-02
2.365731681031815697e+03 1.006138537268155310e-02 4.665873714780445974e-05 1.001472663553379383e-02
2.369803508365777816e+03 9.993417806267099190e-03 4.616423283784129312e-05 9.947253573429296752e-03
2.373875335699739480e+03 9.927835153865091980e-03 4.568094219871612482e-05 9.882154211666469706e-03
2.377947163033701145e+03 9.864608862725759292e-03 4.521042895431182481e-05 9.819398433771525658e-03
2.382018990367663264e+03 9.803863233773104507e-03 4.475467807895012508e-05 9.759108555694243070e-03
2.386090817701624928e+03 9.745853882097582979e-03 4.431578065097279112e-05 9.701538101446697399e-03
2.390162645035586593e+03 9.690917776129051933e-03 4.389563495102982292e-05 9.647022141178098614e-03
2.394234472369548712e+03 9.639405335823858501e-03 4.349571673504036659e-05 9.595909619088904829e-03
2.398306299703510376e+03 9.591603222256434372e-03 4.311690095412595923e-05 9.548486321302392804e-03
2.402378127037472041e+03 9.547656903711943671e-03 4.275928375057453865e-05 9.504897619961441557e-03
2.406449954371434160e+03 9.507505957834417112e-03 4.242197952780938118e-05 9.465083978306681328e-03
2.410521781705395824e+03 9.470849755966568792e-03 4.210293791148331244e-05 9.428746818055165277e-03
2.414593609039357489e+03 9.437161885845453749e-03 4.179889509487500529e-05 9.395362990750609142e-03
2.418665436373319608e+03 9.405764393484313327e-03 4.150559399845334639e-05 9.364258799485882315e-03
2.422737263707281272e+03 9.375957200208697578e-03 4.121835052722107703e-05 9.334738849681537345e-03
2.426809091041242937e+03 9.347178050559434501e-03 4.093292010521670180e-05 9.306245130454294384e-03
2.430880918375205056e+03 9.319151662300887221e-03 4.064647684990101324e-05 9.278505185450989026e-03
2.434952745709166720e+03 9.291981317106226199e-03 4.035842052041629512e-05 9.251622896585881203e-03
2.439024573043128385e+03 9.266146637163446415e-03 4.007072468543248611e-05 9.226075912478018740e-03
2.443096400377090504e+03 9.242396647560765371e-03 3.978764828752902327e-05 9.202608999273257165e-03
2.447168227711052168e+03 9.221560244619347521e-03 3.951482221599480766e-05 9.182045422403440141e-03
2.451240055045013833e+03 9.204325766487830851e-03 3.925792853914718310e-05 9.165067837948764895e-03
2.455311882378975952e+03 9.191056365955185825e-03 3.902133852016075353e-05 9.152035027435102138e-03
2.459383709712937616e+03 9.181701399859798496e-03 3.880711040836993603e-05 9.142894289451548168e-03
2.463455537046899281e+03 9.175836333778863638e-03 3.861465226841701958e-05 9.137221681510505206e-03
2.467527364380861400e+03 9.172822670986690435e-03 3.844115692704032534e-05 9.134381514059736196e-03
2.471599191714823064e+03 9.172038538220428708e-03 3.828267863299717952e-05 9.133755859587555995e-03
2.475671019048784729e+03 9.173104198739623349e-03 3.813552062927371485e-05 9.134968678110488155e-03
2.479742846382746848e+03 9.176025204831928309e-03 3.799750388632709523e-05 9.138027700945716356e-03
2.483814673716708512e+03 9.181201291547558610e-03 3.786872170536683888e-05 9.143332569842232971e-03
2.487886501050670176e+03 9.189294063758157369e-03 3.775154287877606349e-05 9.151542520879430223e-03
2.491958328384632296e+03 9.200996110417958979e-03 3.764985938132930785e-05 9.163346251036730630e-03
2.496030155718593960e+03 9.216780841106126526e-03 3.756781149471086656e-05 9.179213029611582586e-03
2.500101983052555624e+03 9.236722172349188034e-03 3.750839029816304543e-05 9.199213782051102184e-03
2.504173810386517744e+03 9.260451303047322752e-03 3.747236140289626684e-05 9.222978941644515566e-03
2.508245637720479408e+03 9.287270703688963250e-03 3.745785849075871716e-05 9.249812845198221792e-03
2.512317465054441072e+03 9.316389215303514174e-03 3.746078762283978902e-05 9.278928427680747243e-03
2.516389292388403192e+03 9.347197020425421568e-03 3.747592678355303464e-05 9.309721093641989964e-03
2.520461119722364856e+03 9.379482130359320310e-03 3.749838091315596978e-05 9.341983749446194224e-03
2.524532947056326520e+03 9.413508071605583560e-03 3.752493431012923839e-05 9.375983137295587286e-03
2.528604774390288640e+03 9.449919986586804641e-03 3.755487106019382299e-05 9.412365115526701714e-03
2.532676601724250304e+03 9.489506695591991975e-03 3.759000379640669513e-05 9.451916691795656661e-03
2.536748429058211968e+03 9.532897714256943766e-03 3.763390779003652521e-05 9.495263806466994194e-03
2.540820256392174088e+03 9.580298171566262178e-03 3.769061634652003188e-05 9.542607555219826537e-03
2.544892083726135752e+03 9.631352453697051424e-03 3.776320737990017596e-05 9.593589246317240499e-03
2.548963911060097416e+03 9.685183823176679585e-03 3.785274044142647069e-05 9.647331082735388294e-03
2.553035738394059535e+03 9.740598146100903562e-03 3.795787845956945971e-05 9.702640267641494259e-03
2.557107565728021200e+03 9.796386288536074183e-03 3.807529287273955960e-05 9.758310995663415505e-03
2.561179393061982864e+03 9.851630063592752701e-03 3.820068719240972014e-05 9.813429376400450987e-03
2.565251220395944983e+03 9.905919848782956255e-03 3.833007404768723296e-05 9.867589774735324032e-03
2.569323047729906648e+03 9.959425072815501073e-03 3.846087248877930485e-05 9.920964200326815030e-03
2.573394875063868312e+03 1.001280839775925066e-02 3.859247597105745466e-05 9.974215921788260122e-03
2.577466702397830431e+03 1.006702262124686484e-02 3.872614284191029866e-05 1.002829647840507502e-02
2.581538529731792096e+03 1.012306025621447295e-02 3.886430516939413493e-05 1.008419595104515475e-02
2.585610357065753760e+03 1.018173112764204392e-02 3.900959029095383803e-05 1.014272153735112404e-02
2.589682184399715879e+03 1.024352453535174248e-02 3.916393350694995397e-05 1.020436060184486647e-02
2.593754011733677544e+03 1.030857897637454945e-02 3.932810418883986786e-05 1.026925087218574784e-02
2.597825839067639208e+03 1.037674720086485293e-02 3.950179667475436473e-05 1.033724540419015889e-02
2.601897666401601327e+03 1.044771919789385696e-02 3.968421753560414208e-05 1.040803498035837091e-02
2.605969493735562992e+03 1.052115701309208791e-02 3.987491347503314173e-05 1.048128209961714588e-02
2.610041321069524656e+03 1.059680285092150925e-02 4.007449657317360865e-05 1.055672835434843734e-02
2.614113148403486775e+03 1.067453996580094641e-02 4.028496538230085563e-05 1.063425500041873840e-02
2.618184975737448440e+03 1.075440607164947736e-02 4.050947382677411651e-05 1.071389659782280568e-02
2.622256803071410104e+03 1.083657383960919852e-02 4.075160733946823734e-05 1.079582223226983537e-02
2.626328630405372223e+03 1.092131825426483939e-02 4.101441097861535385e-05 1.088030384328635136e-02
2.630400457739333888e+03 1.100898620246187551e-02 4.129951011261532131e-05 1.096768669234933664e-02
2.634472285073295552e+03 1.109997338403044542e-02 4.160663622912153220e-05 1.105836674780143886e-02
2.638544112407257671e+03 1.119470302973053083e-02 4.193372912401843809e-05 1.115276930060663321e-02
2.642615939741219336e+03 1.129359517496542932e-02 4.227758378822924011e-05 1.125131759117724804e-02
2.646687767075181000e+03 1.139701723703346638e-02 4.263481965207883354e-05 1.135438241738147280e-02
2.650759594409143119e+03 1.150521588334195086e-02 4.300284073604741661e-05 1.146221304260606512e-02
2.654831421743104784e+03 1.161824294019874436e-02 4.338046683645476218e-05 1.157486247336236493e-02
2.658903249077066448e+03 1.173589873866662248e-02 4.376804253929115942e-05 1.169213069612746146e-02
2.662975076411028567e+03 1.185771936239261685e-02 4.416702418199212155e-05 1.181355233821069703e-02
2.667046903744990232e+03 1.198302669323321121e-02 4.457923180449514897e-05 1.193844746142881143e-02
2.671118731078951896e+03 1.211104285198483926e-02 4.500606378759386850e-05 1.206603678819733426e-02
2.675190558412914015e+03 1.224104868421377681e-02 4.544796656161891702e-05 1.219560071765225621e-02
2.679262385746875680e+03 1.237254715761812104e-02 4.590433630034763610e-05 1.232664282131786318e-02
2.683334213080837344e+03 1.250538470160384406e-02 4.637385264498490166e-05 1.245901084895895128e-02
2.687406040414799463e+03 1.263979124005211799e-02 4.685507805402247848e-05 1.259293616199826105e-02
2.691477867748761128e+03 1.277632209575248722e-02 4.734706596694186233e-05 1.272897502978567220e-02
2.695549695082722792e+03 1.291571543522460584e-02 4.784973935162599928e-05 1.286786569587311004e-02
2.699621522416684911e+03 1.305870703339051531e-02 4.836391538085294255e-05 1.301034311800975882e-02
2.703693349750646576e+03 1.320585939777707205e-02 4.889100966988793384e-05 1.315696838810722323e-02
2.707765177084608240e+03 1.335745834539370583e-02 4.943258618104921998e-05 1.330802575921274933e-02
2.711837004418570359e+03 1.351350754457009661e-02 4.998997145377417250e-05 1.346351757311637851e-02
2.715908831752532024e+03 1.367381801635489912e-02 5.056410585119121455e-05 1.362325391050385470e-02
2.719980659086493688e+03 1.383815727033842202e-02 5.115568509440069148e-05 1.378700158524413452e-02
2.724052486420455807e+03 1.400640357722312060e-02 5.176550845699990917e-05 1.395463806876618730e-02
2.728124313754417472e+03 1.417865189061967048e-02 5.239485656466091607e-05 1.412625703405516464e-02
2.732196141088379136e+03 1.435523837219790724e-02 5.304571039000207690e-05 1.430219266180807192e-02
2.736267968422341255e+03 1.453668204169974131e-02 5.372069377179259926e-05 1.448296134792811593e-02
2.740339795756302919e+03 1.472357221760024412e-02 5.442273808592837592e-05 1.466914947951451428e-02
2.744411623090264584e+03 1.491644741090325001e-02 5.515457528200389925e-05 1.486129283562138970e-02
2.748483450424226703e+03 1.511570902562538177e-02 5.591821859934481824e-05 1.505979080702615769e-02
2.752555277758188367e+03 1.532159346567248462e-02 5.671457253882587833e-05 1.526487889313378823e-02
2.756627105092150032e+03 1.553419807454718693e-02 5.754324384306831047e-05 1.547665483070427214e-02
2.760698932426112151e+03 1.575353212978255688e-02 5.840254530008704776e-05 1.569512958448265189e-02
2.764770759760073815e+03 1.597955445552690784e-02 5.928963626475420922e-05 1.592026481926230724e-02
2.768842587094035935e+03 1.621216845699161718e-02 6.020074785806880030e-05 1.615196770913372021e-02
2.772914414427997599e+03 1.645116979318948097e-02 6.113148457292071070e-05 1.639003830861671118e-02
2.776986241761959263e+03 1.669617112957141186e-02 6.207724036572693789e-05 1.663409388920584348e-02
2.781058069095921383e+03 1.694654960246159275e-02 6.303377550625227795e-05 1.688351582695549191e-02
2.785129896429883047e+03 1.720146562740961296e-02 6.399795020177578690e-05 1.713746767720810207e-02
2.789201723763844711e+03 1.745998319505519952e-02 6.496851659682978592e-05 1.739501467845855354e-02
2.793273551097806831e+03 1.772128691258486460e-02 6.594677713534936717e-05 1.765534013544963962e-02
2.797345378431768495e+03 1.798495158336484850e-02 6.693687904714175623e-05 1.791801470431787086e-02
2.801417205765730159e+03 1.825119041061316200e-02 6.794556779377152757e-05 1.818324484281951675e-02
2.805489033099692278e+03 1.852099967593903024e-02 6.898136253883175521e-05 1.845201831340039997e-02
2.809560860433653943e+03 1.879613586666776734e-02 7.005329702173953503e-05 1.872608256964615123e-02
2.813632687767615607e+03 1.907890198520183558e-02 7.116951809384638463e-05 1.900773246710813977e-02
2.817704515101577726e+03 1.937177200898386464e-02 7.233608779577830391e-05 1.929943592118826129e-02
2.821776342435539391e+03 1.967693116134010614e-02 7.355626779815818618e-05 1.960337489354208734e-02
2.825848169769501055e+03 1.999584056841022944e-02 7.483040426209249744e-05 1.992101016414825343e-02
2.829919997103463174e+03 2.032893869419475155e-02 7.615634535925530711e-05 2.025278234883566217e-02
2.833991824437424839e+03 2.067556662950097851e-02 7.753019165924581791e-05 2.059803643784186705e-02
2.838063651771386503e+03 2.103415526082922857e-02 7.894715246887446859e-05 2.095520810836047979e-02
2.842135479105348622e+03 2.140265065019657589e-02 8.040235670828252065e-05 2.132224829348841610e-02
2.846207306439310287e+03 2.177909360252609089e-02 8.189158950691419615e-05 2.169720201301933091e-02
2.850279133773271951e+03 2.216222433434849454e-02 8.341201432785503092e-05 2.207881232002073188e-02
2.854350961107234070e+03 2.255196478660359896e-02 8.496293158274668468e-05 2.246700185502100225e-02
2.858422788441195735e+03 2.294964629633077652e-02 8.654651001798541264e-05 2.286309978631291540e-02
2.862494615775157399e+03 2.335789972324736272e-02 8.816826536294335701e-05 2.326973145788451339e-02
2.866566443109119518e+03 2.378020192673593186e-02 8.983695486536549964e-05 2.369036497187066923e-02
2.870638270443081183e+03 2.422016201677502228e-02 9.156360372923966011e-05 2.412859841304586944e-02
2.874710097777042847e+03 2.468071175772732981e-02 9.335961659877973703e-05 2.458735214112867801e-02
2.878781925111004966e+03 2.516341283724593536e-02 9.523429683093521448e-05 2.506817854041504950e-02
2.882853752444966631e+03 2.566808911143687172e-02 9.719245649206206047e-05 2.557089665494489267e-02
2.886925579778928295e+03 2.619292558637010757e-02 9.923297721228319448e-05 2.609369260915789940e-02
2.890997407112890414e+03 2.673505678071850730e-02 1.013490482887933282e-04 2.663370773242978301e-02
2.895069234446852079e+03 2.729152360456606544e-02 1.035303497840152354e-04 2.718799325478214388e-02
2.899141061780813743e+03 2.786035229167276375e-02 1.057667907791267541e-04 2.775458550089375878e-02
2.903212889114775862e+03 2.844144515802812800e-02 1.080527883128581078e-04 2.833339236971538916e-02
2.907284716448737527e+03 2.903700070307809605e-02 1.103907329289627114e-04 2.892660997014921340e-02
2.911356543782699191e+03 2.965130166859350491e-02 1.127923996825531266e-04 2.953850926891106107e-02
2.915428371116661310e+03 3.028989303879155853e-02 1.152776328157781598e-04 3.017461540597587977e-02
2.919500198450622975e+03 3.095836072961722502e-02 1.178704823026564526e-04 3.084049024731462182e-02
2.923572025784584639e+03 3.166105169570392064e-02 1.205938045820671245e-04 3.154045789112195491e-02
2.927643853118546758e+03 3.240009967329451207e-02 1.234638545714157544e-04 3.227663581872319831e-02
2.931715680452508423e+03 3.317502630017910709e-02 1.264864032798369148e-04 3.304853989689934129e-02
2.935787507786470087e+03 3.398300657031636668e-02 1.296554201924631584e-04 3.385335115012404195e-02
2.939859335120432206e+03 3.481968507609609770e-02 1.329545588737586200e-04 3.468673051722238193e-02
2.943931162454393871e+03 3.568027827719481848e-02 1.363608832506758612e-04 3.554391739394421879e-02
2.948002989788355535e+03 3.656065024012158243e-02 1.398497552569717586e-04 3.642080048486467936e-02
2.952074817122317654e+03 3.745811450798737507e-02 1.433997171606577370e-04 3.731471479082680565e-02
2.956146644456279319e+03 3.837185606240507696e-02 1.469964961538927238e-04 3.822485956625118475e-02
2.960218471790240983e+03 3.930301769470801593e-02 1.506357296460595382e-04 3.915238196506195395e-02
2.964290299124203102e+03 4.025458766515983833e-02 1.543244035512417753e-04 4.010026326160864851e-02
2.968362126458164767e+03 4.123122446958256415e-02 1.580811398286420934e-04 4.107314332975386950e-02
2.972433953792126431e+03 4.223907198127600793e-02 1.619353579703418594e-04 4.207713662330572063e-02
2.976505781126088550e+03 4.328550861061495475e-02 1.659251286748757213e-04 4.311958348194006724e-02
2.980577608460050214e+03 4.437870747691322754e-02 1.700934726123629406e-04 4.420861400430083077e-02
2.984649435794011879e+03 4.552691083128096450e-02 1.744831064846763991e-04 4.535242772479626538e-02
2.988721263127973998e+03 4.673744310035155697e-02 1.791301983757306925e-04 4.655831290197576244e-02
2.992793090461935662e+03 4.801565157526448829e-02 1.840583535819006209e-04 4.783159322168257371e-02
2.996864917795897327e+03 4.936408849800188320e-02 1.892744732111774819e-04 4.917481402479061819e-02
3.000936745129859446e+03 5.078225705084177255e-02 1.947680071336457819e-04 5.058748904370809207e-02
3.005008572463821110e+03 5.226710745714661932e-02 2.005143566073098961e-04 5.206659310053925876e-02
3.009080399797782775e+03 5.381422600551840491e-02 2.064819545821063441e-04 5.360774405093624712e-02
3.013152227131744894e+03 5.541940333043342271e-02 2.126412933841865323e-04 5.520676203704923124e-02
3.017224054465706558e+03 5.708010959803293261e-02 2.189733889908103935e-04 5.686113620904210963e-02
3.021295881799668223e+03 5.879642042845663330e-02 2.254752329470483614e-04 5.857094519550959388e-02
3.025367709133630342e+03 6.057113312902599744e-02 2.321607295341630330e-04 6.033897239949181923e-02
3.029439536467592006e+03 6.240911328294804911e-02 2.390571222393404337e-04 6.217005616070862828e-02
3.033511363801553671e+03 6.431619231680052451e-02 2.461984063966354093e-04 6.406999391040384129e-02
3.037583191135515790e+03 6.629807764036793616e-02 2.536181195638422220e-04 6.604445952080412185e-02
3.041655018469477454e+03 6.835967854783206454e-02 2.613438557740746862e-04 6.809833469205794909e-02
3.045726845803439119e+03 7.050502279156704855e-02 2.693949181044234353e-04 7.023562787346260272e-02
3.049798673137401238e+03 7.273764787405352650e-02 2.777831346581128191e-04 7.245986473939543260e-02
3.053870500471362902e+03 7.506113419794141484e-02 2.865156286534807162e-04 7.477461856928796502e-02
3.057942327805324567e+03 7.747940622224373797e-02 2.955977744437175247e-04 7.718380844780005356e-02
3.062014155139286686e+03 7.999658083449576185e-02 3.050348823895367980e-04 7.969154595210622971e-02
3.066085982473248350e+03 8.261641315269896424e-02 3.148321226260013370e-04 8.230158103007299830e-02
3.070157809807210015e+03 8.534164326569738945e-02 3.249933084082668984e-04 8.501664995728912266e-02
3.074229637141172134e+03 8.817365246740180296e-02 3.355198536185452040e-04 8.783813261378320414e-02
3.078301464475133798e+03 9.111273320343334092e-02 3.464111602002728886e-04 9.076632204323295539e-02
3.082373291809095463e+03 9.415900414021521891e-02 3.576669296059050850e-04 9.380133721060930629e-02
3.086445119143057582e+03 9.731368733293307982e-02 3.692908346059469446e-04 9.694439649832709005e-02
3.090516946477019246e+03 1.005802622717744121e-01 3.812941909160566306e-04 1.001989680808583055e-01
3.094588773810980911e+03 1.039650278176839360e-01 3.936981549952975725e-04 1.035713296626885882e-01
3.098660601144943030e+03 1.074768416109531388e-01 4.065336140891715952e-04 1.070703079968639421e-01
3.102732428478904694e+03 1.111261621157412643e-01 4.198389991886000922e-04 1.107063231165525963e-01
3.106804255812866359e+03 1.149238227420513320e-01 4.336571768395339546e-04 1.144901655652117711e-01
3.110876083146828478e+03 1.188800686413005597e-01 4.480328505541684471e-04 1.184320357907463483e-01
3.114947910480790142e+03 1.230042250833094791e-01 4.630113438654037510e-04 1.225412137394440021e-01
3.119019737814751807e+03 1.273050090445158877e-01 4.786385084641081459e-04 1.268263705360516969e-01
3.123091565148713926e+03 1.317911121043798262e-01 4.949604059119886096e-04 1.312961516984677279e-01
3.127163392482675590e+03 1.364714684718652538e-01 5.120210024997133092e-04 1.359594474693655020e-01
3.131235219816637255e+03 1.413547052387098546e-01 5.298567558842030931e-04 1.408248484828255875e-01
3.135307047150599374e+03 1.464476464094956742e-01 5.484885112281947302e-04 1.458991578982674064e-01
3.139378874484561038e+03 1.517532586970723185e-01 5.679129239797508447e-04 1.511853457730925332e-01
3.143450701818522703e+03 1.572688518319070583e-01 5.880968183861410561e-04 1.566807550135209115e-01
3.147522529152484822e+03 1.629854627113672683e-01 6.089777771050632624e-04 1.623764849342620997e-01
3.151594356486446486e+03 1.688890625681676028e-01 6.304726587236287889e-04 1.682585899094439508e-01
3.155666183820408150e+03 1.749636032632542748e-01 6.524931296926382226e-04 1.743111101335615420e-01
3.159738011154370270e+03 1.811951903002984032e-01 6.749646430276822189e-04 1.805202256572706609e-01
3.163809838488331934e+03 1.875761305071242668e-01 6.978436711200376556e-04 1.868782868360041594e-01
3.167881665822293598e+03 1.941074921775719220e-01 7.211281269942503187e-04 1.933863640505775749e-01
3.171953493156255718e+03 2.007992179066696303e-01 7.448578399212953029e-04 2.000543600667482325e-01
3.176025320490217382e+03 2.076676277096479450e-01 7.691050278523615469e-04 2.068985226817954826e-01
3.180097147824179046e+03 2.147310608611579519e-01 7.939578157987268320e-04 2.139371030453591227e-01
3.184168975158141166e+03 2.220050880250527270e-01 8.195018607839440550e-04 2.211855861642686993e-01
3.188240802492102830e+03 2.294989103049295820e-01 8.458053669642432099e-04 2.286531049379652569e-01
3.192312629826064494e+03 2.372141556611849500e-01 8.729112028220534008e-04 2.363412444583628536e-01
3.196384457160026614e+03 2.451464107591763142e-01 9.008371184185083244e-04 2.442455736407577460e-01
3.200456284493988278e+03 2.532887910448542446e-01 9.295822308905144762e-04 2.523592088139637313e-01
3.204528111827949942e+03 2.616360291517115799e-01 9.591359936764182323e-04 2.606768931580351056e-01
3.208599939161912062e+03 2.701872655806353829e-01 9.894853918013184028e-04 2.691977801888340016e-01
3.212671766495873726e+03 2.789460946193345059e-01 1.020617150995329877e-03 2.779254774683390661e-01
3.216743593829835390e+03 2.879173614213625387e-01 1.052513841681365376e-03 2.868648475796812258e-01
3.220815421163797510e+03 2.971014248135362967e-01 1.085145143612910876e-03 2.960162796699232213e-01
3.224887248497759174e+03 3.064876826810327692e-01 1.118457451786087492e-03 3.053692252292465881e-01
3.228959075831720838e+03 3.160497106006309731e-01 1.152365907024559006e-03 3.148973446936064180e-01
3.233030903165682957e+03 3.257441501496264880e-01 1.186752609132732655e-03 3.245573975404936751e-01
3.237102730499644622e+03 3.355145032311136477e-01 1.221473320527542705e-03 3.342930299105860703e-01
3.241174557833606286e+03 3.452995030522762465e-01 1.256372747404884901e-03 3.440431303048713252e-01
3.245246385167568405e+03 3.550441929086408099e-01 1.291306013275245797e-03 3.537528868953654926e-01
3.249318212501530070e+03 3.647107600741080757e-01 1.326161822879208529e-03 3.633845982512288186e-01
3.253390039835491734e+03 3.742859462774456025e-01 1.360881656837711375e-03 3.729250646206078157e-01
3.257461867169453853e+03 3.837826394346871561e-01 1.395469610694581152e-03 3.823871698239924566e-01
3.261533694503415518e+03 3.932348690095104349e-01 1.429989369376312956e-03 3.918048796401341072e-01
3.265605521837377637e+03 4.026874090966138242e-01 1.464548011403196074e-03 4.012228610852106025e-01
3.269677349171339301e+03 4.121829073689440293e-01 1.499270088939524178e-03 4.106836372800045654e-01
3.273749176505300966e+03 4.217503162934080341e-01 1.534268590636748367e-03 4.202160477027712671e-01
3.277821003839263085e+03 4.313980702294039626e-01 1.569620799969634025e-03 4.298284494294343228e-01
3.281892831173224749e+03 4.411139835853721824e-01 1.605355970907553290e-03 4.395086276144645754e-01
3.285964658507186869e+03 4.508716951674275331e-01 1.641458219711651369e-03 4.492302369477158552e-01
3.290036485841148533e+03 4.606413671972208190e-01 1.677883072941337237e-03 4.589634841242794527e-01
3.294108313175110197e+03 4.704009955782139651e-01 1.714581400577554812e-03 4.686864141776362902e-01
3.298180140509072316e+03 4.801445817845360620e-01 1.751521789383891610e-03 4.783930599951521367e-01
3.302251967843033981e+03 4.898845989244550725e-01 1.788702957301521127e-03 4.880958959671534703e-01
3.306323795176996100e+03 4.996482292688229632e-01 1.826151594751848715e-03 4.978220776740710507e-01
3.310395622510956855e+03 5.094690121417224660e-01 1.863906771146637458e-03 5.076051053705757932e-01
3.314467449844919429e+03 5.193770320880792823e-01 1.901997602318452382e-03 5.174750344857608209e-01
3.318539277178881548e+03 5.293910707883597855e-01 1.940423999347557545e-03 5.274506467890123229e-01
3.322611104512842758e+03 5.395151816622791863e-01 1.979149613535258114e-03 5.375360320487438948e-01
3.326682931846805332e+03 5.497403512396352721e-01 2.018111628165048139e-03 5.477222396114702629e-01
3.330754759180766087e+03 5.600500266603296584e-01 2.057245422732453723e-03 5.579927812375972129e-01
3.334826586514728206e+03 5.704270621209419634e-01 2.096515894621899315e-03 5.683305462263200658e-01
3.338898413848690780e+03 5.808595148013966369e-01 2.135943860953326816e-03 5.787235709404431327e-01
3.342970241182651989e+03 5.913436641963392137e-01 2.175616907936056641e-03 5.891680472884028852e-01
3.347042068516613654e+03 6.018841390097739996e-01 2.215679064968384751e-03 5.996684599448054431e-01
3.351113895850575318e+03 6.124923784992659659e-01 2.256300914456506324e-03 6.102360775848095775e-01
3.355185723184537437e+03 6.231851913032940837e-01 2.297638490686540295e-03 6.208875528126076571e-01
3.359257550518499102e+03 6.339846540403630826e-01 2.339793067273051447e-03 6.316448609730900277e-01
3.363329377852461221e+03 6.449192776920964487e-01 2.382783379050716459e-03 6.425364943130456030e-01
3.367401205186422885e+03 6.560249342303763331e-01 2.426537354616719981e-03 6.535983968757594909e-01
3.371473032520384550e+03 6.673432640769749735e-01 2.470903910193573277e-03 6.648723601667814176e-01
3.375544859854346669e+03 6.789157110585375410e-01 2.515679306543740310e-03 6.764000317519938132e-01
3.379616687188308333e+03 6.907729672036108104e-01 2.560639159501704783e-03 6.882123280441092561e-01
3.383688514522270452e+03 7.029218887188364295e-01 2.605567371249565417e-03 7.003163213475869231e-01
3.387760341856232117e+03 7.153339197459500642e-01 2.650276457260351999e-03 7.126836432886897166e-01
3.391832169190193781e+03 7.279397827345208682e-01 2.694618265288432901e-03 7.252451644692324839e-01
3.395903996524154991e+03 7.406341199585391166e-01 2.738487844966904124e-03 7.378956321135721197e-01
3.399975823858117565e+03 7.532910298835560070e-01 2.781824701375740488e-03 7.505092051821802279e-01
3.404047651192079684e+03 7.657878480893822726e-01 2.824614479405436820e-03 7.629632336099768652e-01
3.408119478526040439e+03 7.780313080844070139e-01 2.866891137771725769e-03 7.751644169466354040e-01
3.412191305860003013e+03 7.899785917423283177e-01 2.908736526721949350e-03 7.870698552156063510e-01
3.416263133193964222e+03 8.016464724667503594e-01 2.950272656277687453e-03 7.986961998104726845e-01
3.420334960527926341e+03 8.131047246283064078e-01 2.991642811401940081e-03 8.101130818169044456e-01
3.424406787861888915e+03 8.244543879208059423e-01 3.032980921865874226e-03 8.214214069989400624e-01
3.428478615195849670e+03 8.357959776148990994e-01 3.074373085334519869e-03 8.327216045295644520e-01
3.432550442529811789e+03 8.471958918650189796e-01 3.115819172180441052e-03 8.440800726928383568e-01
3.436622269863773454e+03 8.586600621922704235e-01 3.157204410659352704e-03 8.555028577816111701e-01
3.440694097197735573e+03 8.701220430937652850e-01 3.198289846747184081e-03 8.669237532470180918e-01
3.444765924531697237e+03 8.814487890402877834e-01 3.238726669591787764e-03 8.782100623706959874e-01
3.448837751865658902e+03 8.924625099204824830e-01 3.278093609779721661e-03 8.891844163107027743e-01
3.452909579199621021e+03 9.029726718684427667e-01 3.315950573981542217e-03 8.996567212944611702e-01
3.456981406533582685e+03 9.128096658146255260e-01 3.351897104991655076e-03 9.094577687096337959e-01
3.461053233867544805e+03 9.218515808417737656e-01 3.385622500652280074e-03 9.184659583411214356e-01
3.465125061201506469e+03 9.300378258037126367e-01 3.416936099536077489e-03 9.266208897041765535e-01
3.469196888535468133e+03 9.373672770464521742e-01 3.445771050373863751e-03 9.339215059960782606e-01
3.473268715869430252e+03 9.438829873492939893e-01 3.472161669744526415e-03 9.404108256795492560e-01
3.477340543203391917e+03 9.496489959773306566e-01 3.496201488539155740e-03 9.461527944887915265e-01
3.481412370537354036e+03 9.547264613967257896e-01 3.517994327032843930e-03 9.512084670696928645e-01
3.485484197871315700e+03 9.591558032392549782e-01 3.537612585778648119e-03 9.556181906534761961e-01
3.489556025205277365e+03 9.629490685254026294e-01 3.555074609272258161e-03 9.593939939161304498e-01
3.493627852539239484e+03 9.660931802950480929e-01 3.570346894372892869e-03 9.625228334006752373e-01
3.497699679873201148e+03 9.685612382566246570e-01 3.583368746603933595e-03 9.649778695100206249e-01
3.501771507207163268e+03 9.703267189211427501e-01 3.594089277925977769e-03 9.667326296432168231e-01
3.505843334541124023e+03 9.713749677875949118e-01 3.602502053837427186e-03 9.677724657337574143e-01
3.509915161875086596e+03 9.717078706575396074e-01 3.608663095337381020e-03 9.680992075622022464e-01
3.513986989209048716e+03 9.713404702716363914e-01 3.612683597581008762e-03 9.677277866740554568e-01
3.518058816543009925e+03 9.702915280364294848e-01 3.614698030509362787e-03 9.666768300059201957e-01
3.522130643876972499e+03 9.685724645529176779e-01 3.614818112536696219e-03 9.649576464403809561e-01
3.526202471210933254e+03 9.661798630713483993e-01 3.613089861561339516e-03 9.625667732097872298e-01
3.530274298544895373e+03 9.630954875634346601e-01 3.609471704721842894e-03 9.594860158587128485e-01
3.534346125878857947e+03 9.592949580996117387e-01 3.603845613520312297e-03 9.556911124860917317e-01
3.538417953212819157e+03 9.547628280354334418e-01 3.596062049907019186e-03 9.511667659855265189e-01
3.542489780546780821e+03 9.495090521071383183e-01 3.586006873982481528e-03 9.459230452331557348e-01
3.546561607880742486e+03 9.435807625086776174e-01 3.573668842897596669e-03 9.400070936657798359e-01
3.550633435214704605e+03 9.370643500373526669e-01 3.559183693300052402e-03 9.335051663440525616e-01
3.554705262548666269e+03 9.300757917214010906e-01 3.542836554946875074e-03 9.265329551664542862e-01
3.558777089882628388e+03 9.227410152569163193e-01 3.525017139456086083e-03 9.192159981174601313e-01
3.562848917216590053e+03 9.151715403556195394e-01 3.506137745857212246e-03 9.116654026097623653e-01
3.566920744550551717e+03 9.074424952404889222e-01 3.486537341572063659e-03 9.039559578989166955e-01
3.570992571884513836e+03 8.995797095307397351e-01 3.466401136634225666e-03 8.961133083941057453e-01
3.575064399218475501e+03 8.915600275672727060e-01 3.445721773498303282e-03 8.881143057937744834e-01
3.579136226552437620e+03 8.833250832184568191e-01 3.424316275434119254e-03 8.799007669430226608e-01
3.583208053886399284e+03 8.748047746982929862e-01 3.401895947185829168e-03 8.714028787511072238e-01
3.587279881220360949e+03 8.659438279924882576e-01 3.378169910414377444e-03 8.625656580820738606e-01
3.591351708554322158e+03 8.567239881888154551e-01 3.352952168181832365e-03 8.533710360206334666e-01
3.595423535888284732e+03 8.471757207422871971e-01 3.326240447804026772e-03 8.438494802944831452e-01
3.599495363222246851e+03 8.373763537016947200e-01 3.298243053162132430e-03 8.340781106485326557e-01
3.603567190556207606e+03 8.274353831764378331e-01 3.269345037871911226e-03 8.241660381385658152e-01
3.607639017890170180e+03 8.174710864146710332e-01 3.240022544458051081e-03 8.142310638702131564e-01
3.611710845224131390e+03 8.075847213859710383e-01 3.210728894150280226e-03 8.043739924918208439e-01
3.615782672558093509e+03 7.978389545995000498e-01 3.181783719444202657e-03 7.946571708800558298e-01
3.619854499892056083e+03 7.882457835754864695e-01 3.153295086604506088e-03 7.850924884888821342e-01
3.623926327226016838e+03 7.787665861718784388e-01 3.125134828111710613e-03 7.756414513437669411e-01
3.627998154559978957e+03 7.693237838327828815e-01 3.096972223332480900e-03 7.662268116094506087e-01
3.632069981893940621e+03 7.598207535005612190e-01 3.068355139482471620e-03 7.567523983610791039e-01
3.636141809227902741e+03 7.501647333238153914e-01 3.038815272461075669e-03 7.471259180513543097e-01
3.640213636561864405e+03 7.402869444079156480e-01 3.007968550898906974e-03 7.372789758570167384e-01
3.644285463895826069e+03 7.301550676254364713e-01 2.975584399441776832e-03 7.271794832259947938e-01
3.648357291229788189e+03 7.197753107150786089e-01 2.941607380903317730e-03 7.168337033341753983e-01
3.652429118563749853e+03 7.091840392320672981e-01 2.906128733372579688e-03 7.062779104986948164e-01
3.656500945897711972e+03 6.984316224570228382e-01 2.869319340741813187e-03 6.955623031162809777e-01
3.660572773231673636e+03 6.875630534177030739e-01 2.831345638093676724e-03 6.847317077796093443e-01
3.664644600565635301e+03 6.766005113811305316e-01 2.792293029963359430e-03 6.738082183511669987e-01
3.668716427899597420e+03 6.655321616786110672e-01 2.752116884732363523e-03 6.627800447938788642e-01
3.672788255233559084e+03 6.543093825102671568e-01 2.710630732178363842e-03 6.515987517780886806e-01
3.676860082567521204e+03 6.428519204420917177e-01 2.667528496647952971e-03 6.401843919454438536e-01
3.680931909901482868e+03 6.310580757215167313e-01 2.622426783579599827e-03 6.284356489379370192e-01
3.685003737235444532e+03 6.188157183424793928e-01 2.574908081774465556e-03 6.162408102607052074e-01
3.689075564569406652e+03 6.060102012810411054e-01 2.524547986414142457e-03 6.034856532946268892e-01
3.693147391903368316e+03 5.925269923418081675e-01 2.470918315625036422e-03 5.900560740261832082e-01
3.697219219237330435e+03 5.782494635532740013e-01 2.413570027996676890e-03 5.758358935252775312e-01
3.701291046571291190e+03 5.630547777046203128e-01 2.352010604590508598e-03 5.607027671000299751e-01
3.705362873905253764e+03 5.468122124040083465e-01 2.285695824828883928e-03 5.445265165791793871e-01
3.709434701239215883e+03 5.293879499331601846e-01 2.214053330565414132e-03 5.271738966025948381e-01
3.713506528573177093e+03 5.106583463732612405e-01 2.136545551110283821e-03 5.085218008221509267e-01
3.717578355907139667e+03 4.905306348279479534e-01 2.052765697099963489e-03 4.884778691308479526e-01
3.721650183241100422e+03 4.689669983684813248e-01 1.962547475279120563e-03 4.670044508932022498e-01
3.725722010575062541e+03 4.460060801967795641e-01 1.866061641948419791e-03 4.441400185548312618e-01
3.729793837909025115e+03 4.217760032446655205e-01 1.763873341763806061e-03 4.200121299029017652e-01
3.733865665242986324e+03 3.964949040635451505e-01 1.656943286688448286e-03 3.948379607768566779e-01
3.737937492576947989e+03 3.704582095474848735e-01 1.546570234184896017e-03 3.689116393133000660e-01
3.742009319910909653e+03 3.440153089556526322e-01 1.434287142386905670e-03 3.425810218132657736e-01
3.746081147244871772e+03 3.175407611074365644e-01 1.321733982419029656e-03 3.162190271250175377e-01
3.750152974578833437e+03 2.914059627232248317e-01 1.210533323461090343e-03 2.901954293997636714e-01
3.754224801912795556e+03 2.659561614266791052e-01 1.102190058032537180e-03 2.648539713686465236e-01
3.758296629246757220e+03 2.414953508216592382e-01 9.980263236997917453e-04 2.404973244979594915e-01
3.762368456580718885e+03 2.182788793354809020e-01 8.991508515048977695e-04 2.173797284839760757e-01
3.766440283914681004e+03 1.965115227679749277e-01 8.064528166495998690e-04 1.957050699513254166e-01
3.770512111248642668e+03 1.763479647509223480e-01 7.206065690296245725e-04 1.756273581818927343e-01
3.774583938582604787e+03 1.578932016926108961e-01 6.420758641255624273e-04 1.572511258284853553e-01
3.778655765916566452e+03 1.412019015618234119e-01 5.711126170780125248e-04 1.406307889447454273e-01
3.782727593250528116e+03 1.262774409075270721e-01 5.077526097268292337e-04 1.257696882978003861e-01
3.786799420584490235e+03 1.130724701976236479e-01 4.518158022063474620e-04 1.126206543954173939e-01
3.790871247918451900e+03 1.014929659411441393e-01 4.029199436183112651e-04 1.010900459975259125e-01
3.794943075252414019e+03 9.140682662260202207e-02 3.605128986818300772e-04 9.104631372392033017e-02
3.799014902586375683e+03 8.265657916822340134e-02 3.239230974199391357e-04 8.233265607080356152e-02
3.803086729920337348e+03 7.507431533595967932e-02 2.924213112362852906e-04 7.478189402472350256e-02
3.807158557254298557e+03 6.849614754302579822e-02 2.652829788987067080e-04 6.823086456412720546e-02
3.811230384588261131e+03 6.277355702078706023e-02 2.418399313871357511e-04 6.253171708940004347e-02
3.815302211922223250e+03 5.777993014660537385e-02 2.215135186774668669e-04 5.755841662792804403e-02
3.819374039256184005e+03 5.341196090700763704e-02 2.038264709562755475e-04 5.320813443605145604e-02
3.823445866590146579e+03 4.958692696317255205e-02 1.883963460316327265e-04 4.939853061714102878e-02
3.827517693924107789e+03 4.623768745647842404e-02 1.749173101530469550e-04 4.606277014632548933e-02
3.831589521258069908e+03 4.330739496755887930e-02 1.631382639302457233e-04 4.314425670362877913e-02
3.835661348592032482e+03 4.074542940501425792e-02 1.528440041689151205e-04 4.059258540084544759e-02
3.839733175925993237e+03 3.850522572575845043e-02 1.438431244592556710e-04 3.836138260129930838e-02
3.843805003259955356e+03 3.654383284203528703e-02 1.359630197025197120e-04 3.640786982233291946e-02
3.847876830593917020e+03 3.482249260242230304e-02 1.290498487105494073e-04 3.469344275371190334e-02
3.851948657927879140e+03 3.330738908466122916e-02 1.229702678522581109e-04 3.318441881680905814e-02
3.856020485261840804e+03 3.196993708255481403e-02 1.176121657118011450e-04 3.185232491684318601e-02
3.860092312595802468e+03 3.078638121240251380e-02 1.128829799702555454e-04 3.067349823243231688e-02
3.864164139929764588e+03 2.973686079685852052e-02 1.087057285734761099e-04 2.962815506828513426e-02
3.868235967263726252e+03 2.880431322652314899e-02 1.050140058422410733e-04 2.869929922068099534e-02
3.872307794597688371e+03 2.797359307163805806e-02 1.017475566291583340e-04 2.787184551500897570e-02
3.876379621931650036e+03 2.723102523848304132e-02 9.884967665522854095e-05 2.713217556182785303e-02
3.880451449265611700e+03 2.656439159924873714e-02 9.626688180723908818e-05 2.646812471744154280e-02
3.884523276599573819e+03 2.596317532030544342e-02 9.395042506709569148e-05 2.586922489523842822e-02
3.888595103933535484e+03 2.541881730270297707e-02 9.185863777165203235e-05 2.532695866493141906e-02
3.892666931267497603e+03 2.492477987562938258e-02 8.995889848091645220e-05 2.483482097714855702e-02
3.896738758601459267e+03 2.447632458837362135e-02 8.822828220059336104e-05 2.438809630617313692e-02
3.900810585935420931e+03 2.407003634855790081e-02 8.665247824374625041e-05 2.398338387031418925e-02
3.904882413269383051e+03 2.370321717128960962e-02 8.522318634263739972e-05 2.361799398494703744e-02
3.908954240603344715e+03 2.337330617446646205e-02 8.393471032000152099e-05 2.328937146414655074e-02
3.913026067937306834e+03 2.307746083228314274e-02 8.278072188222102272e-05 2.299468011040100082e-02
3.917097895271267589e+03 2.281237714005830350e-02 8.175210116219064349e-05 2.273062503889614408e-02
3.921169722605230163e+03 2.257435694250866515e-02 8.083640530033159570e-05 2.249352053720840225e-02
3.925241549939192282e+03 2.235956865395960155e-02 8.001898548482127573e-05 2.227954966847480595e-02
3.929313377273153492e+03 2.216440514796234190e-02 7.928523574195003322e-05 2.208511991222042448e-02
3.933385204607116066e+03 2.198582583338018481e-02 7.862309055381086487e-05 2.190720274282646068e-02
3.937457031941076821e+03 2.182158077315173375e-02 7.802482130101692510e-05 2.174355595185074874e-02
3.941528859275038940e+03 2.167025105280288161e-02 7.748744453600700250e-05 2.159276360826694469e-02
3.945600686609001514e+03 2.153109404239552521e-02 7.701156270341694143e-05 2.145408247969216031e-02
3.949672513942962723e+03 2.140374118329500461e-02 7.659903130425582143e-05 2.132714215199082997e-02
3.953744341276924388e+03 2.128784191451781743e-02 7.625027558926661397e-05 2.121159163892861674e-02
3.957816168610886052e+03 2.118276422419647712e-02 7.596220322554498292e-05 2.110680202097098626e-02
3.961887995944848171e+03 2.108744228087278821e-02 7.572742969094229380e-05 2.101171485118192780e-02
3.965959823278809836e+03 2.100040993732022951e-02 7.553503941671660935e-05 2.092487489790359825e-02
3.970031650612771955e+03 2.091999348602697692e-02 7.537254020698603272e-05 2.084462094582007624e-02
3.974103477946733619e+03 2.084458206935139307e-02 7.522825028798279536e-05 2.076935381906351227e-02
3.978175305280695284e+03 2.077287034828642631e-02 7.509324384297952077e-05 2.069777710444354463e-02
3.982247132614657403e+03 2.070398388497000225e-02 7.496220472698600639e-05 2.062902168024311617e-02
3.986318959948619067e+03 2.063744573908953689e-02 7.483299653418262482e-05 2.056261274255540006e-02
3.990390787282581186e+03 2.057300296617782173e-02 7.470525802713082739e-05 2.049829770815075891e-02
3.994462614616542851e+03 2.051038021524357116e-02 7.457867594009640597e-05 2.043580153930355664e-02
3.998534441950504515e+03 2.044904704162104833e-02 7.445164628875205754e-05 2.037459539533236635e-02
