"drude"
36.0 0.18 1.0
-8.100000e+01
-8.000000e+01
-7.900000e+01
-7.800000e+01
-7.700000e+01
-7.600000e+01
-7.500000e+01
-7.400000e+01
-7.300000e+01
-7.200000e+01
-7.100000e+01
-7.000000e+01
-6.900000e+01
-6.800000e+01
-6.700000e+01
-6.600000e+01
-6.500000e+01
-6.400000e+01
-6.300000e+01
-6.200000e+01
-6.100000e+01
8.200000e+01
8.100000e+01
8.000000e+01
7.900000e+01
7.800000e+01
7.700000e+01
7.600000e+01
7.500000e+01
7.400000e+01
7.300000e+01
7.200000e+01
7.100000e+01
7.000000e+01
6.900000e+01
6.800000e+01
6.700000e+01
6.600000e+01
6.500000e+01
6.400000e+01
6.300000e+01
6.200000e+01
