4.071827333961818951e+00 -2.971399924697283312e-01 -4.141646687915966396e+01
8.143654667923637902e+00 -1.321981051399255536e-01 -1.839248662652504152e+01
1.221548200188544975e+01 -7.208769979999229971e-02 -1.001103364546032815e+01
1.628730933584727580e+01 -4.018692041010582527e-02 -5.570629407885805406e+00
2.035913666980907877e+01 -2.125017532532650494e-02 -2.940242145822423048e+00
2.443096400377089950e+01 -9.958616208297060152e-03 -1.375371015005514508e+00
2.850279133773272022e+01 -3.646410771794834308e-03 -5.026735148046146406e-01
3.257461867169455161e+01 -5.851076850271978019e-04 -8.051095971572044818e-02
3.664644600565635102e+01 4.942881204432311888e-04 6.788868700985266347e-02
4.071827333961815754e+01 5.304363584391038255e-04 7.271898386569794481e-02
4.479010067358000668e+01 1.682027378944870764e-04 2.301675534960990338e-02
4.886192800754179899e+01 -2.106740407861316022e-04 -2.877516564625908629e-02
5.293375534150364814e+01 -4.379023584318517950e-04 -5.970065533504439331e-02
5.700558267546544045e+01 -4.923540440606148259e-04 -6.699980983895229003e-02
6.107741000942725407e+01 -4.306136380829444924e-04 -5.848942141352736490e-02
6.514923734338910322e+01 -3.288051295918372548e-04 -4.457802770707570972e-02
6.922106467735088131e+01 -2.451157869748371446e-04 -3.317000252713188380e-02
7.329289201131270204e+01 -2.050471191584288147e-04 -2.769612956688826191e-02
7.736471934527455119e+01 -2.048321270839800648e-04 -2.761556329313568509e-02
8.143654667923631507e+01 -2.247254695797684350e-04 -3.024111358424121446e-02
8.550837401319815001e+01 -2.436119668610037172e-04 -3.272148322263410125e-02
8.958020134716001337e+01 -2.488817134294441609e-04 -3.336686923085184497e-02
9.365202868112174883e+01 -2.392854606127199461e-04 -3.202035306178768748e-02
9.772385601508359798e+01 -2.219091764430890408e-04 -2.963955134327257018e-02
1.017956833490454613e+02 -2.063792679879662066e-04 -2.751365029041729152e-02
1.058675106830072963e+02 -1.996039021469140501e-04 -2.656049566144700474e-02
1.099393380169690602e+02 -2.031793205069400805e-04 -2.698552518607585243e-02
1.140111653509308809e+02 -2.138690444152242332e-04 -2.835193740277770422e-02
1.180829926848927727e+02 -2.261326399383246173e-04 -2.992131825224443945e-02
1.221548200188545081e+02 -2.350543674499165256e-04 -3.104328480088190331e-02
1.262266473528163289e+02 -2.382636046354979250e-04 -3.140784503802562799e-02
1.302984746867782064e+02 -2.362354251097543143e-04 -3.108177090113480728e-02
1.343703020207399561e+02 -2.312354062391549364e-04 -3.036648855603277936e-02
1.384421293547017626e+02 -2.257252628273772373e-04 -2.958687718953128057e-02
1.425139566886636544e+02 -2.211026787068210895e-04 -2.892616726804717042e-02
1.465857840226254041e+02 -2.172933431482929512e-04 -2.837399215223447915e-02
1.506576113565871822e+02 -2.131957434915311526e-04 -2.778618290385597225e-02
1.547294386905491024e+02 -2.075713175014745290e-04 -2.700183277922998948e-02
1.588012660245108520e+02 -1.998409844051708879e-04 -2.594688363821281291e-02
1.628730933584726301e+02 -1.904006346818332596e-04 -2.467419415413578399e-02
1.669449206924345503e+02 -1.803769103339000811e-04 -2.333074839106775294e-02
1.710167480263963000e+02 -1.710346579560613543e-04 -2.208026020054397465e-02
1.750885753603580497e+02 -1.631837841909338275e-04 -2.102657786068923632e-02
1.791604026943200267e+02 -1.568776410190895706e-04 -2.017545656019831615e-02
1.832322300282817480e+02 -1.515071543461864374e-04 -1.944757163233546901e-02
1.873040573622434977e+02 -1.461872836623573173e-04 -1.872884272736862268e-02
1.913758846962054747e+02 -1.402082645661929653e-04 -1.792847114029366001e-02
1.954477120301671960e+02 -1.333295807071349496e-04 -1.701624144993803267e-02
1.995195393641289456e+02 -1.258060100175616581e-04 -1.602526365550960633e-02
2.035913666980909227e+02 -1.181814132193768734e-04 -1.502515034112155388e-02
2.076631940320526724e+02 -1.109906809937427532e-04 -1.408384374139353898e-02
2.117350213660145926e+02 -1.045293142572620737e-04 -1.323844569960431171e-02
2.158068486999763422e+02 -9.878815445049688338e-05 -1.248726025553783051e-02
2.198786760339381203e+02 -9.355146330013719967e-05 -1.180253908868470272e-02
2.239505033678998700e+02 -8.857512622107175998e-05 -1.115317172869084369e-02
2.280223307018617618e+02 -8.373604183715277352e-05 -1.052349401163860630e-02
2.320941580358235967e+02 -7.907795964418422850e-05 -9.918890099835916963e-03
2.361659853697855453e+02 -7.474652028247441690e-05 -9.357457564799111574e-03
2.402378127037472382e+02 -7.086738172012344396e-05 -8.854656269337016911e-03
2.443096400377090163e+02 -6.744524712319331671e-05 -8.410741192076503364e-03
2.483814673716707091e+02 -6.434081461293436957e-05 -8.008040109349514810e-03
2.524532947056326577e+02 -6.133371085481551237e-05 -7.618945294340111543e-03
2.565251220395945211e+02 -5.823147482212939454e-05 -7.219522841865009047e-03
2.605969493735564129e+02 -5.496280786523309082e-05 -6.801017125202507563e-03
2.646687767075181341e+02 -5.160633833029461411e-05 -6.373256728566700779e-03
2.687406040414799122e+02 -4.834372367456139167e-05 -5.958693329170516514e-03
2.728124313754416335e+02 -4.536604734529704763e-05 -5.580763268874488515e-03
2.768842587094035252e+02 -4.278410460527438247e-05 -5.252861898635984364e-03
2.809560860433654170e+02 -4.058690691271266707e-05 -4.973355679797541659e-03
2.850279133773273088e+02 -3.866443328792986225e-05 -4.728510876485655760e-03
2.890997407112890301e+02 -3.687687974465720639e-05 -4.501064514353917030e-03
2.931715680452508082e+02 -3.513110123056351601e-05 -4.279571714012603625e-03
2.972433953792125294e+02 -3.342529418043067944e-05 -4.063781998383081753e-03
3.013152227131743643e+02 -3.184280528625755581e-05 -3.863778730870636585e-03
3.053870500471363698e+02 -3.050322756295152066e-05 -3.693955206238088741e-03
3.094588773810982048e+02 -2.949913282290432035e-05 -3.565324987501827629e-03
3.135307047150599260e+02 -2.885053917898884043e-05 -3.480062061682507538e-03
3.176025320490217041e+02 -2.849654843987870593e-05 -3.430580646501650739e-03
3.216743593829834253e+02 -2.832287170375523392e-05 -3.402938574153973380e-03
3.257461867169452603e+02 -2.820668408857375932e-05 -3.382279114417591909e-03
3.298180140509072658e+02 -2.805477807299421378e-05 -3.357406774094700945e-03
3.338898413848691007e+02 -2.781858778805700711e-05 -3.322546352807157627e-03
3.379616687188308219e+02 -2.748463671947850938e-05 -3.276151237664815061e-03
3.420334960527926000e+02 -2.705240846802173336e-05 -3.218229224849165297e-03
3.461053233867544350e+02 -2.651648305677123418e-05 -3.148206279780242558e-03
3.501771507207160994e+02 -2.586436360504947951e-05 -3.064674807710146900e-03
3.542489780546782185e+02 -2.508985783187628283e-05 -2.966984409684428944e-03
3.583208053886400535e+02 -2.421131406307185004e-05 -2.857386613315232755e-03
3.623926327226017179e+02 -2.328046849403057151e-05 -2.742048026679040022e-03
3.664644600565634960e+02 -2.237285374393496867e-05 -2.629883657584456032e-03
3.705362873905253309e+02 -2.156140991724766673e-05 -2.529433307594433633e-03
3.746081147244869953e+02 -2.088500033308445531e-05 -2.445178666551898854e-03
3.786799420584491145e+02 -2.032741804795074907e-05 -2.375130485643184991e-03
3.827517693924109494e+02 -1.981814996569622204e-05 -2.310982284672333069e-03
3.868235967263726138e+02 -1.925602730568232591e-05 -2.240926203254076619e-03
3.908954240603343919e+02 -1.854624360007459244e-05 -2.153988006218224196e-03
3.949672513942961700e+02 -1.763537782883733209e-05 -2.044078875866087077e-03
3.990390787282578913e+02 -1.653061087319486895e-05 -1.912169753920449312e-03
4.031109060622200104e+02 -1.529700523830669197e-05 -1.765906538899428366e-03
4.071827333961818454e+02 -1.403635183860368798e-05 -1.617105665037989496e-03
4.112545607301435666e+02 -1.285793651893311677e-05 -1.478350379942404815e-03
4.153263880641053447e+02 -1.185279109423962851e-05 -1.360027747994410965e-03
4.193982153980670660e+02 -1.107885448964380296e-05 -1.268650884682848536e-03
4.234700427320291851e+02 -1.055791113574245700e-05 -1.206547676919228441e-03
4.275418700659909632e+02 -1.027994926498774589e-05 -1.172399865974485447e-03
4.316136973999526845e+02 -1.020918387520450475e-05 -1.161965416144321740e-03
4.356855247339144626e+02 -1.028844297870888048e-05 -1.168606509395241251e-03
4.397573520678762407e+02 -1.044272359098832334e-05 -1.183717256815234372e-03
4.438291794018380756e+02 -1.058551856488882017e-05 -1.197459855676405926e-03
4.479010067357997400e+02 -1.063104320042211331e-05 -1.200157966832372932e-03
4.519728340697618592e+02 -1.051192106573445355e-05 -1.184288193582914593e-03
4.560446614037235236e+02 -1.019736994083309649e-05 -1.146503368912473808e-03
4.601164887376853585e+02 -9.704321062092224895e-06 -1.088837923946968248e-03
4.641883160716471934e+02 -9.095125339731642577e-06 -1.018396179310719456e-03
4.682601434056088578e+02 -8.460401910351230545e-06 -9.453837314445318399e-04
4.723319707395710907e+02 -7.891967129332061137e-06 -8.800564272925240003e-04
4.764037980735326414e+02 -7.455514709484905945e-06 -8.296789404894534944e-04
4.804756254074944763e+02 -7.173359278857914450e-06 -7.966384477488466917e-04
4.845474527414560839e+02 -7.023619447925985632e-06 -7.784038137875063431e-04
4.886192800754180325e+02 -6.955429761770869650e-06 -7.692585126758659389e-04
4.926911074093798675e+02 -6.913220180767489015e-06 -7.630133631896195406e-04
4.967629347433414182e+02 -6.859723925260549044e-06 -7.555459091407216261e-04
5.008347620773036510e+02 -6.788565212890015755e-06 -7.461630368444665965e-04
5.049065894112653154e+02 -6.722295474001961188e-06 -7.373503639974796249e-04
5.089784167452271504e+02 -6.698160161303681105e-06 -7.331814012399813030e-04
5.130502440791890422e+02 -6.748790728751628990e-06 -7.371918541884375353e-04
5.171220714131507066e+02 -6.886419659462284423e-06 -7.506642752981090242e-04
5.211938987471128257e+02 -7.096831964476161986e-06 -7.719932829019515459e-04
5.252657260810743765e+02 -7.344514136529506740e-06 -7.972744462853783871e-04
5.293375534150362682e+02 -7.585650482758516954e-06 -8.217361855135444076e-04
5.334093807489982737e+02 -7.782814665064043727e-06 -8.413372462915515507e-04
5.374812080829598244e+02 -7.915344792309725335e-06 -8.538786204681791947e-04
5.415530354169217162e+02 -7.982006324036579591e-06 -8.592712365876901872e-04
5.456248627508832669e+02 -7.996172647379058441e-06 -8.589963158261990691e-04
5.496966900848453861e+02 -7.976718033082328942e-06 -8.551126599127082404e-04
5.537685174188070505e+02 -7.939007629184027402e-06 -8.492866450453521879e-04
5.578403447527689423e+02 -7.889609633541173932e-06 -8.422317164930891772e-04
5.619121720867308341e+02 -7.826305881358158121e-06 -8.337194123113162922e-04
5.659839994206924985e+02 -7.742681503246683024e-06 -8.230771154564165294e-04
5.700558267546546176e+02 -7.634938527828790449e-06 -8.099155311955411399e-04
5.741276540886162820e+02 -7.508041860764456301e-06 -7.947763409979714724e-04
5.781994814225780601e+02 -7.378804777006002336e-06 -7.794483428902237781e-04
5.822713087565396108e+02 -7.274677088129826322e-06 -7.668265104383085572e-04
5.863431360905016163e+02 -7.228371647502298445e-06 -7.603349573990665893e-04
5.904149634244636218e+02 -7.269710693941846187e-06 -7.630652952408121040e-04
5.944867907584250588e+02 -7.416967725632007719e-06 -7.768730465959687017e-04
5.985586180923872917e+02 -7.670355376818234871e-06 -8.017098884771171321e-04
6.026304454263487287e+02 -8.010017860627857621e-06 -8.354343454098948300e-04
6.067022727603107342e+02 -8.399855165583934059e-06 -8.742320417322328643e-04
6.107741000942727396e+02 -8.796857341524900125e-06 -9.136030578767266597e-04
6.148459274282342903e+02 -9.163763831004797616e-06 -9.496814319232491910e-04
6.189177547621964095e+02 -9.481416091125734845e-06 -9.805061362301711533e-04
6.229895820961579602e+02 -9.756780330076704683e-06 -1.006828901672534356e-03
6.270614094301198520e+02 -1.002362090445039163e-05 -1.032154712376439493e-03
6.311332367640819712e+02 -1.033501321248510192e-05 -1.061942992744055979e-03
6.352050640980434082e+02 -1.074956816617944001e-05 -1.102174007710703639e-03
6.392768914320054137e+02 -1.131538937557609274e-05 -1.157701526511480811e-03
6.433487187659668507e+02 -1.205653973492338368e-05 -1.230882832757455858e-03
6.474205460999290835e+02 -1.296584441563896130e-05 -1.320872019501204532e-03
6.514923734338905206e+02 -1.400560085719595709e-05 -1.423726441921909598e-03
6.555642007678525260e+02 -1.511514456170084998e-05 -1.533207549505661866e-03
6.596360281018145315e+02 -1.622228886948151859e-05 -1.641963797837981852e-03
6.637078554357760822e+02 -1.725510661105229213e-05 -1.742733017378026968e-03
6.677796827697382014e+02 -1.815137397606633116e-05 -1.829293716488717813e-03
6.718515101036997521e+02 -1.886463878992902804e-05 -1.897064578469306265e-03
6.759233374376616439e+02 -1.936739885172216041e-05 -1.943406075714064095e-03
6.799951647716230809e+02 -1.965255158809338097e-05 -1.967744902997934243e-03
6.840669921055852001e+02 -1.973391320512214681e-05 -1.971603620376931841e-03
6.881388194395472055e+02 -1.964561699082340116e-05 -1.958517950278192404e-03
6.922106467735088700e+02 -1.943934750770912669e-05 -1.933739653518844583e-03
6.962824741074708754e+02 -1.917832262755155129e-05 -1.903620263897885063e-03
7.003543014414321988e+02 -1.892789965927334876e-05 -1.874668336984499240e-03
7.044261287753944316e+02 -1.874425755278976634e-05 -1.852428785762056263e-03
7.084979561093564371e+02 -1.866399311794281275e-05 -1.840467016142866702e-03
7.125697834433177604e+02 -1.869787474291842704e-05 -1.839775570141078970e-03
7.166416107772801070e+02 -1.883105926221212482e-05 -1.848823324150743229e-03
7.207134381112414303e+02 -1.903006573208677505e-05 -1.864266253487676436e-03
7.247852654452034358e+02 -1.925450425187304396e-05 -1.882113915613989720e-03
7.288570927791656686e+02 -1.946992204526746162e-05 -1.898989728050732347e-03
7.329289201131269920e+02 -1.965781228349486613e-05 -1.913098566178294798e-03
7.370007474470889974e+02 -1.981991931895657691e-05 -1.924627661720579959e-03
7.410725747810506618e+02 -1.997597068763069217e-05 -1.935505135503853488e-03
7.451444021150126673e+02 -2.015605382821346060e-05 -1.948643772635725050e-03
7.492162294489739907e+02 -2.039028060760463657e-05 -1.966932999911367042e-03
7.532880567829362235e+02 -2.069876984644389441e-05 -1.992274738273744697e-03
7.573598841168982290e+02 -2.108442637662950563e-05 -2.024900638554618954e-03
7.614317114508595523e+02 -2.152993755566844311e-05 -2.063102644170598191e-03
7.655035387848218988e+02 -2.199933384448447062e-05 -2.103403706995546525e-03
7.695753661187832222e+02 -2.244366510305209939e-05 -2.141119082499958609e-03
7.736471934527452277e+02 -2.280984122777948744e-05 -2.171211538614937521e-03
7.777190207867074605e+02 -2.305130261619240271e-05 -2.189309063965860780e-03
7.817908481206687838e+02 -2.313877246657511518e-05 -2.192716759532071288e-03
7.858626754546309030e+02 -2.306894332936425832e-05 -2.181219785353412377e-03
7.899345027885923400e+02 -2.286882593619655354e-05 -2.157466129501333079e-03
7.940063301225544592e+02 -2.259396705265133480e-05 -2.126766851390640700e-03
7.980781574565157825e+02 -2.231998027350706238e-05 -2.096270642290973783e-03
8.021499847904780154e+02 -2.212862908514315845e-05 -2.073638687946957691e-03
8.062218121244400209e+02 -2.209149546227208647e-05 -2.065511419444927485e-03
8.102936394584013442e+02 -2.225534479606307563e-05 -2.076154124412193415e-03
8.143654667923636907e+02 -2.263311477529838779e-05 -2.106644422089639680e-03
8.184372941263250141e+02 -2.320292518366570076e-05 -2.154815878556862706e-03
8.225091214602871332e+02 -2.391509373855030195e-05 -2.215944580079928609e-03
8.265809487942493661e+02 -2.470471065535104622e-05 -2.283940680881163011e-03
8.306527761282106894e+02 -2.550577525016163382e-05 -2.352668170105600646e-03
8.347246034621728086e+02 -2.626279390274809743e-05 -2.417013243079476660e-03
8.387964307961341319e+02 -2.693706181860186622e-05 -2.473450006098413742e-03
8.428682581300961374e+02 -2.750701881323505395e-05 -2.520055457856884128e-03
8.469400854640583702e+02 -2.796419653000537249e-05 -2.556121111143303502e-03
8.510119127980199210e+02 -2.830755482855300311e-05 -2.581622821677073167e-03
8.550837401319819264e+02 -2.853903813980870663e-05 -2.596808723800986523e-03
8.591555674659432498e+02 -2.866210428910556082e-05 -2.602062573866884172e-03
8.632273947999053689e+02 -2.868335209965447915e-05 -2.598049610471241111e-03
8.672992221338669196e+02 -2.861591222039632393e-05 -2.586019741725432541e-03
8.713710494678289251e+02 -2.848252025848477733e-05 -2.568077893684126908e-03
8.754428768017909306e+02 -2.831635459878129843e-05 -2.547249492663990027e-03
8.795147041357524813e+02 -2.815860673979465078e-05 -2.527251685387240342e-03
8.835865314697146005e+02 -2.805293680765556683e-05 -2.511988682857317721e-03
8.876583588036761512e+02 -2.803800428244718424e-05 -2.504882019162465827e-03
8.917301861376379293e+02 -2.813985648468462014e-05 -2.508197352150545907e-03
8.958020134715994800e+02 -2.836602251338084783e-05 -2.522532285733459535e-03
8.998738408055617128e+02 -2.870278581204595457e-05 -2.546593433134258701e-03
9.039456681395237183e+02 -2.911645222993501517e-05 -2.577330441900932585e-03
9.080174954734850417e+02 -2.955863654281877423e-05 -2.610423272506687958e-03
9.120893228074470471e+02 -2.997476646519162293e-05 -2.641046414694937002e-03
9.161611501414084842e+02 -3.031425266113301099e-05 -2.664769085108192187e-03
9.202329774753707170e+02 -3.054023758995821463e-05 -2.678406022866488580e-03
9.243048048093329498e+02 -3.063669427159471217e-05 -2.680624508988816747e-03
9.283766321432943869e+02 -3.061105058409811710e-05 -2.672152173771150802e-03
9.324484594772562787e+02 -3.049148952227033490e-05 -2.655518002771642665e-03
9.365202868112177157e+02 -3.031943927609474608e-05 -2.634378767970527169e-03
9.405921141451797212e+02 -3.013913910089830803e-05 -2.612601183928041186e-03
9.446639414791421814e+02 -2.998708271814196335e-05 -2.593346199139241401e-03
9.487357688131036184e+02 -2.988423249439982457e-05 -2.578405174406307298e-03
9.528075961470652828e+02 -2.983306471252737010e-05 -2.567961324582254852e-03
9.568794234810268335e+02 -2.981999000401442635e-05 -2.560816281858813246e-03
9.609512508149889527e+02 -2.982200681626441091e-05 -2.554976328850348897e-03
9.650230781489506171e+02 -2.981518367966988129e-05 -2.548386848622468878e-03
9.690949054829121678e+02 -2.978216818313111854e-05 -2.539573509605640069e-03
9.731667328168744007e+02 -2.971649796063838948e-05 -2.528002338922935403e-03
9.772385601508360651e+02 -2.962278421781176438e-05 -2.514084329415643831e-03
9.813103874847981842e+02 -2.951333789704419365e-05 -2.498878663580997393e-03
9.853822148187597350e+02 -2.940295504055867828e-05 -2.483644538364225725e-03
9.894540421527213994e+02 -2.930398832341447209e-05 -2.469423390153167256e-03
9.935258694866828364e+02 -2.922343146435897617e-05 -2.456796257848524456e-03
9.975976968206452966e+02 -2.916276663045999054e-05 -2.445876360410465834e-03
1.001669524154607302e+03 -2.912019487681343616e-05 -2.436501228150326961e-03
1.005741351488568739e+03 -2.909401713222132413e-05 -2.428518188143020864e-03
1.009813178822530631e+03 -2.908563603344735578e-05 -2.422034231082516829e-03
1.013885006156492068e+03 -2.910094932553513298e-05 -2.417528681862938893e-03
1.017956833490454301e+03 -2.914962682408458924e-05 -2.415788821260985743e-03
1.022028660824416534e+03 -2.924260183244283820e-05 -2.417698758886511166e-03
1.026100488158378084e+03 -2.938875640820326504e-05 -2.423964807884320012e-03
1.030172315492339749e+03 -2.959202853092019766e-05 -2.434879511111444003e-03
1.034244142826301413e+03 -2.984996239777956714e-05 -2.450207546002725924e-03
1.038315970160263305e+03 -3.015415960797285437e-05 -2.469228985996339658e-03
1.042387797494225651e+03 -3.049237911803770262e-05 -2.490916694293903322e-03
1.046459624828187316e+03 -3.085143009823006140e-05 -2.514175833333004602e-03
1.050531452162148753e+03 -3.121972157540217239e-05 -2.538052047014582608e-03
1.054603279496110417e+03 -3.158848862996139952e-05 -2.561829304435891703e-03
1.058675106830072536e+03 -3.195126995378253301e-05 -2.584984834448657114e-03
1.062746934164034201e+03 -3.230197639354248255e-05 -2.607030965113539631e-03
1.066818761497996547e+03 -3.263257331013968662e-05 -2.627328145867839030e-03
1.070890588831957984e+03 -3.293170657595239704e-05 -2.644976478678257893e-03
1.074962416165919649e+03 -3.318535450602552945e-05 -2.658871173179040703e-03
1.079034243499881768e+03 -3.337981777042204435e-05 -2.667944095238729448e-03
1.083106070833843432e+03 -3.350632836544346579e-05 -2.671530903925923347e-03
1.087177898167804869e+03 -3.356568064549482174e-05 -2.669734565489212310e-03
1.091249725501766534e+03 -3.357096714077490801e-05 -2.663633113603705756e-03
1.095321552835728880e+03 -3.354695374303599088e-05 -2.655218265720537575e-03
1.099393380169690772e+03 -3.352575502170678494e-05 -2.647042683387277381e-03
1.103465207503652437e+03 -3.353986594559022285e-05 -2.641664081394071335e-03
1.107537034837614101e+03 -3.361470551750961463e-05 -2.641059097989927225e-03
1.111608862171575765e+03 -3.376314149964570191e-05 -2.646201075221025090e-03
1.115680689505537885e+03 -3.398380697661692088e-05 -2.656940607222894792e-03
1.119752516839500004e+03 -3.426361383910775865e-05 -2.672215308562610712e-03
1.123824344173461668e+03 -3.458328073842739582e-05 -2.690491149565259199e-03
1.127896171507423333e+03 -3.492359698601771946e-05 -2.710254489469703966e-03
1.131967998841384997e+03 -3.527002251641619409e-05 -2.730368062459119852e-03
1.136039826175347116e+03 -3.561414152199942289e-05 -2.750178707594795081e-03
1.140111653509309235e+03 -3.595203970430501983e-05 -2.769386470646928097e-03
1.144183480843270900e+03 -3.628115469967131354e-05 -2.787798270112072218e-03
1.148255308177232564e+03 -3.659785822255986776e-05 -2.805141273630491240e-03
1.152327135511194001e+03 -3.689760270967843965e-05 -2.821075121048402350e-03
1.156398962845156120e+03 -3.717805971084775930e-05 -2.835432145488228813e-03
1.160470790179118467e+03 -3.744392039032984180e-05 -2.848580453238085813e-03
1.164542617513079222e+03 -3.771075613253665250e-05 -2.861710210215896721e-03
1.168614444847041568e+03 -3.800521826155206051e-05 -2.876838439839837346e-03
1.172686272181003233e+03 -3.836007484534952798e-05 -2.896423798999555287e-03
1.176758099514965352e+03 -3.880472468587650985e-05 -2.922646389943225377e-03
1.180829926848927244e+03 -3.935402619226502114e-05 -2.956571763742444139e-03
1.184901754182888453e+03 -3.999956413839384406e-05 -2.997510270528578810e-03
1.188973581516850118e+03 -4.070719529279219343e-05 -3.042855594618295700e-03
1.193045408850812464e+03 -4.142281974179287576e-05 -3.088539303919494126e-03
1.197117236184774583e+03 -4.208543712134130827e-05 -3.130020590987413805e-03
1.201189063518736248e+03 -4.264372972910281904e-05 -3.163522854407764366e-03
1.205260890852697457e+03 -4.307077055010910408e-05 -3.187112816411471171e-03
1.209332718186659349e+03 -4.337169280779271102e-05 -3.201243612041238754e-03
1.213404545520621468e+03 -4.358130510191497980e-05 -3.208549112720669814e-03
1.217476372854583587e+03 -4.375200352396844061e-05 -3.212928496807101846e-03
1.221548200188545479e+03 -4.393575193540647607e-05 -3.218209982953837336e-03
1.225620027522506689e+03 -4.416614530834498396e-05 -3.226840876466118783e-03
1.229691854856468581e+03 -4.444679269056737547e-05 -3.239058222376849962e-03
1.233763682190430700e+03 -4.475030255472388591e-05 -3.252843049078249331e-03
1.237835509524392819e+03 -4.502863048101473015e-05 -3.264699441171426460e-03
1.241907336858354711e+03 -4.523162632418912816e-05 -3.271014934175972728e-03
1.245979164192315920e+03 -4.532763393993554101e-05 -3.269548245648959232e-03
1.250050991526277585e+03 -4.531900480620407732e-05 -3.260528170468910639e-03
1.254122818860239704e+03 -4.524679189037420413e-05 -3.246958875947278562e-03
1.258194646194202051e+03 -4.518229566250712704e-05 -3.233979034586747202e-03
1.262266473528163942e+03 -4.520745742506207781e-05 -3.227434246262488645e-03
1.266338300862124925e+03 -4.538991314460774781e-05 -3.232091044318475409e-03
1.270410128196086816e+03 -4.576053974102113950e-05 -3.250055523532688513e-03
1.274481955530048936e+03 -4.630081914177818490e-05 -3.279912179339144942e-03
1.278553782864010827e+03 -4.694441524883104445e-05 -3.316880767140714149e-03
1.282625610197973174e+03 -4.759292277285319986e-05 -3.353969975594346675e-03
1.286697437531933701e+03 -4.814124696738801285e-05 -3.383790565326355408e-03
1.290769264865896048e+03 -4.850499800397515117e-05 -3.400481768032703744e-03
1.294841092199858167e+03 -4.864166066094191218e-05 -3.401172372321355220e-03
1.298912919533819831e+03 -4.855933784644706706e-05 -3.386552088202256401e-03
1.302984746867781041e+03 -4.831087615513519516e-05 -3.360416692730504220e-03
1.307056574201742933e+03 -4.797581096043849856e-05 -3.328374734900866987e-03
1.311128401535705052e+03 -4.763627151047584800e-05 -3.296156161609457760e-03
1.315200228869667171e+03 -4.735456092317484578e-05 -3.268062881589826711e-03
1.319272056203629063e+03 -4.715912501006856771e-05 -3.246021152354001786e-03
1.323343883537590273e+03 -4.704249296398364729e-05 -3.229471019462642253e-03
1.327415710871552164e+03 -4.697066596819665830e-05 -3.216041703987487007e-03
1.331487538205514284e+03 -4.689977792717571313e-05 -3.202713288858793916e-03
1.335559365539476403e+03 -4.679385099164365267e-05 -3.187034837376226566e-03
1.339631192873438295e+03 -4.663767175985183354e-05 -3.167991834731045345e-03
1.343703020207399504e+03 -4.644098238383909442e-05 -3.146271354210111726e-03
1.347774847541361169e+03 -4.623342112931223846e-05 -3.123897733702999009e-03
1.351846674875323288e+03 -4.605277617202472250e-05 -3.103423178506887342e-03
1.355918502209285634e+03 -4.593109898846431453e-05 -3.086987216001540676e-03
1.359990329543246162e+03 -4.588351665865560397e-05 -3.075572008172185092e-03
1.364062156877208508e+03 -4.590327088693352796e-05 -3.068685913653332927e-03
1.368133984211170400e+03 -4.596420679934503896e-05 -3.064549003722389330e-03
1.372205811545132519e+03 -4.602949842634602263e-05 -3.060690541615527192e-03
1.376277638879094411e+03 -4.606361539958942419e-05 -3.054752011409748134e-03
1.380349466213055393e+03 -4.604386239935916593e-05 -3.045249076614166273e-03
1.384421293547017740e+03 -4.596828812482403907e-05 -3.032081771918277401e-03
1.388493120880979632e+03 -4.585803536874491374e-05 -3.016670637388110983e-03
1.392564948214941751e+03 -4.575378362897298428e-05 -3.001702862492919288e-03
1.396636775548903643e+03 -4.570734553618263499e-05 -2.990565209408993768e-03
1.400708602882864398e+03 -4.577041906970506194e-05 -2.986600327851338370e-03
1.404780430216826517e+03 -4.598288879048842632e-05 -2.992345675881968002e-03
1.408852257550788863e+03 -4.636299545599926162e-05 -3.008906073161642103e-03
1.412924084884750982e+03 -4.690129849962223373e-05 -3.035582084838928628e-03
1.416995912218712874e+03 -4.755974993935344536e-05 -3.069834628543944340e-03
1.421067739552673629e+03 -4.827642111745793842e-05 -3.107614341687017518e-03
1.425139566886635521e+03 -4.897547873585212638e-05 -3.144022858421846416e-03
1.429211394220597867e+03 -4.958093860361842837e-05 -3.174205370389342282e-03
1.433283221554560214e+03 -5.003169027417963535e-05 -3.194309843196272564e-03
1.437355048888522106e+03 -5.029456219564236495e-05 -3.202305719399316068e-03
1.441426876222482861e+03 -5.037211518418088313e-05 -3.198454261368318362e-03
1.445498703556444752e+03 -5.030265414673562677e-05 -3.185278084015840446e-03
1.449570530890406872e+03 -5.015163745395620579e-05 -3.166987575356265683e-03
1.453642358224369218e+03 -4.999591612400341165e-05 -3.148464859960100649e-03
1.457714185558331337e+03 -4.990443316880517545e-05 -3.134041964652346888e-03
1.461786012892292092e+03 -4.992041703377540199e-05 -3.126392668117294969e-03
1.465857840226253984e+03 -5.005011394778904031e-05 -3.125851201834384946e-03
1.469929667560216103e+03 -5.026152627958710813e-05 -3.130365739417368450e-03
1.474001494894177995e+03 -5.049380718016710637e-05 -3.136114915473939453e-03
1.478073322228140341e+03 -5.067474599737541456e-05 -3.138615607666379002e-03
1.482145149562101324e+03 -5.074123452710293912e-05 -3.133996663869311524e-03
1.486216976896063215e+03 -5.065664661751854644e-05 -3.120061360352857291e-03
1.490288804230025335e+03 -5.042008951573855984e-05 -3.096832741493737821e-03
1.494360631563987454e+03 -5.006518317787076930e-05 -3.066448128411409808e-03
1.498432458897947981e+03 -4.964945499271530979e-05 -3.032481814971137082e-03
1.502504286231910100e+03 -4.923837451392452333e-05 -2.998952306285901197e-03
1.506576113565872447e+03 -4.888945002496543211e-05 -2.969349757095338278e-03
1.510647940899834566e+03 -4.864121427905497336e-05 -2.945975829091770914e-03
1.514719768233796458e+03 -4.850966104093990168e-05 -2.929744770018199995e-03
1.518791595567757213e+03 -4.849171238923559479e-05 -2.920411491796593394e-03
1.522863422901719105e+03 -4.857278995347766694e-05 -2.917042498683376176e-03
1.526935250235681451e+03 -4.873446692762189059e-05 -2.918483879864858417e-03
1.531007077569643798e+03 -4.895880192469747845e-05 -2.923623336483651466e-03
1.535078904903605689e+03 -4.922789349120086823e-05 -2.931363201350662469e-03
1.539150732237566444e+03 -4.951953871366037579e-05 -2.940362581426420215e-03
1.543222559571528336e+03 -4.980164089156496968e-05 -2.948709829113641771e-03
1.547294386905490455e+03 -5.002853481768584096e-05 -2.953713869431885165e-03
1.551366214239452802e+03 -5.014159650071049962e-05 -2.951951438268179094e-03
1.555438041573414921e+03 -5.007481673141249000e-05 -2.939605057795557051e-03
1.559509868907375449e+03 -4.976414821395820306e-05 -2.913016246236343858e-03
1.563581696241337568e+03 -4.915802296103730660e-05 -2.869297610385949503e-03
1.567653523575299687e+03 -4.822583377544595627e-05 -2.806815890762526505e-03
1.571725350909261806e+03 -4.696142955175249136e-05 -2.725377175114806084e-03
1.575797178243222561e+03 -4.537967815865877986e-05 -2.626007522523641190e-03
1.579869005577184680e+03 -4.350580240696242583e-05 -2.510320110179654809e-03
1.583940832911146799e+03 -4.135944293879262681e-05 -2.379589718687573959e-03
1.588012660245108918e+03 -3.893809138695575453e-05 -2.233807019726182039e-03
1.592084487579071038e+03 -3.620715156605785513e-05 -2.071128480595291633e-03
1.596156314913031565e+03 -3.310539840495744412e-05 -1.888214308699392909e-03
1.600228142246993684e+03 -2.957364478272141297e-05 -1.681880719143373937e-03
1.604299969580956031e+03 -2.560984528982324261e-05 -1.452222803997808625e-03
1.608371796914918150e+03 -2.134552095636354762e-05 -1.206888337448243972e-03
1.612443624248880042e+03 -1.712779086784990836e-05 -9.655922900943514613e-04
1.616515451582840797e+03 -1.358168231857130884e-05 -7.634422253966363864e-04
1.620587278916802688e+03 -1.162296507950829218e-05 -6.514300250368615158e-04
1.624659106250765035e+03 -1.239619088775726914e-05 -6.927322022581316237e-04
1.628730933584727381e+03 -1.712731101098512412e-05 -9.543125487274827434e-04
1.632802760918689273e+03 -2.690304906766108038e-05 -1.494601190249308844e-03
1.636874588252650028e+03 -4.241435553433149213e-05 -2.349400712199315767e-03
1.640946415586612147e+03 -6.372076221742003295e-05 -3.519197309704971688e-03
1.645018242920574266e+03 -9.009862691798276751e-05 -4.961320463037266482e-03
1.649090070254536386e+03 -1.200246976632152863e-04 -6.589678035405643550e-03
1.653161897588498732e+03 -1.513180917446117486e-04 -8.283176347168670281e-03
1.657233724922459032e+03 -1.814253955647197923e-04 -9.901810463579893695e-03
1.661305552256421379e+03 -2.077959160623979603e-04 -1.130738065478851563e-02
1.665377379590383043e+03 -2.282686154818034936e-04 -1.238447706491212393e-02
1.669449206924345617e+03 -2.413872192771442104e-04 -1.305720392238899838e-02
1.673521034258307509e+03 -2.465775258412241820e-04 -1.329816840064634506e-02
1.677592861592268264e+03 -2.441561057475790807e-04 -1.312823431682119679e-02
1.681664688926230610e+03 -2.351818469889921501e-04 -1.260784561839496144e-02
1.685736516260192275e+03 -2.211986116929092209e-04 -1.182267617052138071e-02
1.689808343594154621e+03 -2.039381834682552075e-04 -1.086741383244296637e-02
1.693880170928116740e+03 -1.850527783855670507e-04 -9.831402422188030565e-03
1.697951998262077268e+03 -1.659276132390794835e-04 -8.788781549867751008e-03
1.702023825596039842e+03 -1.475941086651073723e-04 -7.794120151485161956e-03
1.706095652930001506e+03 -1.307337519731006871e-04 -6.882905260587270438e-03
1.710167480263963853e+03 -1.157409449677631642e-04 -6.075121927716747340e-03
1.714239307597924153e+03 -1.028056849967696497e-04 -5.379809817858599574e-03
1.718311134931886500e+03 -9.198355151504820644e-05 -4.798877732259782328e-03
1.722382962265848619e+03 -8.323630251523423122e-05 -4.329322167445669341e-03
1.726454789599810738e+03 -7.644410961831685344e-05 -3.963936181222355200e-03
1.730526616933772630e+03 -7.140328762619356756e-05 -3.691256448040509171e-03
1.734598444267733839e+03 -6.782742922225784695e-05 -3.495687678570336132e-03
1.738670271601695731e+03 -6.536518121713944755e-05 -3.358480723387242094e-03
1.742742098935657850e+03 -6.363786138134373588e-05 -3.259709887032679471e-03
1.746813926269619969e+03 -6.228963724079493479e-05 -3.180856013922746337e-03
1.750885753603581861e+03 -6.103643627699390471e-05 -3.107277627962941498e-03
1.754957580937543071e+03 -5.969933707851435772e-05 -3.029848524383839219e-03
1.759029408271504963e+03 -5.821340632050345427e-05 -2.945321921633597875e-03
1.763101235605466627e+03 -5.661117673162450358e-05 -2.855407606428838046e-03
1.767173062939429201e+03 -5.498778037819097581e-05 -2.764942522076442675e-03
1.771244890273389728e+03 -5.345936211499648739e-05 -2.679757452680511624e-03
1.775316717607352302e+03 -5.212660374969744175e-05 -2.604838143852479353e-03
1.779388544941314194e+03 -5.105159667587832572e-05 -2.543185471679311818e-03
1.783460372275275859e+03 -5.025079083986046474e-05 -2.495495453378289256e-03
1.787532199609238205e+03 -4.970154777669633453e-05 -2.460519160927016925e-03
1.791604026943198960e+03 -4.935661017014563763e-05 -2.435807084352789413e-03
1.795675854277160852e+03 -4.916017754605326180e-05 -2.418518965646025524e-03
1.799747681611123426e+03 -4.906078814121973527e-05 -2.406062037282658342e-03
1.803819508945085090e+03 -4.901874274947611764e-05 -2.396450493106845776e-03
1.807891336279047437e+03 -4.900819308171630790e-05 -2.388398101060612046e-03
1.811963163613007737e+03 -4.901548729511509778e-05 -2.381227101558898961e-03
1.816034990946970083e+03 -4.903574735294281741e-05 -2.374693047130054403e-03
1.820106818280932202e+03 -4.906925925601123169e-05 -2.368803794471696818e-03
1.824178645614894094e+03 -4.911859007409490529e-05 -2.363676812532966142e-03
1.828250472948856668e+03 -4.918679867567529122e-05 -2.359451612470608774e-03
1.832322300282816968e+03 -4.927680797902059728e-05 -2.356259361851356909e-03
1.836394127616779542e+03 -4.939184972621377806e-05 -2.354244195117666510e-03
1.840465954950741434e+03 -4.953670304761831301e-05 -2.353621833219324451e-03
1.844537782284703326e+03 -4.971915756679702196e-05 -2.354747711329687777e-03
1.848609609618665900e+03 -4.995085746104436879e-05 -2.358154557321498306e-03
1.852681436952626200e+03 -5.024665987869116523e-05 -2.364519302880201644e-03
1.856753264286588774e+03 -5.062205459229798517e-05 -2.374539647252334358e-03
1.860825091620550211e+03 -5.108901162821781640e-05 -2.388739464459596184e-03
1.864896918954512557e+03 -5.165154953284334724e-05 -2.407264943873194986e-03
1.868968746288475131e+03 -5.230288426752313863e-05 -2.429758144980246302e-03
1.873040573622435431e+03 -5.302582715315273560e-05 -2.455383541086243737e-03
1.877112400956398005e+03 -5.379705294533864481e-05 -2.483032795916267389e-03
1.881184228290359442e+03 -5.459428015178549067e-05 -2.511659652566913554e-03
1.885256055624321334e+03 -5.540395338457164518e-05 -2.540631385886109317e-03
1.889327882958284363e+03 -5.622640825594887686e-05 -2.569958315856174340e-03
1.893399710292244663e+03 -5.707615843361528755e-05 -2.600296508716002687e-03
1.897471537626207237e+03 -5.797675225471079542e-05 -2.632703675465392947e-03
1.901543364960168674e+03 -5.895191943227782918e-05 -2.668231787113469096e-03
1.905615192294130566e+03 -6.001647573060063387e-05 -2.707516678014700896e-03
1.909687019628091775e+03 -6.117081310360862568e-05 -2.750536948052966467e-03
1.913758846962053667e+03 -6.240146745974120492e-05 -2.796650101597176769e-03
1.917830674296016468e+03 -6.368767963539520528e-05 -2.844895847507431050e-03
1.921902501629977905e+03 -6.501112630338211882e-05 -2.894434683400196225e-03
1.925974328963939797e+03 -6.636435375493557245e-05 -2.944920305536634798e-03
1.930046156297901234e+03 -6.775375966074930379e-05 -2.996623461713810756e-03
1.934117983631862899e+03 -6.919525936636310767e-05 -3.050230741297157468e-03
1.938189810965824336e+03 -7.070414355541572980e-05 -3.106392017632180359e-03
1.942261638299787137e+03 -7.228359915573549549e-05 -3.165218284524542406e-03
1.946333465633748801e+03 -7.391749969805565636e-05 -3.225975874984686551e-03
1.950405292967710466e+03 -7.557167577195727137e-05 -3.287155802654235983e-03
1.954477120301672130e+03 -7.720436148760543497e-05 -3.346939722847813020e-03
1.958548947635633567e+03 -7.878229992283956710e-05 -3.403901230420388474e-03
1.962620774969596368e+03 -8.029593928817958706e-05 -3.457653960770713623e-03
1.966692602303558033e+03 -8.176674828605351149e-05 -3.509148299629087728e-03
1.970764429637519470e+03 -8.324233872359554549e-05 -3.560440320671999590e-03
1.974836256971481362e+03 -8.477988965516152051e-05 -3.613966376368044943e-03
1.978908084305442799e+03 -8.642339330088865171e-05 -3.671569639921607418e-03
1.982979911639405373e+03 -8.818333798934064986e-05 -3.733649507536864441e-03
1.987051738973365673e+03 -9.002715814922084838e-05 -3.798782793781376680e-03
1.991123566307328701e+03 -9.188502928408601221e-05 -3.863998325340074758e-03
1.995195393641290593e+03 -9.366974048635542016e-05 -3.925636387421667373e-03
1.999267220975252030e+03 -9.530374611011781304e-05 -3.980490841832972845e-03
2.003339048309214604e+03 -9.674338459595784219e-05 -4.026810103441002750e-03
2.007410875643174904e+03 -9.799099563290058937e-05 -4.064775450939446880e-03
2.011482702977137478e+03 -9.909007139494894155e-05 -4.096267758803354142e-03
2.015554530311099825e+03 -1.001049719391622394e-04 -4.124002613739986660e-03
2.019626357645061262e+03 -1.010926371521938936e-04 -4.150354252371577825e-03
2.023698184979023836e+03 -1.020768403179601977e-04 -4.176307589092433450e-03
2.027770012312984136e+03 -1.030346500878976469e-04 -4.200929816561236978e-03
2.031841839646946710e+03 -1.039002534035213428e-04 -4.221558746258373060e-03
2.035913666980908602e+03 -1.045848871947711536e-04 -4.234639999983866657e-03
2.039985494314870493e+03 -1.050057603091605213e-04 -4.236909980232221422e-03
2.044057321648833067e+03 -1.051136823580124549e-04 -4.226502397197360109e-03
2.048129148982793595e+03 -1.049097409198501392e-04 -4.203592755699875859e-03
2.052200976316756169e+03 -1.044454313770322603e-04 -4.170368236711512189e-03
2.056272803650717833e+03 -1.038065502663369332e-04 -4.130351611097590921e-03
2.060344630984679497e+03 -1.030867251528822084e-04 -4.087327904740280064e-03
2.064416458318642071e+03 -1.023597187783528912e-04 -4.044244875554670222e-03
2.068488285652602826e+03 -1.016595857355519770e-04 -4.002445788076556578e-03
2.072560112986565400e+03 -1.009745857204057156e-04 -3.961458349780047107e-03
2.076631940320526610e+03 -1.002557614839338327e-04 -3.919361868479270816e-03
2.080703767654488729e+03 -9.943612247582749551e-05 -3.873560277642455751e-03
2.084775594988451303e+03 -9.845315998606176636e-05 -3.821668452341549053e-03
2.088847422322411603e+03 -9.726695839734977671e-05 -3.762209493706696918e-03
2.092919249656374632e+03 -9.586843602373657739e-05 -3.694916646679826354e-03
2.096991076990335841e+03 -9.427626625658003310e-05 -3.620593777108466194e-03
2.101062904324297506e+03 -9.252525098447160847e-05 -3.540651395420423529e-03
2.105134731658260534e+03 -9.065180664777308282e-05 -3.456542237481622423e-03
2.109206558992220835e+03 -8.868279341813394337e-05 -3.369335826336665972e-03
2.113278386326183863e+03 -8.663206837876294506e-05 -3.279594594690478978e-03
2.117350213660145073e+03 -8.450566793346844070e-05 -3.187578290211714408e-03
2.121422040994106737e+03 -8.231280231734357830e-05 -3.093662548287892146e-03
2.125493868328068402e+03 -8.007732201196968689e-05 -2.998766148961406509e-03
2.129565695662030066e+03 -7.784396344098285631e-05 -2.904574155607477469e-03
2.133637522995993095e+03 -7.567563173395241820e-05 -2.813422812478640241e-03
2.137709350329954304e+03 -7.364147591663573961e-05 -2.727845648503772393e-03
2.141781177663915969e+03 -7.179920375459656375e-05 -2.649916698062698781e-03
2.145853004997877633e+03 -7.017754281659884181e-05 -2.580613412128447519e-03
2.149924832331839298e+03 -6.876503438320645631e-05 -2.519425703409692956e-03
2.153996659665802326e+03 -6.750934633459519207e-05 -2.464357900854702819e-03
2.158068486999763536e+03 -6.632778323427905966e-05 -2.412338359400454692e-03
2.162140314333723836e+03 -6.512598438051314870e-05 -2.359917193881740094e-03
2.166212141667686865e+03 -6.381928080983266896e-05 -2.304044921931060457e-03
2.170283969001648529e+03 -6.235066879251575022e-05 -2.242712281686377353e-03
2.174355796335609739e+03 -6.070087926150157757e-05 -2.175292479476539313e-03
2.178427623669572768e+03 -5.888884321433647838e-05 -2.102532610215365489e-03
2.182499451003533068e+03 -5.696382579603050502e-05 -2.026248486055893475e-03
2.186571278337495642e+03 -5.499256847054893865e-05 -1.948848939608084684e-03
2.190643105671457761e+03 -5.304538635330569620e-05 -1.872833538079440559e-03
2.194714933005418970e+03 -5.118442546206508447e-05 -1.800377336285646388e-03
2.198786760339381544e+03 -4.945581257535289048e-05 -1.733061328137026598e-03
2.202858587673342299e+03 -4.788599807388789335e-05 -1.671755444056698776e-03
2.206930415007304873e+03 -4.648173613207346084e-05 -1.616630879593024912e-03
2.211002242341266538e+03 -4.523295545847629044e-05 -1.567272526069470083e-03
2.215074069675228202e+03 -4.411793240376078615e-05 -1.522868554114418984e-03
2.219145897009190776e+03 -4.311022689797530829e-05 -1.482456506548578525e-03
2.223217724343151531e+03 -4.218649505317233710e-05 -1.445193959972653234e-03
2.227289551677114105e+03 -4.133363890494479729e-05 -1.410600450569478347e-03
2.231361379011075769e+03 -4.055322430433233339e-05 -1.378700964339864103e-03
2.235433206345037433e+03 -3.986121776101668061e-05 -1.350007490295230053e-03
2.239505033679000007e+03 -3.928215253278899926e-05 -1.325312880826278383e-03
2.243576861012960762e+03 -3.883865853249029445e-05 -1.305333465013841336e-03
2.247648688346923336e+03 -3.853924223584230421e-05 -1.290301201105941353e-03
2.251720515680885001e+03 -3.836843398804165979e-05 -1.279644215570125473e-03
2.255792343014846665e+03 -3.828326185065127535e-05 -1.271885075174690851e-03
2.259864170348809239e+03 -3.821831222861434745e-05 -1.264825867071680317e-03
2.263935997682769994e+03 -3.809888623783862227e-05 -1.255996187094217398e-03
2.268007825016732568e+03 -3.785892195091727100e-05 -1.243247469800857347e-03
2.272079652350694232e+03 -3.745848723527026378e-05 -1.225319523318752369e-03
2.276151479684655897e+03 -3.689548236385312298e-05 -1.202205060955452952e-03
2.280223307018618470e+03 -3.620782522383285163e-05 -1.175196492710829047e-03
2.284295134352579225e+03 -3.546526349955737877e-05 -1.146595822911948255e-03
2.288366961686541799e+03 -3.475307545230661797e-05 -1.119169691863156979e-03
2.292438789020503009e+03 -3.415224493711368326e-05 -1.095503793183762436e-03
2.296510616354465128e+03 -3.372151616474781613e-05 -1.077432412957892620e-03
2.300582443688427702e+03 -3.348588780901926915e-05 -1.065686446699421527e-03
2.304654271022388002e+03 -3.343398438869756646e-05 -1.059831421185003118e-03
2.308726098356351031e+03 -3.352409922711238648e-05 -1.058481173106240718e-03
2.312797925690312240e+03 -3.369637283260475900e-05 -1.059699810365359769e-03
2.316869753024273905e+03 -3.388720396592175102e-05 -1.061464368469475445e-03
2.320941580358236934e+03 -3.404188622285627780e-05 -1.062061252053045097e-03
2.325013407692197234e+03 -3.412252509086759298e-05 -1.060326563946068119e-03
2.329085235026158443e+03 -3.411009903347668129e-05 -1.055699317755233154e-03
2.333157062360121472e+03 -3.400148013024766839e-05 -1.048117798715252893e-03
2.337228889694083136e+03 -3.380371269059291681e-05 -1.037834019021321693e-03
2.341300717028045256e+03 -3.352841124546152783e-05 -1.025236122918015942e-03
2.345372544362006465e+03 -3.318862824126253493e-05 -1.010750189228331068e-03
2.349444371695967675e+03 -3.279916149892458732e-05 -9.948486981224589302e-04
2.353516199029930704e+03 -3.237954258264448646e-05 -9.781397624802411032e-04
2.357588026363891913e+03 -3.195754628733624847e-05 -9.614698430753315043e-04
2.361659853697854487e+03 -3.157057869584001112e-05 -9.459603355529142606e-04
2.365731681031815697e+03 -3.126299559422975201e-05 -9.329217250511867001e-04
2.369803508365776906e+03 -3.107905986024933089e-05 -9.236401319758188230e-04
2.373875335699739935e+03 -3.105322010987155481e-05 -9.190897453525862871e-04
2.377947163033700235e+03 -3.120084504964816291e-05 -9.196657793611214948e-04
2.382018990367663719e+03 -3.151280040597552673e-05 -9.250369383105132293e-04
2.386090817701624928e+03 -3.195610722242613196e-05 -9.341795345750794491e-04
2.390162645035585683e+03 -3.248077665125400406e-05 -9.455908565963415521e-04
2.394234472369549167e+03 -3.303064658989033378e-05 -9.576135268400702213e-04
2.398306299703509467e+03 -3.355461604918545768e-05 -9.687634540404335953e-04
2.402378127037472495e+03 -3.401471092245534819e-05 -9.779585616972268341e-04
2.406449954371434160e+03 -3.438890626414045691e-05 -9.845916015698585357e-04
2.410521781705394915e+03 -3.466890778679950793e-05 -9.884572654401623491e-04
2.414593609039357943e+03 -3.485513234792282032e-05 -9.896014168068753645e-04
2.418665436373318698e+03 -3.495201099361623474e-05 -9.881830816852431049e-04
2.422737263707281727e+03 -3.496609882138869787e-05 -9.844188462029667807e-04
2.426809091041242937e+03 -3.490766269660774333e-05 -9.786261161167635753e-04
2.430880918375204146e+03 -3.479433235124050828e-05 -9.713228556181832327e-04
2.434952745709167175e+03 -3.465406451554977360e-05 -9.633056500492551133e-04
2.439024573043127930e+03 -3.452473653393224302e-05 -9.556323985267661542e-04
2.443096400377090959e+03 -3.444913150969380222e-05 -9.494783121439620641e-04
2.447168227711052168e+03 -3.446622193594692701e-05 -9.458939021711213965e-04
2.451240055045013378e+03 -3.460150333766823992e-05 -9.455431667863224612e-04
2.455311882378976406e+03 -3.485983304957871354e-05 -9.485167256525720448e-04
2.459383709712937161e+03 -3.522349594362955911e-05 -9.542915450460104018e-04
2.463455537046900190e+03 -3.565640582585761148e-05 -9.618574607976647720e-04
2.467527364380861400e+03 -3.611326104197230396e-05 -9.699737523507871977e-04
2.471599191714822609e+03 -3.655095139713428621e-05 -9.774794722428961115e-04
2.475671019048785638e+03 -3.693906444315027209e-05 -9.835718198340597223e-04
2.479742846382746393e+03 -3.726694512226617391e-05 -9.879858471745174217e-04
2.483814673716709422e+03 -3.754598208158663371e-05 -9.910433181679761689e-04
2.487886501050670176e+03 -3.780705263690659865e-05 -9.935728222251884005e-04
2.491958328384631841e+03 -3.809395835755403014e-05 -9.967268237814385420e-04
2.496030155718594870e+03 -3.845415585508633199e-05 -1.001732844640255927e-03
2.500101983052555170e+03 -3.892832178806406734e-05 -1.009620833482248198e-03
2.504173810386518653e+03 -3.954050665256516185e-05 -1.020972916307071434e-03
2.508245637720479408e+03 -4.029085470565711572e-05 -1.035745837780654337e-03
2.512317465054440618e+03 -4.115286610758699836e-05 -1.053214571886166044e-03
2.516389292388404101e+03 -4.207661175181181374e-05 -1.072069387173969681e-03
2.520461119722364401e+03 -4.299800829995255330e-05 -1.090664350212371125e-03
2.524532947056327885e+03 -4.385244332294925275e-05 -1.107369292996809081e-03
2.528604774390288640e+03 -4.458934203962058786e-05 -1.120936159399768236e-03
2.532676601724249849e+03 -4.518348512017432162e-05 -1.130774179377081086e-03
2.536748429058212423e+03 -4.563957553012054467e-05 -1.137049253912478502e-03
2.540820256392173633e+03 -4.598867140965017463e-05 -1.140578615456633955e-03
2.544892083726137116e+03 -4.627793001351939285e-05 -1.142562847549319100e-03
2.548963911060097871e+03 -4.655750221831414461e-05 -1.144254850931312106e-03
2.553035738394059081e+03 -4.686932358784975407e-05 -1.146684047533112890e-03
2.557107565728021655e+03 -4.724151556594554410e-05 -1.150524720031968285e-03
2.561179393061982864e+03 -4.768954813365890155e-05 -1.156131976725256576e-03
2.565251220395946348e+03 -4.822234197984104511e-05 -1.163696094229236264e-03
2.569323047729907103e+03 -4.884942915770600113e-05 -1.173418187179266084e-03
2.573394875063867403e+03 -4.958505890071833499e-05 -1.185608063357556068e-03
2.577466702397830886e+03 -5.044679775154669069e-05 -1.200648326697334456e-03
2.581538529731792096e+03 -5.144892510955726382e-05 -1.218836123434474065e-03
2.585610357065752851e+03 -5.259347858896062635e-05 -1.240173834069580559e-03
2.589682184399716334e+03 -5.386300336351563850e-05 -1.264205637096741698e-03
2.593754011733676634e+03 -5.521842116286093281e-05 -1.289978391174537425e-03
2.597825839067639663e+03 -5.660333963518834763e-05 -1.316153598506694753e-03
2.601897666401601327e+03 -5.795359165084580752e-05 -1.341237515392221203e-03
2.605969493735562082e+03 -5.920896287330377355e-05 -1.363855387815332987e-03
2.610041321069525111e+03 -6.032364268408746530e-05 -1.382988759631534033e-03
2.614113148403485866e+03 -6.127290436549808969e-05 -1.398119967151428356e-03
2.618184975737448895e+03 -6.205523456882375743e-05 -1.409269008248747275e-03
2.622256803071410104e+03 -6.269069462955436788e-05 -1.416943938914224299e-03
2.626328630405371314e+03 -6.321704247896186419e-05 -1.422042032793344310e-03
2.630400457739334342e+03 -6.368494265988875499e-05 -1.425733097295595400e-03
2.634472285073295097e+03 -6.415283503438406500e-05 -1.429338323882677671e-03
2.638544112407258126e+03 -6.468134503012021037e-05 -1.434202307004270619e-03
2.642615939741219336e+03 -6.532697320039213137e-05 -1.441552762612351548e-03
2.646687767075180545e+03 -6.613526457196102209e-05 -1.452352858458024571e-03
2.650759594409143574e+03 -6.713438996684887683e-05 -1.467166884431502860e-03
2.654831421743104329e+03 -6.833057090355342694e-05 -1.486070059365289953e-03
2.658903249077067358e+03 -6.970670052356434067e-05 -1.508630349574682956e-03
2.662975076411028567e+03 -7.122486196818594980e-05 -1.533975024044045322e-03
2.667046903744989777e+03 -7.283254765896736676e-05 -1.560934856024231900e-03
2.671118731078952806e+03 -7.447164862287906592e-05 -1.588243410486478392e-03
2.675190558412913560e+03 -7.608893723037980599e-05 -1.614762323003935286e-03
2.679262385746876589e+03 -7.764672041621113751e-05 -1.639703583560706652e-03
2.683334213080837344e+03 -7.913229543140347616e-05 -1.662820006445798289e-03
2.687406040414799008e+03 -8.056456328035060900e-05 -1.684530418012127138e-03
2.691477867748762037e+03 -8.199573735731544087e-05 -1.705938763974607477e-03
2.695549695082722337e+03 -8.350599195027618566e-05 -1.728706107446668309e-03
2.699621522416685821e+03 -8.518972967848844886e-05 -1.754753427320444826e-03
2.703693349750646576e+03 -8.713422431188049477e-05 -1.785816747333215243e-03
2.707765177084607785e+03 -8.939437623030162456e-05 -1.822936234098762338e-03
2.711837004418571269e+03 -9.197014476678268356e-05 -1.866015140141382605e-03
2.715908831752531569e+03 -9.479447462004824700e-05 -1.913604354218920427e-03
2.719980659086492324e+03 -9.773808697434381554e-05 -1.963032890595032588e-03
2.724052486420455807e+03 -1.006331857362967823e-04 -2.010913187602325191e-03
2.728124313754417017e+03 -1.033120181445018680e-04 -2.053927030053413413e-03
2.732196141088379591e+03 -1.056504103643009506e-04 -2.089686242776402168e-03
2.736267968422340800e+03 -1.076031902633004824e-04 -2.117407271932463496e-03
2.740339795756301555e+03 -1.092193970514778768e-04 -2.138168720179480474e-03
2.744411623090265039e+03 -1.106304787160424907e-04 -2.154633860825728824e-03
2.748483450424226248e+03 -1.120127832131563963e-04 -2.170282537522824802e-03
2.752555277758188822e+03 -1.135339275493068374e-04 -2.188355193908449094e-03
2.756627105092150032e+03 -1.152982947465600239e-04 -2.210812572195985839e-03
2.760698932426110787e+03 -1.173080385892833079e-04 -2.237623874571562956e-03
2.764770759760074270e+03 -1.194521619167234719e-04 -2.266610735013661112e-03
2.768842587094035480e+03 -1.215286434734913479e-04 -2.293921167982778276e-03
2.772914414427998054e+03 -1.232954700717190624e-04 -2.315032683553179624e-03
2.776986241761959263e+03 -1.245383305215358601e-04 -2.326035962458101666e-03
2.781058069095920018e+03 -1.251377437119498173e-04 -2.324867751536932505e-03
2.785129896429883502e+03 -1.251177140146332817e-04 -2.312162780682038097e-03
2.789201723763843802e+03 -1.246617857138536574e-04 -2.291478041673566078e-03
2.793273551097807285e+03 -1.240898279710279451e-04 -2.268790130274285846e-03
2.797345378431768495e+03 -1.237985059169360261e-04 -2.251346384103808211e-03
2.801417205765728795e+03 -1.241781190682037721e-04 -2.246123902893378162e-03
2.805489033099692733e+03 -1.255259524993334501e-04 -2.258274705935515124e-03
2.809560860433653033e+03 -1.279792312416106739e-04 -2.289972162410695931e-03
2.813632687767616517e+03 -1.314876530302549085e-04 -2.340000455207192753e-03
2.817704515101577726e+03 -1.358361697602310648e-04 -2.404248816902945785e-03
2.821776342435538027e+03 -1.407149596654770033e-04 -2.477022632303644938e-03
2.825848169769501965e+03 -1.458189640753105015e-04 -2.552831138084108581e-03
2.829919997103462265e+03 -1.509485253088495391e-04 -2.628136610407435202e-03
2.833991824437425748e+03 -1.560796551777235918e-04 -2.702519870552997326e-03
2.838063651771386503e+03 -1.613793047703310571e-04 -2.778858810697123517e-03
2.842135479105347258e+03 -1.671565364810272017e-04 -2.862401175321276255e-03
2.846207306439311196e+03 -1.737603644375601975e-04 -2.958957686842158576e-03
2.850279133773271042e+03 -1.814529157401172500e-04 -3.072735905578941312e-03
2.854350961107234980e+03 -1.902963339158783552e-04 -3.204477676976868507e-03
2.858422788441195735e+03 -2.000897882203557401e-04 -3.350499377921418390e-03
2.862494615775156490e+03 -2.103792597365938453e-04 -3.502978865365404676e-03
2.866566443109120428e+03 -2.205416045454384642e-04 -3.651465791415884656e-03
2.870638270443080273e+03 -2.299224525278667128e-04 -3.785230064746929277e-03
2.874710097777044211e+03 -2.379916858940130055e-04 -3.895820132373464112e-03
2.878781925111004966e+03 -2.444752602653519876e-04 -3.979149081296240106e-03
2.882853752444965721e+03 -2.494290002856262454e-04 -4.036568534342229245e-03
2.886925579778929205e+03 -2.532359639693910558e-04 -4.074672521075571249e-03
2.890997407112889505e+03 -2.565287509879910399e-04 -4.103903217124464133e-03
2.895069234446853443e+03 -2.600559445717122182e-04 -4.136312284521182284e-03
2.899141061780813743e+03 -2.645233472433068775e-04 -4.182998306377866057e-03
2.903212889114774953e+03 -2.704439517890446995e-04 -4.251769493422990695e-03
2.907284716448738436e+03 -2.780263993724130266e-04 -4.345490305780328605e-03
2.911356543782698736e+03 -2.871224268453278616e-04 -4.461405198642661232e-03
2.915428371116662674e+03 -2.972423493263470621e-04 -4.591541026674540379e-03
2.919500198450622975e+03 -3.076362307334302667e-04 -4.724108479505340248e-03
2.923572025784584184e+03 -3.174283258071979768e-04 -4.845671353380903712e-03
2.927643853118547668e+03 -3.257841141618040030e-04 -4.943736488428871791e-03
2.931715680452507968e+03 -3.320830931898824585e-04 -5.009339654755243752e-03
2.935787507786471451e+03 -3.360671273029469447e-04 -5.039171691078351070e-03
2.939859335120432206e+03 -3.379347556772267606e-04 -5.036819953638306015e-03
2.943931162454393416e+03 -3.383577475503051998e-04 -5.012808405602172182e-03
2.948002989788355990e+03 -3.384080005702703965e-04 -4.983310139909665794e-03
2.952074817122317199e+03 -3.393997422969596790e-04 -4.967660957284362501e-03
2.956146644456280683e+03 -3.426711091313942555e-04 -4.985076582990203599e-03
2.960218471790241438e+03 -3.493460357738828242e-04 -5.051202243664624364e-03
2.964290299124202647e+03 -3.601268286483555545e-04 -5.175229634668728103e-03
2.968362126458165221e+03 -3.751656159333752703e-04 -5.358249484090650203e-03
2.972433953792126431e+03 -3.940475427932115448e-04 -5.593256679215565311e-03
2.976505781126089914e+03 -4.158924587931344058e-04 -5.866833866240979238e-03
2.980577608460050669e+03 -4.395512041481737281e-04 -6.162105879990090532e-03
2.984649435794010969e+03 -4.638462928851215007e-04 -6.462208284827778218e-03
2.988721263127974908e+03 -4.877936263567424972e-04 -6.753366624103136588e-03
2.992793090461935662e+03 -5.107474864619970757e-04 -7.026804545112732073e-03
2.996864917795895963e+03 -5.324353598141650561e-04 -7.279071095154651325e-03
3.000936745129859901e+03 -5.528854579854139461e-04 -7.510893424193272778e-03
3.005008572463820201e+03 -5.722863959951542860e-04 -7.725152459789922169e-03
3.009080399797783684e+03 -5.908422990090364492e-04 -7.924870635101194383e-03
3.013152227131744894e+03 -6.086879755212218617e-04 -8.112075178099916600e-03
3.017224054465705194e+03 -6.259055505174607788e-04 -8.288048450314351029e-03
3.021295881799669132e+03 -6.426430026088327798e-04 -8.454910236855394182e-03
3.025367709133629432e+03 -6.592905921088920663e-04 -8.617896122665431521e-03
3.029439536467592916e+03 -6.766398589024484427e-04 -8.787320003771085380e-03
3.033511363801553671e+03 -6.959446320946669623e-04 -8.979192527566990517e-03
3.037583191135514426e+03 -7.188283536906441788e-04 -9.213840131748812431e-03
3.041655018469478364e+03 -7.470301141760325421e-04 -9.512518622443273328e-03
3.045726845803438209e+03 -7.820375033251528987e-04 -9.892724011828203656e-03
3.049798673137402147e+03 -8.246988201827188444e-04 -1.036342857378605084e-02
3.053870500471362902e+03 -8.749250047332387875e-04 -1.092163003982469030e-02
3.057942327805323657e+03 -9.315763729690730924e-04 -1.155133882729944030e-02
3.062014155139287595e+03 -9.925851898772250926e-04 -1.222552316911416220e-02
3.066085982473247441e+03 -1.055305404805083423e-03 -1.291076893954498997e-02
3.070157809807211379e+03 -1.117022483542907171e-03 -1.357370867494646013e-02
3.074229637141172134e+03 -1.175514493566418321e-03 -1.418781563682041183e-02
3.078301464475132889e+03 -1.229539949787671017e-03 -1.473904360992615500e-02
3.082373291809096372e+03 -1.279140718722972855e-03 -1.522902718250195540e-02
3.086445119143056672e+03 -1.325685613276217194e-03 -1.567507109994845105e-02
3.090516946477020610e+03 -1.371634250372616350e-03 -1.610683787776705927e-02
3.094588773810980911e+03 -1.420061231807915551e-03 -1.656035983618714402e-02
3.098660601144942120e+03 -1.474036586322685031e-03 -1.707062111564348200e-02
3.102732428478905604e+03 -1.535997972702744189e-03 -1.766434677796908242e-02
3.106804255812865904e+03 -1.607262348791141078e-03 -1.835468740370969562e-02
3.110876083146829842e+03 -1.687801997088374598e-03 -1.913913411029682932e-02
3.114947910480790142e+03 -1.776351554323723006e-03 -2.000126414399005376e-02
3.119019737814750897e+03 -1.870829136685007348e-03 -2.091594224816292064e-02
3.123091565148714835e+03 -1.968966651971612060e-03 -2.185663903877883146e-02
3.127163392482675135e+03 -2.068979030746974281e-03 -2.280287580500186054e-02
3.131235219816635890e+03 -2.170083806150985110e-03 -2.374571385996940981e-02
3.135307047150599374e+03 -2.272722691053319626e-03 -2.468976258996846695e-02
3.139378874484560129e+03 -2.378426973395404969e-03 -2.565124511981477576e-02
3.143450701818523612e+03 -2.489380322361911708e-03 -2.665289174778751047e-02
3.147522529152484367e+03 -2.607826789903414967e-03 -2.771739664890409544e-02
3.151594356486445122e+03 -2.735513425005712661e-03 -2.886151859321941376e-02
3.155666183820408605e+03 -2.873330245722809616e-03 -3.009250844439999989e-02
3.159738011154369360e+03 -3.021226867902452283e-03 -3.140757817341811170e-02
3.163809838488332844e+03 -3.178380161856416471e-03 -3.279599574215519980e-02
3.167881665822293598e+03 -3.343505320509069460e-03 -3.424256809113966626e-02
3.171953493156254353e+03 -3.515177366109810408e-03 -3.573108438552462240e-02
3.176025320490217837e+03 -3.692068321258414141e-03 -3.724675932060795419e-02
3.180097147824178137e+03 -3.873083049160236900e-03 -3.877755290120792758e-02
3.184168975158142075e+03 -4.057450029621731923e-03 -4.031498083234330565e-02
3.188240802492102830e+03 -4.244849437380230316e-03 -4.185525224158836988e-02
3.192312629826063130e+03 -4.435621138234291036e-03 -4.340113241922663456e-02
3.196384457160027068e+03 -4.631007004360690113e-03 -4.496404631835147769e-02
3.200456284493987368e+03 -4.833293284931027348e-03 -4.656511224648658687e-02
3.204528111827950852e+03 -5.045686176488215283e-03 -4.823356426913708028e-02
3.208599939161912062e+03 -5.271812913529299802e-03 -5.000168210815057052e-02
3.212671766495872362e+03 -5.514884029742686024e-03 -5.189675848175591411e-02
3.216743593829836300e+03 -5.776725638770608372e-03 -5.393222726530170347e-02
3.220815421163796600e+03 -6.057012559753735190e-03 -5.610107987332605545e-02
3.224887248497760083e+03 -6.353032166438290010e-03 -5.837449261148076884e-02
3.228959075831720838e+03 -6.660159468068413587e-03 -6.070703358228437402e-02
3.233030903165681593e+03 -6.972966456788731553e-03 -6.304738735438478181e-02
3.237102730499645531e+03 -7.286620234907776987e-03 -6.535117687967356703e-02
3.241174557833605377e+03 -7.598061747151463666e-03 -6.759122020014925181e-02
3.245246385167569315e+03 -7.906486154563468691e-03 -6.976111412929786315e-02
3.249318212501530070e+03 -8.212879773702637734e-03 -7.187035960876417273e-02
3.253390039835490825e+03 -8.518732450965949693e-03 -7.393253895247645091e-02
3.257461867169454763e+03 -8.824399577992272231e-03 -7.595103911006104158e-02
3.261533694503414608e+03 -9.127785631403291869e-03 -7.790822517315039442e-02
3.265605521837378546e+03 -9.423964472489103350e-03 -7.976310272768930010e-02
3.269677349171339301e+03 -9.706041444308421973e-03 -8.145955593147993778e-02
3.273749176505300056e+03 -9.967103396288461842e-03 -8.294326216806204022e-02
3.277821003839263540e+03 -1.020266711855153177e-02 -8.418188468021524373e-02
3.281892831173224295e+03 -1.041279637906923974e-02 -8.518151842089498327e-02
3.285964658507188233e+03 -1.060311506842022758e-02 -8.599329888419317280e-02
3.290036485841148533e+03 -1.078428764567641689e-02 -8.670727771693736985e-02
3.294108313175108833e+03 -1.097004525294128369e-02 -8.743494363829773519e-02
3.298180140509072771e+03 -1.117431937637231205e-02 -8.828553379279069357e-02
3.302251967843033526e+03 -1.140832730673480011e-02 -8.934317094383795177e-02
3.306323795176997464e+03 -1.167843706544184970e-02 -9.065126055466180000e-02
3.310395622510956855e+03 -1.198534276999068185e-02 -9.220784276467523799e-02
3.314467449844918065e+03 -1.232462922514395744e-02 -9.397185982111178060e-02
3.318539277178882003e+03 -1.268837357865352719e-02 -9.587700847041005781e-02
3.322611104512842758e+03 -1.306717795265029472e-02 -9.784814647728212744e-02
3.326682931846806696e+03 -1.345202341817769952e-02 -9.981553240522900161e-02
3.330754759180766087e+03 -1.383554911058946027e-02 -1.017240801713620302e-01
3.334826586514727296e+03 -1.421267225072944326e-02 -1.035372953632280463e-01
3.338898413848691234e+03 -1.458072867088462676e-02 -1.052375061850090859e-01
3.342970241182651989e+03 -1.493942015712450277e-02 -1.068246643655130779e-01
3.347042068516615018e+03 -1.529077906708892556e-02 -1.083152978987316634e-01
3.351113895850575318e+03 -1.563916661668893204e-02 -1.097417223443964557e-01
3.355185723184536528e+03 -1.599112822740313827e-02 -1.111502673176542055e-01
3.359257550518500011e+03 -1.635485247423364846e-02 -1.125968393561709580e-01
3.363329377852461221e+03 -1.673907446023116877e-02 -1.141389179686715522e-01
3.367401205186424249e+03 -1.715149764859597720e-02 -1.158247375850705307e-01
3.371473032520384550e+03 -1.759707483957633628e-02 -1.176821490810370657e-01
3.375544859854345759e+03 -1.807665888459563178e-02 -1.197105988905512175e-01
3.379616687188309243e+03 -1.858651278049666331e-02 -1.218792600037514606e-01
3.383688514522270452e+03 -1.911894423291471412e-02 -1.241326399365847016e-01
3.387760341856233481e+03 -1.966397900251583286e-02 -1.264026046333435738e-01
3.391832169190193781e+03 -2.021164577665671494e-02 -1.286236348742895719e-01
3.395903996524154536e+03 -2.075424766624861181e-02 -1.307471123135081903e-01
3.399975823858118474e+03 -2.128801683054637461e-02 -1.327508887862526576e-01
3.404047651192079684e+03 -2.181377241569829734e-02 -1.346420801549573221e-01
3.408119478526039074e+03 -2.233652848629374271e-02 -1.364532090836107492e-01
3.412191305860003013e+03 -2.286429226654207447e-02 -1.382336169257102898e-01
3.416263133193963768e+03 -2.340644428917545289e-02 -1.400388423026019402e-01
3.420334960527927706e+03 -2.397206668591890175e-02 -1.419203122036716003e-01
3.424406787861888915e+03 -2.456843709881170387e-02 -1.439166344000336328e-01
3.428478615195848306e+03 -2.519974357163099615e-02 -1.460467317975241985e-01
3.432550442529812244e+03 -2.586600742494592556e-02 -1.483046410448300434e-01
3.436622269863772999e+03 -2.656227110517933587e-02 -1.506562025096888913e-01
3.440694097197736937e+03 -2.727826907080698263e-02 -1.530387456857326689e-01
3.444765924531697237e+03 -2.799893112265237211e-02 -1.553654976835776858e-01
3.448837751865657538e+03 -2.870603540436517803e-02 -1.575360982565111312e-01
3.452909579199621476e+03 -2.938106182090894497e-02 -1.594530095750720244e-01
3.456981406533582231e+03 -3.000884229054073121e-02 -1.610411536086390760e-01
3.461053233867545259e+03 -3.058112763163311348e-02 -1.622657837041360795e-01
3.465125061201506469e+03 -3.109891802301563771e-02 -1.631425942248260208e-01
3.469196888535467679e+03 -3.157252224908004001e-02 -1.637352376754986905e-01
3.473268715869430707e+03 -3.201887153019459392e-02 -1.641387786704485152e-01
3.477340543203391462e+03 -3.245648201717201559e-02 -1.644522244781234654e-01
3.481412370537354491e+03 -3.289934347631572054e-02 -1.647474914324985051e-01
3.485484197871315700e+03 -3.335156267644687200e-02 -1.650442749730520187e-01
3.489556025205276910e+03 -3.380454643592010339e-02 -1.652992114888995057e-01
3.493627852539239939e+03 -3.423781536868825137e-02 -1.654135365284266912e-01
3.497699679873200694e+03 -3.462339148702506947e-02 -1.652574725050987570e-01
3.501771507207163722e+03 -3.493249393831300564e-02 -1.647039290548533430e-01
3.505843334541124023e+03 -3.514245449847925445e-02 -1.636608768392438518e-01
3.509915161875086142e+03 -3.524165413974865435e-02 -1.620922257761143459e-01
3.513986989209049170e+03 -3.523095207543694429e-02 -1.600210931229586186e-01
3.518058816543009925e+03 -3.512129994752005713e-02 -1.575155103309230364e-01
3.522130643876972954e+03 -3.492855957213596152e-02 -1.546626053442858306e-01
3.526202471210933254e+03 -3.466747927136391849e-02 -1.515409046827580486e-01
3.530274298544895373e+03 -3.434698459316132269e-02 -1.482003647259322876e-01
3.534346125878858402e+03 -3.396834218302515612e-02 -1.446562237397773232e-01
3.538417953212819157e+03 -3.352660756761659255e-02 -1.408972516617973125e-01
3.542489780546779457e+03 -3.301452372788978018e-02 -1.369036517761411109e-01
3.546561607880742486e+03 -3.242717687410397176e-02 -1.326667394480421647e-01
3.550633435214704605e+03 -3.176555115217623293e-02 -1.282026237390725965e-01
3.554705262548667179e+03 -3.103768129750954924e-02 -1.235551600262866090e-01
3.558777089882628388e+03 -3.025712212236760304e-02 -1.187880095870852415e-01
3.562848917216588688e+03 -2.943950830919999512e-02 -1.139698321394037317e-01
3.566920744550551717e+03 -2.859865203186905819e-02 -1.091588562268082790e-01
3.570992571884513836e+03 -2.774368383486773212e-02 -1.043926506400444792e-01
3.575064399218476410e+03 -2.687821168149597678e-02 -9.968629987762052391e-02
3.579136226552437620e+03 -2.600161464554398560e-02 -9.503863679885027338e-02
3.583208053886397920e+03 -2.511176957390660533e-02 -9.044320213122895857e-02
3.587279881220360949e+03 -2.420804675192111607e-02 -8.589927275298779585e-02
3.591351708554321704e+03 -2.329344256005511093e-02 -8.141891530305653268e-02
3.595423535888285642e+03 -2.237516660280363529e-02 -7.702804887365871656e-02
3.599495363222246851e+03 -2.146363356401048347e-02 -7.276192706957471112e-02
3.603567190556206242e+03 -2.057035323513941097e-02 -6.865727359023944543e-02
3.607639017890170180e+03 -1.970547564001495083e-02 -6.474395522603845765e-02
3.611710845224130935e+03 -1.887569337563762412e-02 -6.103857775675504416e-02
3.615782672558094873e+03 -1.808293388635082155e-02 -5.754124070748557751e-02
3.619854499892056083e+03 -1.732396226781480683e-02 -5.423553410894414034e-02
3.623926327226015474e+03 -1.659080477627129444e-02 -5.109116813309603350e-02
3.627998154559979412e+03 -1.587184383539313320e-02 -4.806848910746647913e-02
3.632069981893940167e+03 -1.515347290325086069e-02 -4.512431311625432484e-02
3.636141809227904105e+03 -1.442222599587292611e-02 -4.221863519402536957e-02
3.640213636561864405e+03 -1.366722565517359753e-02 -3.932160568446343984e-02
3.644285463895824705e+03 -1.288261896471748838e-02 -3.641973848772690064e-02
3.648357291229788189e+03 -1.206947830957731151e-02 -3.351991384592564044e-02
3.652429118563749853e+03 -1.123656243146041629e-02 -3.064972441565515585e-02
3.656500945897713336e+03 -1.039946697258698968e-02 -2.785330644754883608e-02
3.660572773231673636e+03 -9.578054532211393787e-03 -2.518292422160377936e-02
3.664644600565633937e+03 -8.792544836970627581e-03 -2.268787437911272756e-02
3.668716427899597420e+03 -8.059093586954127475e-03 -2.040325169002364311e-02
3.672788255233559084e+03 -7.385917984504736071e-03 -1.834135800340195438e-02
3.676860082567522568e+03 -6.770931218451852092e-03 -1.648789184699696667e-02
3.680931909901482868e+03 -6.201430676111121913e-03 -1.480369384238641728e-02
3.685003737235443168e+03 -5.655753393771382163e-03 -1.323114803359306049e-02
3.689075564569406652e+03 -5.106138188916579078e-03 -1.170284041451331164e-02
3.693147391903368316e+03 -4.521499246423859621e-03 -1.014917606235840250e-02
3.697219219237331799e+03 -3.868576866676098382e-03 -8.501626082776693460e-03
3.701291046571291190e+03 -3.110102516984562804e-03 -6.689218253863765326e-03
3.705362873905252400e+03 -2.199264202726286099e-03 -4.627748011006948062e-03
3.709434701239215883e+03 -1.070883140964404333e-03 -2.203746956471790142e-03
3.713506528573177548e+03 3.688012823375017750e-04 7.419399087848664240e-04
3.717578355907141031e+03 2.250277437871412919e-03 4.423760262010259514e-03
3.721650183241100422e+03 4.742206782776213318e-03 9.106061048383472939e-03
3.725722010575061631e+03 8.041352935359005402e-03 1.507583732297240742e-02
3.729793837909025115e+03 1.234752072759236728e-02 2.259091827187157536e-02
3.733865665242986779e+03 1.782312974807626765e-02 3.180759006618129325e-02
3.737937492576950262e+03 2.454157838018714011e-02 4.269957731425313985e-02
3.742009319910909653e+03 3.243353465637265759e-02 5.498716965694867842e-02
3.746081147244870863e+03 4.124420726919068164e-02 6.809843901643912456e-02
3.750152974578833437e+03 5.051586389331115534e-02 8.118183064301623397e-02
3.754224801912796011e+03 5.960718390624121510e-02 9.318029110970403595e-02
3.758296629246759494e+03 6.775427887391273496e-02 1.029629553705624367e-01
3.762368456580718885e+03 7.416853113883406512e-02 1.094946807823652668e-01
3.766440283914680094e+03 7.815614165327035290e-02 1.120109544343843300e-01
3.770512111248642668e+03 7.923642104025561961e-02 1.101601986625331542e-01
3.774583938582605242e+03 7.723309516840135003e-02 1.040797554969794536e-01
3.778655765916568726e+03 7.231668913295623280e-02 9.438550739458344274e-02
3.782727593250528116e+03 6.498599531422653841e-02 8.207488064544157802e-02
3.786799420584489326e+03 5.599039159457010195e-02 6.836349181723383461e-02
3.790871247918451900e+03 4.620869694261374450e-02 5.449113173525071963e-02
3.794943075252414474e+03 3.651043862147264341e-02 4.153878031900641588e-02
3.799014902586377957e+03 2.762895622945278976e-02 3.029341300970611606e-02
3.803086729920337348e+03 2.007171783427476666e-02 2.118330728435414284e-02
3.807158557254298103e+03 1.408286651137970191e-02 1.428783850795068908e-02
3.811230384588261131e+03 9.659481059061088629e-03 9.407934517889604206e-03
3.815302211922223705e+03 6.610263681995087910e-03 6.171292733810881080e-03
3.819374039256183551e+03 4.636847157731520917e-03 4.142821279321509155e-03
3.823445866590146579e+03 3.415610101125743977e-03 2.915395895306572682e-03
3.827517693924107334e+03 2.661734819093320749e-03 2.166318503914308261e-03
3.831589521258070363e+03 2.165331987351607097e-03 1.676895469552412655e-03
3.835661348592032937e+03 1.798830950228280353e-03 1.322523930065034031e-03
3.839733175925992782e+03 1.502545778039088981e-03 1.046113361937101808e-03
3.843805003259955811e+03 1.259387751501696209e-03 8.280116804393843326e-04
3.847876830593916566e+03 1.069593009992338096e-03 6.620202878441356058e-04
3.851948657927879594e+03 9.329811033002082758e-04 5.417358541266147076e-04
3.856020485261839440e+03 8.414550567940158468e-04 4.565607974047243426e-04
3.860092312595802468e+03 7.801169949133851533e-04 3.937636058758568541e-04
3.864164139929765042e+03 7.328594126471788895e-04 3.423508925661721772e-04
3.868235967263725797e+03 6.880173021803495052e-04 2.956882806032789537e-04
3.872307794597688371e+03 6.411449194366387622e-04 2.517284811796553648e-04
3.876379621931648671e+03 5.941894498164826312e-04 2.113580194980452730e-04
3.880451449265611700e+03 5.522107264214141508e-04 1.761678929208894320e-04
3.884523276599574274e+03 5.196616359143507290e-04 1.468396530770067613e-04
3.888595103933535029e+03 4.979879783648509138e-04 1.226757225644240520e-04
3.892666931267497603e+03 4.853120133643906535e-04 1.020842744135703925e-04
3.896738758601457903e+03 4.778422836719083610e-04 8.342302067834884852e-05
3.900810585935420931e+03 4.719363879909356063e-04 6.562173548975300469e-05
3.904882413269383505e+03 4.656728853845579696e-04 4.831029468099447337e-05
3.908954240603344260e+03 4.592634594881646500e-04 3.153678711620956318e-05
3.913026067937306834e+03 4.543284331962636280e-04 1.536694881393978489e-05
3.917097895271267134e+03 4.526031267547128353e-04 -3.581245295159771585e-07
3.921169722605230163e+03 4.548121791979345624e-04 -1.599842387030824925e-05
3.925241549939192737e+03 4.602338378316311635e-04 -3.190822964158559366e-05
3.929313377273153492e+03 4.670494372293099747e-04 -4.822518936654241882e-05
3.933385204607116066e+03 4.731774698548375725e-04 -6.480140414287551540e-05
3.937457031941076366e+03 4.771119828759507191e-04 -8.130650774401513734e-05
3.941528859275038940e+03 4.783704884481554463e-04 -9.741931234133288881e-05
3.945600686609001968e+03 4.774189784326241079e-04 -1.129824213260215263e-04
3.949672513942962723e+03 4.752209608140670820e-04 -1.280372661808853378e-04
3.953744341276922114e+03 4.727117890468869729e-04 -1.427452534606698002e-04
3.957816168610885597e+03 4.704725593424894173e-04 -1.572719879538744499e-04
3.961887995944848171e+03 4.687137720189110896e-04 -1.717223047763467045e-04
3.965959823278810745e+03 4.674855211322393182e-04 -1.861636100649090850e-04
3.970031650612771955e+03 4.669155113780320806e-04 -2.007023441997212733e-04
3.974103477946731346e+03 4.672904808050309142e-04 -2.155336045792614755e-04
3.978175305280694829e+03 4.689170459318286088e-04 -2.308971117361214491e-04
3.982247132614657403e+03 4.718467861875181853e-04 -2.469357502758573312e-04
3.986318959948619977e+03 4.756421362282549923e-04 -2.635260048773478041e-04
3.990390787282581186e+03 4.793468387750448234e-04 -2.801860405738459091e-04
3.994462614616540577e+03 4.817190958535400307e-04 -2.961416057588194439e-04
3.998534441950504061e+03 4.816470993310231481e-04 -3.105533046885701432e-04
