4.071827333961818951e+00 -3.037581836194310547e+00 -4.233893474446909977e+02
8.143654667923637902e+00 -1.350754716802263333e+00 -1.879280950222796207e+02
1.221548200188544975e+01 -7.357261982511549281e-01 -1.021724891344045147e+02
1.628730933584727580e+01 -4.091040505212443779e-01 -5.670917381730377826e+01
2.035913666980907877e+01 -2.150254005747405106e-01 -2.975160136390484311e+01
2.443096400377089950e+01 -9.912755195695657773e-02 -1.369037212584429497e+01
2.850279133773272022e+01 -3.417729781402439881e-02 -4.711488500305023308e+00
3.257461867169455161e+01 -2.525952262740052516e-03 -3.475716454823939427e-01
3.664644600565635102e+01 8.781154533032993828e-03 1.206059840450267595e+00
4.071827333961815754e+01 9.328089867156472842e-03 1.278813576323514223e+00
4.479010067358000668e+01 5.703683926448429448e-03 7.804884698661533893e-01
4.886192800754179899e+01 1.815147680186616694e-03 2.479241152583004371e-01
5.293375534150364814e+01 -6.053603788835572232e-04 -8.253075288893071959e-02
5.700558267546544045e+01 -1.325310364113038665e-03 -1.803489652300579171e-01
6.107741000942725407e+01 -9.042609748773645364e-04 -1.228240272715692971e-01
6.514923734338910322e+01 -1.013445654257973940e-04 -1.373987337460594663e-02
6.922106467735088131e+01 5.062385191192942096e-04 6.850612588344748288e-02
7.329289201131270204e+01 6.730348123685673612e-04 9.090817487654477558e-02
7.736471934527455119e+01 4.499710275310248421e-04 6.066530464610973145e-02
8.143654667923631507e+01 4.838463394595087224e-05 6.511078666906758121e-03
8.550837401319815001e+01 -3.092856012005634715e-04 -4.154263742084891853e-02
8.958020134716001337e+01 -4.903922618687457397e-04 -6.574550716533386630e-02
9.365202868112174883e+01 -4.811949292374418231e-04 -6.439184180380483347e-02
9.772385601508359798e+01 -3.557870138348642850e-04 -4.752109684176379634e-02
1.017956833490454613e+02 -2.165718238704809082e-04 -2.887248066544022621e-02
1.058675106830072963e+02 -1.400415151917071765e-04 -1.863476623785688055e-02
1.099393380169690602e+02 -1.496428413198973089e-04 -1.987500821086813502e-02
1.140111653509308809e+02 -2.199731663608876472e-04 -2.916114138914972093e-02
1.180829926848927727e+02 -3.019445523620910244e-04 -3.995256522110958441e-02
1.221548200188545081e+02 -3.521414218674815289e-04 -4.650679997064489229e-02
1.262266473528163289e+02 -3.520310949310184951e-04 -4.640464537197993428e-02
1.302984746867782064e+02 -3.107848632779581090e-04 -4.089032758511180338e-02
1.343703020207399561e+02 -2.543851833174612387e-04 -3.340658285714533104e-02
1.384421293547017626e+02 -2.093294877777613391e-04 -2.743780545186253611e-02
1.425139566886636544e+02 -1.898285942025096102e-04 -2.483467726522231925e-02
1.465857840226254041e+02 -1.937830818100688354e-04 -2.530404090088620578e-02
1.506576113565871822e+02 -2.075474950211226547e-04 -2.705003656943615747e-02
1.547294386905491024e+02 -2.153258716328947022e-04 -2.801058088785345762e-02
1.588012660245108520e+02 -2.076851574489626553e-04 -2.696535262649910059e-02
1.628730933584726301e+02 -1.851993092804929940e-04 -2.400014959001988551e-02
1.669449206924345503e+02 -1.563685398901531640e-04 -2.022539943556268122e-02
1.710167480263963000e+02 -1.319080303639928666e-04 -1.702908444279436009e-02
1.750885753603580497e+02 -1.188960773431357290e-04 -1.532001258569212244e-02
1.791604026943200267e+02 -1.177237904241622637e-04 -1.514002380693345653e-02
1.832322300282817480e+02 -1.229022527894240335e-04 -1.577582507712045265e-02
1.873040573622434977e+02 -1.267006234380690629e-04 -1.623230140394336246e-02
1.913758846962054747e+02 -1.233545157800545696e-04 -1.577337743270847484e-02
1.954477120301671960e+02 -1.116608298220394640e-04 -1.425075838891156840e-02
1.995195393641289456e+02 -9.491520926832935847e-05 -1.209037035059389725e-02
2.035913666980909227e+02 -7.862535562740460002e-05 -9.996138620655854734e-03
2.076631940320526724e+02 -6.746974349557406767e-05 -8.561379353255240202e-03
2.117350213660145926e+02 -6.312375146020371311e-05 -7.994507205935955443e-03
2.158068486999763422e+02 -6.390146979369148094e-05 -8.077428801699830865e-03
2.198786760339381203e+02 -6.611736181973894180e-05 -8.341427485902658603e-03
2.239505033678998700e+02 -6.622950660112246718e-05 -8.339463821763721391e-03
2.280223307018617618e+02 -6.257473567547062999e-05 -7.864055211032342646e-03
2.320941580358235967e+02 -5.588586921309236951e-05 -7.009864662071292954e-03
2.361659853697855453e+02 -4.851263270958888979e-05 -6.073257995437427240e-03
2.402378127037472382e+02 -4.293432839417395450e-05 -5.364509184022727556e-03
2.443096400377090163e+02 -4.042750423668219116e-05 -5.041500916368962457e-03
2.483814673716707091e+02 -4.055049962657622558e-05 -5.047030091510604742e-03
2.524532947056326577e+02 -4.159558120614317411e-05 -5.167051744937826464e-03
2.565251220395945211e+02 -4.164002629539123314e-05 -5.162519443199694788e-03
2.605969493735564129e+02 -3.956654345648303559e-05 -4.895905978683193389e-03
2.646687767075181341e+02 -3.552160306092966546e-05 -4.386831211867789695e-03
2.687406040414799122e+02 -3.064192706730978081e-05 -3.776826287483217408e-03
2.728124313754416335e+02 -2.628532130840054699e-05 -3.233522959405296052e-03
2.768842587094035252e+02 -2.323642793384341653e-05 -2.852876040767715442e-03
2.809560860433654170e+02 -2.131878366121790330e-05 -2.612317662834355396e-03
2.850279133773273088e+02 -1.958289261220152951e-05 -2.394912141095636819e-03
2.890997407112890301e+02 -1.691656078641083364e-05 -2.064776954770866473e-03
2.931715680452508082e+02 -1.271382183542242364e-05 -1.548761934525809880e-03
2.972433953792125294e+02 -7.240246364529137873e-06 -8.802550152949156510e-04
3.013152227131743643e+02 -1.523257202124675690e-06 -1.848307247525978923e-04
3.053870500471363698e+02 3.141728744894390565e-06 3.804648288394940625e-04
3.094588773810982048e+02 5.788061687182524742e-06 6.995568678714162748e-04
3.135307047150599260e+02 6.169223926644451382e-06 7.441553173042572298e-04
3.176025320490217041e+02 4.770871663001759018e-06 5.743453467204059438e-04
3.216743593829834253e+02 2.480063725320791918e-06 2.979748877701254286e-04
3.257461867169452603e+02 1.184303744261070602e-07 1.420105180304906020e-05
3.298180140509072658e+02 -1.907879180697090591e-06 -2.283221228398410148e-04
3.338898413848691007e+02 -3.678050421976554054e-06 -4.392923576165675792e-04
3.379616687188308219e+02 -5.547689188811740903e-06 -6.612810272010810142e-04
3.420334960527926000e+02 -7.809466672973215188e-06 -9.290357236457125103e-04
3.461053233867544350e+02 -1.042563329856128983e-05 -1.237797793581650379e-03
3.501771507207160994e+02 -1.297650499687519774e-05 -1.537589270059760808e-03
3.542489780546782185e+02 -1.483983198590093397e-05 -1.754874437294160535e-03
3.583208053886400535e+02 -1.549030839752558100e-05 -1.828145293390916800e-03
3.623926327226017179e+02 -1.475221368504770274e-05 -1.737562903195218490e-03
3.664644600565634960e+02 -1.287480933426106333e-05 -1.513407768638717595e-03
3.705362873905253309e+02 -1.040234744423986879e-05 -1.220330405275690984e-03
3.746081147244869953e+02 -7.919100088907824099e-06 -9.271541434937044610e-04
3.786799420584491145e+02 -5.807309979018672162e-06 -6.785475134230170395e-04
3.827517693924109494e+02 -4.136802309179276796e-06 -4.823899742535355450e-04
3.868235967263726138e+02 -2.725987571066649366e-06 -3.172376565931405335e-04
3.908954240603343919e+02 -1.321777571411624605e-06 -1.535131909783306488e-04
3.949672513942961700e+02 2.100734561394255316e-07 2.434916440364647534e-05
3.990390787282578913e+02 1.786549341462088777e-06 2.066581592680160652e-04
4.031109060622200104e+02 3.143992001991769262e-06 3.629465995514915199e-04
4.071827333961818454e+02 3.976776591740268766e-06 4.581580761895029082e-04
4.112545607301435666e+02 4.093926536123690110e-06 4.707021100331996001e-04
4.153263880641053447e+02 3.508216831697225744e-06 4.025441939500705901e-04
4.193982153980670660e+02 2.416864560430886377e-06 2.767576165582304485e-04
4.234700427320291851e+02 1.095247311226012005e-06 1.251637830648253790e-04
4.275418700659909632e+02 -2.300030674821754142e-07 -2.623121559638804943e-05
4.316136973999526845e+02 -1.457579310429045843e-06 -1.658954105155749804e-04
4.356855247339144626e+02 -2.601674446590527929e-06 -2.955096023669162813e-04
4.397573520678762407e+02 -3.711792203549830226e-06 -4.207439224807009914e-04
4.438291794018380756e+02 -4.777546144012038976e-06 -5.404477523729238342e-04
4.479010067357997400e+02 -5.679353383233950692e-06 -6.411526207582321198e-04
4.519728340697618592e+02 -6.216615492347999875e-06 -7.003728705337246372e-04
4.560446614037235236e+02 -6.198911529460884027e-06 -6.969515662718661110e-04
4.601164887376853585e+02 -5.549227527582596636e-06 -6.226308200215007827e-04
4.641883160716471934e+02 -4.361079456673349335e-06 -4.883172568216252122e-04
4.682601434056088578e+02 -2.876404656990130750e-06 -3.214157195585131137e-04
4.723319707395710907e+02 -1.393581290351047494e-06 -1.554023415746090520e-04
4.764037980735326414e+02 -1.514178720718237074e-07 -1.685037513397891678e-05
4.804756254074944763e+02 7.537624764636273247e-07 8.370920037298255044e-05
4.845474527414560839e+02 1.379642257768902594e-06 1.529010509569732790e-04
4.886192800754180325e+02 1.877424495426422259e-06 2.076399050064253998e-04
4.926911074093798675e+02 2.394725995201508378e-06 2.643063417247416705e-04
4.967629347433414182e+02 2.993001082384743839e-06 3.296560836103404964e-04
5.008347620773036510e+02 3.619312985437930225e-06 3.978156626347388938e-04
5.049065894112653154e+02 4.141488544626158963e-06 4.542686494042971236e-04
5.089784167452271504e+02 4.422711126811111065e-06 4.841104815570580625e-04
5.130502440791890422e+02 4.393599603188185413e-06 4.799268444103922887e-04
5.171220714131507066e+02 4.084909996999800316e-06 4.452816055644349220e-04
5.211938987471128257e+02 3.607653411158876144e-06 3.924404881493541398e-04
5.252657260810743765e+02 3.095785483520141369e-06 3.360590791044652088e-04
5.293375534150362682e+02 2.644484041502543239e-06 2.864709142419525831e-04
5.334093807489982737e+02 2.275961711162054786e-06 2.460358419338427643e-04
5.374812080829598244e+02 1.947024261535455238e-06 2.100378990531428548e-04
5.415530354169217162e+02 1.589091046172835041e-06 1.710672947205624695e-04
5.456248627508832669e+02 1.155186069809906796e-06 1.240969426023720774e-04
5.496966900848453861e+02 6.475129508596805388e-07 6.941407724845841305e-05
5.537685174188070505e+02 1.127302174993547850e-07 1.205947552730846585e-05
5.578403447527689423e+02 -3.887129973473402169e-07 -4.149589525788491002e-05
5.619121720867308341e+02 -8.189290807697874992e-07 -8.723874102216266544e-05
5.659839994206924985e+02 -1.183107843539200761e-06 -1.257689588194703324e-04
5.700558267546546176e+02 -1.523727664643585900e-06 -1.616372805634231453e-04
5.741276540886162820e+02 -1.894198312760995178e-06 -2.005135336295836188e-04
5.781994814225780601e+02 -2.329402465475542966e-06 -2.460627359728069117e-04
5.822713087565396108e+02 -2.831333146679354370e-06 -2.984519162093287074e-04
5.863431360905016163e+02 -3.377847023243208235e-06 -3.553075710219799903e-04
5.904149634244636218e+02 -3.947829875110425757e-06 -4.143840237991915218e-04
5.944867907584250588e+02 -4.545582194873260199e-06 -4.761164425833699703e-04
5.985586180923872917e+02 -5.207123447703077700e-06 -5.442514920705401752e-04
6.026304454263487287e+02 -5.981475816222958315e-06 -6.238600737301788161e-04
6.067022727603107342e+02 -6.894931577327313360e-06 -7.176040528827221229e-04
6.107741000942727396e+02 -7.917355865135830296e-06 -8.222618882929913758e-04
6.148459274282342903e+02 -8.950418303647658230e-06 -9.275714900203995555e-04
6.189177547621964095e+02 -9.847596479684479697e-06 -1.018374120769426853e-03
6.229895820961579602e+02 -1.046009504602514083e-05 -1.079405874714104612e-03
6.270614094301198520e+02 -1.068972581193388944e-05 -1.100745027767448692e-03
6.311332367640819712e+02 -1.052607431725412832e-05 -1.081574898115042049e-03
6.352050640980434082e+02 -1.005267477611603535e-05 -1.030720181026772726e-03
6.392768914320054137e+02 -9.421354567061438010e-06 -9.639188013835037422e-04
6.433487187659668507e+02 -8.807851883486118172e-06 -8.992160201197545947e-04
6.474205460999290835e+02 -8.368343883381394412e-06 -8.525099431079220455e-04
6.514923734338905206e+02 -8.212955917910363102e-06 -8.348804614591205653e-04
6.555642007678525260e+02 -8.401378520816771582e-06 -8.521954204135989350e-04
6.596360281018145315e+02 -8.953797908601152168e-06 -9.062723600452330611e-04
6.637078554357760822e+02 -9.863908479302296387e-06 -9.962360346278302872e-04
6.677796827697382014e+02 -1.110286703431609797e-05 -1.118945867550557964e-03
6.718515101036997521e+02 -1.261181975171480207e-05 -1.268268997219835917e-03
6.759233374376616439e+02 -1.429057577665315412e-05 -1.433976343567191624e-03
6.799951647716230809e+02 -1.599511911767993809e-05 -1.601538302829257771e-03
6.840669921055852001e+02 -1.755378753036506765e-05 -1.753788551031634432e-03
6.881388194395472055e+02 -1.880247416704372720e-05 -1.874463051122209154e-03
6.922106467735088700e+02 -1.962821258454533027e-05 -1.952527109635785168e-03
6.962824741074708754e+02 -2.000399775356182682e-05 -1.985575914128296770e-03
7.003543014414321988e+02 -1.999937830578257699e-05 -1.980790364706775265e-03
7.044261287753944316e+02 -1.976068977130075664e-05 -1.952879192775670457e-03
7.084979561093564371e+02 -1.946734011436238227e-05 -1.919685522069460330e-03
7.125697834433177604e+02 -1.928030874312385224e-05 -1.897084107048638887e-03
7.166416107772801070e+02 -1.930149426573425775e-05 -1.895010381123898423e-03
7.207134381112414303e+02 -1.955694353305554011e-05 -1.915881445883028337e-03
7.247852654452034358e+02 -2.000639540756262339e-05 -1.955610734261646264e-03
7.288570927791656686e+02 -2.057117566395251734e-05 -2.006399983982904995e-03
7.329289201131269920e+02 -2.116689768438833772e-05 -2.059962778485068761e-03
7.370007474470889974e+02 -2.172848677198421414e-05 -2.109960490540084815e-03
7.410725747810506618e+02 -2.222119251223409947e-05 -2.153048424879828223e-03
7.451444021150126673e+02 -2.263869757346456725e-05 -2.188660410569332262e-03
7.492162294489739907e+02 -2.299434684003630287e-05 -2.218132279857245714e-03
7.532880567829362235e+02 -2.331201499656273770e-05 -2.243801874239875500e-03
7.573598841168982290e+02 -2.361998342452233983e-05 -2.268409804687817125e-03
7.614317114508595523e+02 -2.394708475269057620e-05 -2.294725367675105702e-03
7.655035387848218988e+02 -2.431813056339464976e-05 -2.325108857197066576e-03
7.695753661187832222e+02 -2.474659320114475683e-05 -2.360817749086326252e-03
7.736471934527452277e+02 -2.522581660523676598e-05 -2.401182171209975853e-03
7.777190207867074605e+02 -2.572328821106858464e-05 -2.443082240217489629e-03
7.817908481206687838e+02 -2.618327947780221864e-05 -2.481225649002068764e-03
7.858626754546309030e+02 -2.654046719466386254e-05 -2.509460070667197170e-03
7.899345027885923400e+02 -2.674205994080028107e-05 -2.522870597569761009e-03
7.940063301225544592e+02 -2.677105454163868694e-05 -2.519955492687450237e-03
7.980781574565157825e+02 -2.666121000878410655e-05 -2.503994678512622227e-03
8.021499847904780154e+02 -2.649646378855135138e-05 -2.482941541218853382e-03
8.062218121244400209e+02 -2.639307041524258232e-05 -2.467700225636549130e-03
8.102936394584013442e+02 -2.646928564739123871e-05 -2.469263768800251946e-03
8.143654667923636907e+02 -2.681209316323454955e-05 -2.495615255241914916e-03
8.184372941263250141e+02 -2.745139606148671644e-05 -2.549364084640800155e-03
8.225091214602871332e+02 -2.834919002233788398e-05 -2.626802749193978253e-03
8.265809487942493661e+02 -2.940607320308069838e-05 -2.718579779801557576e-03
8.306527761282106894e+02 -3.048231281226055478e-05 -2.811707011499407858e-03
8.347246034621728086e+02 -3.142739522013467064e-05 -2.892321004529901408e-03
8.387964307961341319e+02 -3.211112454711764622e-05 -2.948549538986711127e-03
8.428682581300961374e+02 -3.245028228141119339e-05 -2.972932527785231930e-03
8.469400854640583702e+02 -3.242646234279148397e-05 -2.964003091065628773e-03
8.510119127980199210e+02 -3.209211893860974477e-05 -2.926771568568042360e-03
8.550837401319819264e+02 -3.156308346323719895e-05 -2.871971020392013237e-03
8.591555674659432498e+02 -3.099743669851018639e-05 -2.814073562270129163e-03
8.632273947999053689e+02 -3.056323914245473873e-05 -2.768323983644520488e-03
8.672992221338669196e+02 -3.040104261904592918e-05 -2.747341960528287483e-03
8.713710494678289251e+02 -3.059014416645170224e-05 -2.758108211125492957e-03
8.754428768017909306e+02 -3.112847088538454909e-05 -2.800218558981255965e-03
8.795147041357524813e+02 -3.193350044543064080e-05 -2.866050638328468837e-03
8.835865314697146005e+02 -3.286578510987042434e-05 -2.942953203626262441e-03
8.876583588036761512e+02 -3.376920082650689459e-05 -3.016900315004178001e-03
8.917301861376379293e+02 -3.451585112400358242e-05 -3.076510587165437113e-03
8.958020134715994800e+02 -3.504135121897341144e-05 -3.116155595797370868e-03
8.998738408055617128e+02 -3.535926268059581964e-05 -3.137175141553134958e-03
9.039456681395237183e+02 -3.555079836121403556e-05 -3.146885964219110678e-03
9.080174954734850417e+02 -3.573470817040733902e-05 -3.155853068836124431e-03
9.120893228074470471e+02 -3.602893241006911148e-05 -3.174472864614225065e-03
9.161611501414084842e+02 -3.651751516456859981e-05 -3.210065791932835508e-03
9.202329774753707170e+02 -3.723284704229272326e-05 -3.265353829445438033e-03
9.243048048093329498e+02 -3.815631131571762212e-05 -3.338569833245783134e-03
9.283766321432943869e+02 -3.923305192069790660e-05 -3.424798658430561974e-03
9.324484594772562787e+02 -4.039201888807289102e-05 -3.517759709548728877e-03
9.365202868112177157e+02 -4.156234142989035486e-05 -3.611245868137565648e-03
9.405921141451797212e+02 -4.268093926781463325e-05 -3.699782933047673396e-03
9.446639414791421814e+02 -4.369183932082806128e-05 -3.778562473085164859e-03
9.487357688131036184e+02 -4.454206506733640126e-05 -3.843079827125708749e-03
9.528075961470652828e+02 -4.518016984097252144e-05 -3.889004696891098373e-03
9.568794234810268335e+02 -4.556118148905701143e-05 -3.912604107586712190e-03
9.609512508149889527e+02 -4.565735706178079085e-05 -3.911657161418708936e-03
9.650230781489506171e+02 -4.547009058846687311e-05 -3.886455374760389853e-03
9.690949054829121678e+02 -4.503667372768910997e-05 -3.840349797781813547e-03
9.731667328168744007e+02 -4.442719917293318509e-05 -3.779451521162941006e-03
9.772385601508360651e+02 -4.373094101824077034e-05 -3.711442945948733967e-03
9.813103874847981842e+02 -4.303612337932189510e-05 -3.643845736832000085e-03
9.853822148187597350e+02 -4.240999483256672814e-05 -3.582338982345973678e-03
9.894540421527213994e+02 -4.188624755141802933e-05 -3.529720196706841000e-03
9.935258694866828364e+02 -4.146406509953622999e-05 -3.485858944934917304e-03
9.975976968206452966e+02 -4.111867927450855081e-05 -3.448616754480879950e-03
1.001669524154607302e+03 -4.081908645707164852e-05 -3.415353321135215954e-03
1.005741351488568739e+03 -4.054612907583513823e-05 -3.384441944608913844e-03
1.009813178822530631e+03 -4.030427437771741086e-05 -3.356238525762895997e-03
1.013885006156492068e+03 -4.012288719403437677e-05 -3.333163791519903971e-03
1.017956833490454301e+03 -4.004657179418871424e-05 -3.318878181668272805e-03
1.022028660824416534e+03 -4.011791099715428200e-05 -3.316839732069659478e-03
1.026100488158378084e+03 -4.035848662817012838e-05 -3.328740758110056239e-03
1.030172315492339749e+03 -4.075473477847678150e-05 -3.353364862743605894e-03
1.034244142826301413e+03 -4.125386335602220531e-05 -3.386286587222299502e-03
1.038315970160263305e+03 -4.177214596688334813e-05 -3.420589231126393119e-03
1.042387797494225651e+03 -4.221419023536592506e-05 -3.448469231814358521e-03
1.046459624828187316e+03 -4.249825797475796868e-05 -3.463310868205682954e-03
1.050531452162148753e+03 -4.258040734829522038e-05 -3.461635292680001561e-03
1.054603279496110417e+03 -4.246993203145350355e-05 -3.444315355194982244e-03
1.058675106830072536e+03 -4.223060134310344609e-05 -3.416623632784461691e-03
1.062746934164034201e+03 -4.196617758275512564e-05 -3.387010228500073224e-03
1.066818761497996547e+03 -4.179351144377870349e-05 -3.364897640382236328e-03
1.070890588831957984e+03 -4.181065122680573847e-05 -3.358106838407087704e-03
1.074962416165919649e+03 -4.206935977126272823e-05 -3.370673890182441460e-03
1.079034243499881768e+03 -4.256036722157995284e-05 -3.401716606153017911e-03
1.083106070833843432e+03 -4.321579990282616496e-05 -3.445687743493555579e-03
1.087177898167804869e+03 -4.392778606705778730e-05 -3.493911834747206405e-03
1.091249725501766534e+03 -4.457715561217053251e-05 -3.536901016313762254e-03
1.095321552835728880e+03 -4.506323519582972281e-05 -3.566724004836547245e-03
1.099393380169690772e+03 -4.532598149258943625e-05 -3.578735440846095295e-03
1.103465207503652437e+03 -4.535486175261930922e-05 -3.572235780633491870e-03
1.107537034837614101e+03 -4.518364738287235059e-05 -3.550014232275348035e-03
1.111608862171575765e+03 -4.487477933218005229e-05 -3.517080580915943940e-03
1.115680689505537885e+03 -4.449960525304350728e-05 -3.479092506720994626e-03
1.119752516839500004e+03 -4.412088130518463026e-05 -3.440982466257516519e-03
1.123824344173461668e+03 -4.378186620536697550e-05 -3.406117667896729848e-03
1.127896171507423333e+03 -4.350329003878274521e-05 -3.376083717307783259e-03
1.131967998841384997e+03 -4.328680613824978021e-05 -3.350973562626061771e-03
1.136039826175347116e+03 -4.312213739300594663e-05 -3.329957680180642421e-03
1.140111653509309235e+03 -4.299514696258900735e-05 -3.311917189705720042e-03
1.144183480843270900e+03 -4.289496245632901670e-05 -3.295994935171114165e-03
1.148255308177232564e+03 -4.281927074380655621e-05 -3.281998168848278188e-03
1.152327135511194001e+03 -4.277741494693996810e-05 -3.270627146134938261e-03
1.156398962845156120e+03 -4.279091574047891799e-05 -3.263503769940701103e-03
1.160470790179118467e+03 -4.289091153461589305e-05 -3.262965281023944616e-03
1.164542617513079222e+03 -4.311228893782941522e-05 -3.271609749896187223e-03
1.168614444847041568e+03 -4.348519073317858095e-05 -3.291649778302481281e-03
1.172686272181003233e+03 -4.402586803438995834e-05 -3.324226359320570263e-03
1.176758099514965352e+03 -4.472980147187281477e-05 -3.368904014985240301e-03
1.180829926848927244e+03 -4.556993623642206494e-05 -3.423557886908919819e-03
1.184901754182888453e+03 -4.650145520621054926e-05 -3.484752711126363339e-03
1.188973581516850118e+03 -4.747212627320374849e-05 -3.548532979977163295e-03
1.193045408850812464e+03 -4.843486471487032288e-05 -3.611366495192288618e-03
1.197117236184774583e+03 -4.935787908715772490e-05 -3.670893982277995213e-03
1.201189063518736248e+03 -5.022836891731018079e-05 -3.726188914969433188e-03
1.205260890852697457e+03 -5.104817359647774498e-05 -3.777417637198964093e-03
1.209332718186659349e+03 -5.182314746070949092e-05 -3.825041381245326052e-03
1.213404545520621468e+03 -5.255096396758556735e-05 -3.868914627877991126e-03
1.217476372854583587e+03 -5.321322457813068265e-05 -3.907713290441895519e-03
1.221548200188545479e+03 -5.377651645810352545e-05 -3.939027204277413020e-03
1.225620027522506689e+03 -5.420373976476196943e-05 -3.960201686363108708e-03
1.229691854856468581e+03 -5.447278682076108164e-05 -3.969702139722944452e-03
1.233763682190430700e+03 -5.459609573619152048e-05 -3.968521336925227329e-03
1.237835509524392819e+03 -5.463312658261225456e-05 -3.961051800118673728e-03
1.241907336858354711e+03 -5.468911908129721588e-05 -3.954952315216323823e-03
1.245979164192315920e+03 -5.489733269161695811e-05 -3.959824552733730123e-03
1.250050991526277585e+03 -5.538722283129245003e-05 -3.984897750904390148e-03
1.254122818860239704e+03 -5.624604831403610434e-05 -4.036277450403535222e-03
1.258194646194202051e+03 -5.748460953990728423e-05 -4.114532458733191796e-03
1.262266473528163942e+03 -5.901803695827608295e-05 -4.213394083090572263e-03
1.266338300862124925e+03 -6.066945674389130931e-05 -4.320105376295336336e-03
1.270410128196086816e+03 -6.219857816208980796e-05 -4.417536018054598300e-03
1.274481955530048936e+03 -6.335024162884988509e-05 -4.487679331250866641e-03
1.278553782864010827e+03 -6.391171242105418899e-05 -4.515713500759849577e-03
1.282625610197973174e+03 -6.376396602853057183e-05 -4.493576253032638239e-03
1.286697437531933701e+03 -6.291274398953646506e-05 -4.422061391446675122e-03
1.290769264865896048e+03 -6.149000183581807368e-05 -4.310805870806564029e-03
1.294841092199858167e+03 -5.972440610836908699e-05 -4.176111531738814150e-03
1.298912919533819831e+03 -5.788847924665205963e-05 -4.037170994701820559e-03
1.302984746867781041e+03 -5.623701963319106606e-05 -3.911744819488247212e-03
1.307056574201742933e+03 -5.495411497606613940e-05 -3.812502263192679187e-03
1.311128401535705052e+03 -5.412330467129333126e-05 -3.745021567015740203e-03
1.315200228869667171e+03 -5.372795315950793475e-05 -3.707907453924985143e-03
1.319272056203629063e+03 -5.367911293705530251e-05 -3.694800020061431937e-03
1.323343883537590273e+03 -5.385944584544662172e-05 -3.697455396663530680e-03
1.327415710871552164e+03 -5.416720036927089672e-05 -3.708782317324885863e-03
1.331487538205514284e+03 -5.454540259862110119e-05 -3.724821171222052717e-03
1.335559365539476403e+03 -5.498777812959735088e-05 -3.745106692762618320e-03
1.339631192873438295e+03 -5.552200248029441360e-05 -3.771484378791562647e-03
1.343703020207399504e+03 -5.617921027130816966e-05 -3.806014233675469090e-03
1.347774847541361169e+03 -5.696318644626492450e-05 -3.848886037359863614e-03
1.351846674875323288e+03 -5.783181154073651709e-05 -3.897193596324143895e-03
1.355918502209285634e+03 -5.869777171877808440e-05 -3.945023630920595041e-03
1.359990329543246162e+03 -5.944771321944096687e-05 -3.984780070101045894e-03
1.364062156877208508e+03 -5.997210458532653847e-05 -4.009203461915437569e-03
1.368133984211170400e+03 -6.019467412319404095e-05 -4.013329968227729271e-03
1.372205811545132519e+03 -6.009142366875026050e-05 -3.995725748553538050e-03
1.376277638879094411e+03 -5.969400084522733191e-05 -3.958663851484803958e-03
1.380349466213055393e+03 -5.907838035219142598e-05 -3.907326054772401920e-03
1.384421293547017740e+03 -5.834477319696136774e-05 -3.848438358566563192e-03
1.388493120880979632e+03 -5.759663856969601771e-05 -3.788868995113536635e-03
1.392564948214941751e+03 -5.692525292997919475e-05 -3.734613426808469552e-03
1.396636775548903643e+03 -5.640257440796628014e-05 -3.690338495199633941e-03
1.400708602882864398e+03 -5.608102901613780037e-05 -3.659385757223675064e-03
1.404780430216826517e+03 -5.599615607081494674e-05 -3.643961044900135941e-03
1.408852257550788863e+03 -5.616775293330457077e-05 -3.645223766381861137e-03
1.412924084884750982e+03 -5.659706718183550063e-05 -3.663119117970450953e-03
1.416995912218712874e+03 -5.726058293687005720e-05 -3.695993367802932056e-03
1.421067739552673629e+03 -5.810358759331597957e-05 -3.740201488199389190e-03
1.425139566886635521e+03 -5.903785035925323849e-05 -3.789985434194472532e-03
1.429211394220597867e+03 -5.994699086035062925e-05 -3.837847077661391774e-03
1.433283221554560214e+03 -6.070083855133250929e-05 -3.875489415052916272e-03
1.437355048888522106e+03 -6.117716141051364475e-05 -3.895211834620103918e-03
1.441426876222482861e+03 -6.128655446119831774e-05 -3.891483225674850169e-03
1.445498703556444752e+03 -6.099476579548392997e-05 -3.862326829938096673e-03
1.449570530890406872e+03 -6.033665066373067836e-05 -3.810153221140193114e-03
1.453642358224369218e+03 -5.941727050709602912e-05 -3.741769383770132684e-03
1.457714185558331337e+03 -5.839812747489675325e-05 -3.667453381232856253e-03
1.461786012892292092e+03 -5.746971315880138991e-05 -3.599186475884540853e-03
1.465857840226253984e+03 -5.681487796768835979e-05 -3.548340664371610331e-03
1.469929667560216103e+03 -5.657028363399678467e-05 -3.523284923182028877e-03
1.474001494894177995e+03 -5.679461222922937503e-05 -3.527450998002867096e-03
1.478073322228140341e+03 -5.745162933759398336e-05 -3.558351935975667592e-03
1.482145149562101324e+03 -5.841340579372959670e-05 -3.607862926255946817e-03
1.486216976896063215e+03 -5.948440593915510158e-05 -3.663783706719302320e-03
1.490288804230025335e+03 -6.044184579109669831e-05 -3.712375142526399500e-03
1.494360631563987454e+03 -6.108323459171313198e-05 -3.741294019151132112e-03
1.498432458897947981e+03 -6.126979222583487294e-05 -3.742226994418470284e-03
1.502504286231910100e+03 -6.095531280511053737e-05 -3.712593637013111673e-03
1.506576113565872447e+03 -6.019385550196187880e-05 -3.655934155980696681e-03
1.510647940899834566e+03 -5.912522778116824281e-05 -3.580944565519817574e-03
1.514719768233796458e+03 -5.794283494507789515e-05 -3.499462045242949203e-03
1.518791595567757213e+03 -5.685241804970041094e-05 -3.423934664877410078e-03
1.522863422901719105e+03 -5.603148849799580384e-05 -3.364975192277178638e-03
1.526935250235681451e+03 -5.559789271184473029e-05 -3.329502995794699112e-03
1.531007077569643798e+03 -5.559278865326636914e-05 -3.319778423027605792e-03
1.535078904903605689e+03 -5.597967319526397933e-05 -3.333410032212002355e-03
1.539150732237566444e+03 -5.665804986946609920e-05 -3.364231858783724768e-03
1.543222559571528336e+03 -5.748832897191831243e-05 -3.403831634140502219e-03
1.547294386905490455e+03 -5.832339467109433947e-05 -3.443447232267549899e-03
1.551366214239452802e+03 -5.904141454385173921e-05 -3.475904254018744120e-03
1.555438041573414921e+03 -5.957355879521352484e-05 -3.497221681001865586e-03
1.559509868907375449e+03 -5.991959264537579467e-05 -3.507479844593930363e-03
1.563581696241337568e+03 -6.014468786223196221e-05 -3.510576682412401388e-03
1.567653523575299687e+03 -6.035335703537105190e-05 -3.512655942384010181e-03
1.571725350909261806e+03 -6.064173583715862497e-05 -3.519305189119100070e-03
1.575797178243222561e+03 -6.103695976331625591e-05 -3.532054919606299713e-03
1.579869005577184680e+03 -6.144014820377085109e-05 -3.545146418990345778e-03
1.583940832911146799e+03 -6.159457078484182929e-05 -3.543805161580406739e-03
1.588012660245108918e+03 -6.109996261804821228e-05 -3.505193000983248403e-03
1.592084487579071038e+03 -5.948593583389052113e-05 -3.402725996704211893e-03
1.596156314913031565e+03 -5.634251785659855592e-05 -3.213577045762098985e-03
1.600228142246993684e+03 -5.148715982004435502e-05 -2.928122726197747785e-03
1.604299969580956031e+03 -4.513028986946942070e-05 -2.559142211043287374e-03
1.608371796914918150e+03 -3.799149161148629065e-05 -2.148061330613544942e-03
1.612443624248880042e+03 -3.132034363119475933e-05 -1.765708290504356629e-03
1.616515451582840797e+03 -2.679164008287164919e-05 -1.505989379454492462e-03
1.620587278916802688e+03 -2.627200439289484630e-05 -1.472461834167021911e-03
1.624659106250765035e+03 -3.148790140881160550e-05 -1.759627895772050005e-03
1.628730933584727381e+03 -4.365535051609232165e-05 -2.432422041608471065e-03
1.632802760918689273e+03 -6.315053898994062783e-05 -3.508333590808723756e-03
1.636874588252650028e+03 -8.930150726832339304e-05 -4.946556941242420333e-03
1.640946415586612147e+03 -1.203618606588649856e-04 -6.647395942573399059e-03
1.645018242920574266e+03 -1.536910791148416746e-04 -8.463066773402227669e-03
1.649090070254536386e+03 -1.861203687588199073e-04 -1.021850777240057226e-02
1.653161897588498732e+03 -2.144391380264591294e-04 -1.173843243414581482e-02
1.657233724922459032e+03 -2.359063899525572249e-04 -1.287526673532484942e-02
1.661305552256421379e+03 -2.486821242623047799e-04 -1.353223631320508644e-02
1.665377379590383043e+03 -2.520895038651300036e-04 -1.367685466674085568e-02
1.669449206924345617e+03 -2.466559155882458204e-04 -1.334220013032910365e-02
1.673521034258307509e+03 -2.339311731387878868e-04 -1.261613816566355475e-02
1.677592861592268264e+03 -2.161314151957973340e-04 -1.162135123849849204e-02
1.681664688926230610e+03 -1.956949396809427584e-04 -1.049099502953526608e-02
1.685736516260192275e+03 -1.748517519953633422e-04 -9.345518156142042579e-03
1.689808343594154621e+03 -1.552984055625736802e-04 -8.275507862556572697e-03
1.693880170928116740e+03 -1.380371781303884845e-04 -7.333578340528964720e-03
1.697951998262077268e+03 -1.233931850367788298e-04 -6.535836482310359782e-03
1.702023825596039842e+03 -1.111774253112177049e-04 -5.871035225224095593e-03
1.706095652930001506e+03 -1.009303641458537813e-04 -5.313808590725855110e-03
1.710167480263963853e+03 -9.216792144359524028e-05 -4.837798419133482186e-03
1.714239307597924153e+03 -8.456181364981331567e-05 -4.425110102651321799e-03
1.718311134931886500e+03 -7.801450480811077451e-05 -4.070098009378002139e-03
1.722382962265848619e+03 -7.262586019270717420e-05 -3.777447303171002808e-03
1.726454789599810738e+03 -6.858228187102942148e-05 -3.556268623661539095e-03
1.730526616933772630e+03 -6.601965695801209893e-05 -3.412944873343442490e-03
1.734598444267733839e+03 -6.491360980533962674e-05 -3.345515355218332040e-03
1.738670271601695731e+03 -6.503521420330995930e-05 -3.341526928803263078e-03
1.742742098935657850e+03 -6.598392862085437449e-05 -3.379882036289070558e-03
1.746813926269619969e+03 -6.728165235312789200e-05 -3.435776125758910424e-03
1.750885753603581861e+03 -6.849186046719487058e-05 -3.486822604803554125e-03
1.754957580937543071e+03 -6.932184088239134187e-05 -3.518207866007874111e-03
1.759029408271504963e+03 -6.967502960886149115e-05 -3.525225632178312189e-03
1.763101235605466627e+03 -6.964004813784224074e-05 -3.512570037318830333e-03
1.767173062939429201e+03 -6.942564600078562713e-05 -3.490919608501456134e-03
1.771244890273389728e+03 -6.926821796277165297e-05 -3.472207972110546298e-03
1.775316717607352302e+03 -6.934520253223889889e-05 -3.465275227147325554e-03
1.779388544941314194e+03 -6.972207697396121606e-05 -3.473273800646201927e-03
1.783460372275275859e+03 -7.034594199028466259e-05 -3.493437127383839432e-03
1.787532199609238205e+03 -7.108097314314502284e-05 -3.518926557012595248e-03
1.791604026943198960e+03 -7.176699344354071875e-05 -3.541786002925590652e-03
1.795675854277160852e+03 -7.227680936133166860e-05 -3.555781181892750907e-03
1.799747681611123426e+03 -7.255190024415601280e-05 -3.558124105297796706e-03
1.803819508945085090e+03 -7.260701980704058808e-05 -3.549644863575381146e-03
1.807891336279047437e+03 -7.250733157049889677e-05 -3.533620852888765592e-03
1.811963163613007737e+03 -7.233165698685965913e-05 -3.513952659100416046e-03
1.816034990946970083e+03 -7.213882327198464848e-05 -3.493524037048144956e-03
1.820106818280932202e+03 -7.195043046665877901e-05 -3.473385481815971509e-03
1.824178645614894094e+03 -7.175489750955460911e-05 -3.452977521813343272e-03
1.828250472948856668e+03 -7.152828266478190443e-05 -3.431154830455249334e-03
1.832322300282816968e+03 -7.126088177968256112e-05 -3.407467462150682268e-03
1.836394127616779542e+03 -7.097718134012274949e-05 -3.383101019339108777e-03
1.840465954950741434e+03 -7.074032944703211772e-05 -3.361063083177226463e-03
1.844537782284703326e+03 -7.063891256776700961e-05 -3.345527676656548551e-03
1.848609609618665900e+03 -7.076064098984208978e-05 -3.340573846191143090e-03
1.852681436952626200e+03 -7.116206465531012531e-05 -3.348761408549823758e-03
1.856753264286588774e+03 -7.184442110358524162e-05 -3.370021776443491487e-03
1.860825091620550211e+03 -7.274338278225157904e-05 -3.401220413007168767e-03
1.864896918954512557e+03 -7.373610701833633154e-05 -3.436534762815896590e-03
1.868968746288475131e+03 -7.466421761302719591e-05 -3.468565709606163169e-03
1.873040573622435431e+03 -7.536746147046143800e-05 -3.489922446537826149e-03
1.877112400956398005e+03 -7.572045908291958802e-05 -3.494919757328756541e-03
1.881184228290359442e+03 -7.566432698235033428e-05 -3.481006374510904090e-03
1.885256055624321334e+03 -7.522585140722042724e-05 -3.449594251669602964e-03
1.889327882958284363e+03 -7.451916256823461313e-05 -3.406071052255242766e-03
1.893399710292244663e+03 -7.372830919107075959e-05 -3.358941285546707210e-03
1.897471537626207237e+03 -7.307337372748438085e-05 -3.318235880923683066e-03
1.901543364960168674e+03 -7.276701133407765469e-05 -3.293518761808532976e-03
1.905615192294130566e+03 -7.297136949410157824e-05 -3.291949377529303136e-03
1.909687019628091775e+03 -7.376603570629277902e-05 -3.316879348618358148e-03
1.913758846962053667e+03 -7.513527056329672034e-05 -3.367341676538941012e-03
1.917830674296016468e+03 -7.697763239062401647e-05 -3.438551192204708506e-03
1.921902501629977905e+03 -7.913464958581020920e-05 -3.523244211321624290e-03
1.925974328963939797e+03 -8.142963987869391781e-05 -3.613442855735891999e-03
1.930046156297901234e+03 -8.370518882500250796e-05 -3.702125667359802089e-03
1.934117983631862899e+03 -8.584922401472334041e-05 -3.784362463615671777e-03
1.938189810965824336e+03 -8.780451195909602224e-05 -3.857698026538543181e-03
1.942261638299787137e+03 -8.956276294628162573e-05 -3.921853618264579608e-03
1.946333465633748801e+03 -9.114971850952605071e-05 -3.978040303372312042e-03
1.950405292967710466e+03 -9.260950226436740612e-05 -4.028253438071821742e-03
1.954477120301672130e+03 -9.399451938097127721e-05 -4.074821481383108027e-03
1.958548947635633567e+03 -9.536248020048801531e-05 -4.120271482405351779e-03
1.962620774969596368e+03 -9.677715881182134459e-05 -4.167358018901590709e-03
1.966692602303558033e+03 -9.830685227475463952e-05 -4.218992814719565651e-03
1.970764429637519470e+03 -1.000156219092339469e-04 -4.277866989359151856e-03
1.974836256971481362e+03 -1.019468398288787521e-04 -4.345752899857846692e-03
1.978908084305442799e+03 -1.041041586533303869e-04 -4.422710723361747941e-03
1.982979911639405373e+03 -1.064388435004634190e-04 -4.506580774548767619e-03
1.987051738973365673e+03 -1.088521645815769171e-04 -4.593122102032405792e-03
1.991123566307328701e+03 -1.112167490918034799e-04 -4.676946131364241067e-03
1.995195393641290593e+03 -1.134130906502343552e-04 -4.753067032692012868e-03
1.999267220975252030e+03 -1.153700038501916244e-04 -4.818585443822014092e-03
2.003339048309214604e+03 -1.170940598772232568e-04 -4.873878925528405542e-03
2.007410875643174904e+03 -1.186750022364077529e-04 -4.922771042534160486e-03
2.011482702977137478e+03 -1.202615915380778993e-04 -4.971473661335134783e-03
2.015554530311099825e+03 -1.220127400562537833e-04 -5.026532140754916625e-03
2.019626357645061262e+03 -1.240383054095655648e-04 -5.092387762508602568e-03
2.023698184979023836e+03 -1.263488379724096462e-04 -5.169356822306949914e-03
2.027770012312984136e+03 -1.288318794145212800e-04 -5.252734716858664665e-03
2.031841839646946710e+03 -1.312644898538408355e-04 -5.333391758569517790e-03
2.035913666980908602e+03 -1.333602164354804427e-04 -5.399752507955334763e-03
2.039985494314870493e+03 -1.348376423210530185e-04 -5.440605837042001951e-03
2.044057321648833067e+03 -1.354907155614077264e-04 -5.447928578582655196e-03
2.048129148982793595e+03 -1.352404905597188903e-04 -5.418905255217972526e-03
2.052200976316756169e+03 -1.341537477132035284e-04 -5.356582101512409946e-03
2.056272803650717833e+03 -1.324241092842114186e-04 -5.269013677141501199e-03
2.060344630984679497e+03 -1.303223645221772442e-04 -5.167204956149846692e-03
2.064416458318642071e+03 -1.281312574334254038e-04 -5.062481486448700517e-03
2.068488285652602826e+03 -1.260834819357975630e-04 -4.964040504086747463e-03
2.072560112986565400e+03 -1.243192965046006980e-04 -4.877323453850094040e-03
2.076631940320526610e+03 -1.228730877811336404e-04 -4.803555304787707377e-03
2.080703767654488729e+03 -1.216888597209515112e-04 -4.740421503878237616e-03
2.084775594988451303e+03 -1.206560476372931900e-04 -4.683520680341215700e-03
2.088847422322411603e+03 -1.196518993538026087e-04 -4.628041414125063507e-03
2.092919249656374632e+03 -1.185763606841976216e-04 -4.570114911296499320e-03
2.096991076990335841e+03 -1.173697490400562248e-04 -4.507477861275087025e-03
2.101062904324297506e+03 -1.160107609361941641e-04 -4.439368261335031700e-03
2.105134731658260534e+03 -1.144998604959412958e-04 -4.365865597447493411e-03
2.109206558992220835e+03 -1.128381419976470589e-04 -4.287072832915459972e-03
2.113278386326183863e+03 -1.110125878690237515e-04 -4.202557897222065734e-03
2.117350213660145073e+03 -1.089950725124946346e-04 -4.111325729706230211e-03
2.121422040994106737e+03 -1.067559786520308777e-04 -4.012340288067454963e-03
2.125493868328068402e+03 -1.042865117835850450e-04 -3.905361136866362416e-03
2.129565695662030066e+03 -1.016194668000138489e-04 -3.791704120997228637e-03
2.133637522995993095e+03 -9.883811379955500273e-05 -3.674543545055973612e-03
2.137709350329954304e+03 -9.606713272017848907e-05 -3.558542338988813190e-03
2.141781177663915969e+03 -9.344648173846883119e-05 -3.448859867309138870e-03
2.145853004997877633e+03 -9.109596116799840385e-05 -3.349838847952161559e-03
2.149924832331839298e+03 -8.908226799847647741e-05 -3.263812164517776622e-03
2.153996659665802326e+03 -8.739989921875915431e-05 -3.190441677603386185e-03
2.158068486999763536e+03 -8.597252904137536050e-05 -3.126816841271954587e-03
2.162140314333723836e+03 -8.467434193854352954e-05 -3.068275087465419538e-03
2.166212141667686865e+03 -8.336404421159511566e-05 -3.009662601960397081e-03
2.170283969001648529e+03 -8.192043994851793917e-05 -2.946623995406858713e-03
2.174355796335609739e+03 -8.026880649843889872e-05 -2.876533803742669336e-03
2.178427623669572768e+03 -7.839138897949819045e-05 -2.798840029673849671e-03
2.182499451003533068e+03 -7.632128911153850516e-05 -2.714808816911757836e-03
2.186571278337495642e+03 -7.412444784873377574e-05 -2.626852238523886673e-03
2.190643105671457761e+03 -7.187739957214146335e-05 -2.537721257265467770e-03
2.194714933005418970e+03 -6.964830412603421948e-05 -2.449831704219797898e-03
2.198786760339381544e+03 -6.748607399085129852e-05 -2.364888957049025419e-03
2.202858587673342299e+03 -6.541871001628840122e-05 -2.283842647367364045e-03
2.206930415007304873e+03 -6.345883294824728295e-05 -2.207092881289405943e-03
2.211002242341266538e+03 -6.161283325428395044e-05 -2.134817409872413578e-03
2.215074069675228202e+03 -5.989013260528527037e-05 -2.067295421091787117e-03
2.219145897009190776e+03 -5.831010654528489238e-05 -2.005143629843855486e-03
2.223217724343151531e+03 -5.690539329319267540e-05 -1.949423164297839697e-03
2.227289551677114105e+03 -5.572104892949712252e-05 -1.901602152835122446e-03
2.231361379011075769e+03 -5.480930506087970455e-05 -1.863369511019618468e-03
2.235433206345037433e+03 -5.421997566193826159e-05 -1.836305496387192950e-03
2.239505033679000007e+03 -5.398731657303780697e-05 -1.821440054634730675e-03
2.243576861012960762e+03 -5.411546237614256114e-05 -1.818773528318025053e-03
2.247648688346923336e+03 -5.456600634202898566e-05 -1.826880328674309901e-03
2.251720515680885001e+03 -5.525204318503082690e-05 -1.842737639023567242e-03
2.255792343014846665e+03 -5.604233294745740180e-05 -1.861894817947161830e-03
2.259864170348809239e+03 -5.677697408449747680e-05 -1.879020325297461186e-03
2.263935997682769994e+03 -5.729265172971163394e-05 -1.888752119204129259e-03
2.268007825016732568e+03 -5.745229909882201537e-05 -1.886673518634672270e-03
2.272079652350694232e+03 -5.717213460186666783e-05 -1.870180508825061445e-03
2.276151479684655897e+03 -5.643932177508316093e-05 -1.839022935267901589e-03
2.280223307018618470e+03 -5.531592299435195007e-05 -1.795387552059755183e-03
2.284295134352579225e+03 -5.392852621611534877e-05 -1.743515112920761669e-03
2.288366961686541799e+03 -5.244659286043002529e-05 -1.688962384104170794e-03
2.292438789020503009e+03 -5.105497238629037339e-05 -1.637693686405151212e-03
2.296510616354465128e+03 -4.992650970269507215e-05 -1.595196359402562729e-03
2.300582443688427702e+03 -4.919938746541450405e-05 -1.565767666272941793e-03
2.304654271022388002e+03 -4.896159945395725163e-05 -1.552044797577887885e-03
2.308726098356351031e+03 -4.924278663146914448e-05 -1.554778913151049933e-03
2.312797925690312240e+03 -5.001239679510945980e-05 -1.572814013632155370e-03
2.316869753024273905e+03 -5.118301438746317286e-05 -1.603228938503983240e-03
2.320941580358236934e+03 -5.261841416458523305e-05 -1.641624041125067492e-03
2.325013407692197234e+03 -5.414670468196017012e-05 -1.682559809730820076e-03
2.329085235026158443e+03 -5.557910771585740367e-05 -1.720159945577701827e-03
2.333157062360121472e+03 -5.673405329995963623e-05 -1.748864191475254419e-03
2.337228889694083136e+03 -5.746445978526752799e-05 -1.764260979132917890e-03
2.341300717028045256e+03 -5.768392023096914715e-05 -1.763866420611151162e-03
2.345372544362006465e+03 -5.738593606159332963e-05 -1.747672284363563323e-03
2.349444371695967675e+03 -5.665021138187181950e-05 -1.718287494741753841e-03
2.353516199029930704e+03 -5.563187230073431317e-05 -1.680559452613710923e-03
2.357588026363891913e+03 -5.453321219414503481e-05 -1.640677869923810178e-03
2.361659853697854487e+03 -5.356238182999148667e-05 -1.604908455339415854e-03
2.365731681031815697e+03 -5.288796017382681706e-05 -1.578234142377314990e-03
2.369803508365776906e+03 -5.260096381599862786e-05 -1.563250670371934149e-03
2.373875335699739935e+03 -5.269530742376252918e-05 -1.559635893154478949e-03
2.377947163033700235e+03 -5.307360311529842403e-05 -1.564379954929592071e-03
2.382018990367663719e+03 -5.357827157363231018e-05 -1.572753917707802413e-03
2.386090817701624928e+03 -5.404016492564161589e-05 -1.579767390540245692e-03
2.390162645035585683e+03 -5.433082688623292334e-05 -1.581696573531811510e-03
2.394234472369549167e+03 -5.440244668040123630e-05 -1.577217651267325341e-03
2.398306299703509467e+03 -5.430263501437902112e-05 -1.567784539179783304e-03
2.402378127037472495e+03 -5.415873438984203511e-05 -1.557120332669544418e-03
2.406449954371434160e+03 -5.413612403938615513e-05 -1.549975816657627684e-03
2.410521781705394915e+03 -5.438357046278262743e-05 -1.550548857065018899e-03
2.414593609039357943e+03 -5.498302704255840381e-05 -1.561069426405122364e-03
2.418665436373318698e+03 -5.591976862499108532e-05 -1.580995419607248657e-03
2.422737263707281727e+03 -5.708186702862534580e-05 -1.607055621688562638e-03
2.426809091041242937e+03 -5.828826786465314211e-05 -1.634094545124109262e-03
2.430880918375204146e+03 -5.933564126496375119e-05 -1.656421049601369388e-03
2.434952745709167175e+03 -6.004891563969707083e-05 -1.669225833209123100e-03
2.439024573043127930e+03 -6.032055477050587245e-05 -1.669651450609874795e-03
2.443096400377090959e+03 -6.012868160926234946e-05 -1.657251623592862887e-03
2.447168227711052168e+03 -5.953180693326288797e-05 -1.633795931217860153e-03
2.451240055045013378e+03 -5.864520448218170769e-05 -1.602576969612394802e-03
2.455311882378976406e+03 -5.760845222950672579e-05 -1.567494038222443879e-03
2.459383709712937161e+03 -5.655433089940537080e-05 -1.532196574110857154e-03
2.463455537046900190e+03 -5.558672690844396625e-05 -1.499492356558154368e-03
2.467527364380861400e+03 -5.477105744162255894e-05 -1.471107470608244792e-03
2.471599191714822609e+03 -5.413677530701064731e-05 -1.447775900032465543e-03
2.475671019048785638e+03 -5.368882107167434654e-05 -1.429565481483224213e-03
2.479742846382746393e+03 -5.342364130757417019e-05 -1.416316828311082413e-03
2.483814673716709422e+03 -5.334511777556926376e-05 -1.408068709282448913e-03
2.487886501050670176e+03 -5.347594145657212368e-05 -1.405352662224944923e-03
2.491958328384631841e+03 -5.386053997034896776e-05 -1.409258770850563541e-03
2.496030155718594870e+03 -5.455702648191693968e-05 -1.421213497412287304e-03
2.500101983052555170e+03 -5.561823433763352141e-05 -1.442480064115938144e-03
2.504173810386518653e+03 -5.706562895192284759e-05 -1.473487988504623746e-03
2.508245637720479408e+03 -5.886372403919363328e-05 -1.513193443406985524e-03
2.512317465054440618e+03 -6.090484437206797065e-05 -1.558721801378862900e-03
2.516389292388404101e+03 -6.301301853577302898e-05 -1.605507795259186786e-03
2.520461119722364401e+03 -6.497086285637418347e-05 -1.648015959847670599e-03
2.524532947056327885e+03 -6.656564825538534953e-05 -1.680926973751183107e-03
2.528604774390288640e+03 -6.764300391081637560e-05 -1.700484589942588207e-03
2.532676601724249849e+03 -6.815215081056834594e-05 -1.705594249771456936e-03
2.536748429058212423e+03 -6.816753300877830836e-05 -1.698303317863502412e-03
2.540820256392173633e+03 -6.787847066434971467e-05 -1.683473988626945500e-03
2.544892083726137116e+03 -6.754877814144510278e-05 -1.667722049780967931e-03
2.548963911060097871e+03 -6.745827089687961189e-05 -1.657938034288045353e-03
2.553035738394059081e+03 -6.784376966693769415e-05 -1.659835526658971338e-03
2.557107565728021655e+03 -6.885633542963069198e-05 -1.676934262026729891e-03
2.561179393061982864e+03 -7.054450573619982004e-05 -1.710201963652814832e-03
2.565251220395946348e+03 -7.286328202203367992e-05 -1.758328468103228029e-03
2.569323047729907103e+03 -7.569978173797194403e-05 -1.818393831585329856e-03
2.573394875063867403e+03 -7.890238117045333922e-05 -1.886602565524947428e-03
2.577466702397830886e+03 -8.230215538983026106e-05 -1.958815020114017258e-03
2.581538529731792096e+03 -8.572204505821710298e-05 -2.030773721105866465e-03
2.585610357065752851e+03 -8.897703838874114566e-05 -2.098111739387461573e-03
2.589682184399716334e+03 -9.187400252377251339e-05 -2.156352684407989752e-03
2.593754011733676634e+03 -9.422026386143828947e-05 -2.201115168315712946e-03
2.597825839067639663e+03 -9.584562727594449943e-05 -2.228624106870615885e-03
2.601897666401601327e+03 -9.663546478956969155e-05 -2.236463815288716045e-03
2.605969493735562082e+03 -9.656608070146226023e-05 -2.224362040029612998e-03
2.610041321069525111e+03 -9.573056925292746321e-05 -2.194733198113889804e-03
2.614113148403485866e+03 -9.434494394954774860e-05 -2.152754978755654428e-03
2.618184975737448895e+03 -9.272957405016720974e-05 -2.105880604029837944e-03
2.622256803071410104e+03 -9.126769086474215609e-05 -2.062845246071454228e-03
2.626328630405371314e+03 -9.034848064434483682e-05 -2.032352859880009500e-03
2.630400457739334342e+03 -9.030544745652906060e-05 -2.021693981769955451e-03
2.634472285073295097e+03 -9.136099565857889202e-05 -2.035541723649400038e-03
2.638544112407258126e+03 -9.358630301441577264e-05 -2.075122148816984768e-03
2.642615939741219336e+03 -9.688267236932286859e-05 -2.137883896363138806e-03
2.646687767075180545e+03 -1.009875065903098222e-04 -2.217719923164375179e-03
2.650759594409143574e+03 -1.055050991458721902e-04 -2.305727179198671564e-03
2.654831421743104329e+03 -1.099594120877106436e-04 -2.391424334498847958e-03
2.658903249077067358e+03 -1.138628127681058850e-04 -2.464280962083912653e-03
2.662975076411028567e+03 -1.167916718209224207e-04 -2.515350716575165922e-03
2.667046903744989777e+03 -1.184575435008298664e-04 -2.538762058348594582e-03
2.671118731078952806e+03 -1.187622039224937718e-04 -2.532820090366625504e-03
2.675190558412913560e+03 -1.178265657957023698e-04 -2.500519865585387747e-03
2.679262385746876589e+03 -1.159871809897563167e-04 -2.449357748744026078e-03
2.683334213080837344e+03 -1.137588541708362797e-04 -2.390433609872874392e-03
2.687406040414799008e+03 -1.117668335070878669e-04 -2.336940996160107552e-03
2.691477867748762037e+03 -1.106564451176119643e-04 -2.302230887773351956e-03
2.695549695082722337e+03 -1.109917165548369858e-04 -2.297704078511956290e-03
2.699621522416685821e+03 -1.131575417847959961e-04 -2.330839468835257857e-03
2.703693349750646576e+03 -1.172820260647900760e-04 -2.403696227994259627e-03
2.707765177084607785e+03 -1.231958733385707210e-04 -2.512218674939396563e-03
2.711837004418571269e+03 -1.304425598048000723e-04 -2.646595720076191233e-03
2.715908831752531569e+03 -1.383453488312659063e-04 -2.792760474390096684e-03
2.719980659086492324e+03 -1.461250908194661928e-04 -2.934867750123817953e-03
2.724052486420455807e+03 -1.530485317699273838e-04 -3.058308336633665855e-03
2.728124313754417017e+03 -1.585748540899101547e-04 -3.152597199741914887e-03
2.732196141088379591e+03 -1.624633998566674229e-04 -3.213404760705738852e-03
2.736267968422340800e+03 -1.648115467986709082e-04 -3.243148895827536234e-03
2.740339795756301555e+03 -1.660086542430893783e-04 -3.249921912811560946e-03
2.744411623090265039e+03 -1.666157380402782007e-04 -3.245000067743492728e-03
2.748483450424226248e+03 -1.672036216633844715e-04 -3.239622210047850368e-03
2.752555277758188822e+03 -1.681965486433802527e-04 -3.241971794390401725e-03
2.756627105092150032e+03 -1.697679054046103645e-04 -3.255252130561883499e-03
2.760698932426110787e+03 -1.718190412652445065e-04 -3.277408722067157252e-03
2.764770759760074270e+03 -1.740460222609979701e-04 -3.302531960185267710e-03
2.768842587094035480e+03 -1.760713087654458846e-04 -3.323444504172287737e-03
2.772914414427998054e+03 -1.775972716343639148e-04 -3.334619577704425568e-03
2.776986241761959263e+03 -1.785327452309649280e-04 -3.334504197579420126e-03
2.781058069095920018e+03 -1.790538089891295463e-04 -3.326545724421028135e-03
2.785129896429883502e+03 -1.795815843761830238e-04 -3.318649631354027123e-03
2.789201723763843802e+03 -1.806853508190161260e-04 -3.321278541639313686e-03
2.793273551097807285e+03 -1.829405306869496596e-04 -3.344783994273862939e-03
2.797345378431768495e+03 -1.867822435217814906e-04 -3.396741547508712409e-03
2.801417205765728795e+03 -1.923942809926575018e-04 -3.480012393167618897e-03
2.805489033099692733e+03 -1.996623609548774515e-04 -3.592025796212626639e-03
2.809560860433653033e+03 -2.082035231454345907e-04 -3.725450352321368203e-03
2.813632687767616517e+03 -2.174651227690253797e-04 -3.870085704200062950e-03
2.817704515101577726e+03 -2.268708033670534653e-04 -4.015527392651439646e-03
2.821776342435538027e+03 -2.359796139392706087e-04 -4.153977984142204899e-03
2.825848169769501965e+03 -2.446197214947862350e-04 -4.282521453785900420e-03
2.829919997103462265e+03 -2.529611106239893588e-04 -4.404258699977215384e-03
2.833991824437425748e+03 -2.615027957928226345e-04 -4.527921983365143510e-03
2.838063651771386503e+03 -2.709686064225873422e-04 -4.665923554766490330e-03
2.842135479105347258e+03 -2.821285719001543832e-04 -4.831191006942023650e-03
2.846207306439311196e+03 -2.955850041732923641e-04 -5.033504177117019245e-03
2.850279133773271042e+03 -3.115768896376031548e-04 -5.276264050280020726e-03
2.854350961107234980e+03 -3.298573466299375588e-04 -5.554602561758851739e-03
2.858422788441195735e+03 -3.496842364487306662e-04 -5.855455328885225338e-03
2.862494615775156490e+03 -3.699361309262740169e-04 -6.159725297029262740e-03
2.866566443109120428e+03 -3.893322056977889262e-04 -6.446099970715811825e-03
2.870638270443080273e+03 -4.067053563385610786e-04 -6.695619872616615127e-03
2.874710097777044211e+03 -4.212621454559713164e-04 -6.895877648453169542e-03
2.878781925111004966e+03 -4.327660109209343600e-04 -7.043823055564731039e-03
2.882853752444965721e+03 -4.416003243706566371e-04 -7.146522545769255948e-03
2.886925579778929205e+03 -4.486986784831024705e-04 -7.219749307325912246e-03
2.890997407112889505e+03 -4.553616400343278299e-04 -7.284797872732144339e-03
2.895069234446853443e+03 -4.630032962991760840e-04 -7.364285501760466437e-03
2.899141061780813743e+03 -4.728820611670040146e-04 -7.477846026039586085e-03
2.903212889114774953e+03 -4.858679865943354862e-04 -7.638546432881733461e-03
2.907284716448738436e+03 -5.022866900579079589e-04 -7.850628383837219074e-03
2.911356543782698736e+03 -5.218630148668374847e-04 -8.108883701935482718e-03
2.915428371116662674e+03 -5.437700421908414844e-04 -8.399686193620350613e-03
2.919500198450622975e+03 -5.667734546388970753e-04 -8.703458876201834032e-03
2.923572025784584184e+03 -5.894481045764876723e-04 -8.998162931388237890e-03
2.927643853118547668e+03 -6.104329764432145323e-04 -9.263250257450339475e-03
2.931715680452507968e+03 -6.286832568913609375e-04 -9.483433615290481206e-03
2.935787507786471451e+03 -6.436757901922749141e-04 -9.651621823890768961e-03
2.939859335120432206e+03 -6.555290794619837236e-04 -9.770471643283465749e-03
2.943931162454393416e+03 -6.650124264798098908e-04 -9.852234522255972488e-03
2.948002989788355990e+03 -6.734395967167551783e-04 -9.916900207087209554e-03
2.952074817122317199e+03 -6.824665419543383483e-04 -9.988995195385583226e-03
2.956146644456280683e+03 -6.938342742293880563e-04 -1.009369305076335613e-02
2.960218471790241438e+03 -7.091109550434518665e-04 -1.025305135977280270e-02
2.964290299124202647e+03 -7.294875746342170718e-04 -1.048315597185334874e-02
2.968362126458165221e+03 -7.556684544652403183e-04 -1.079272708989678989e-02
2.972433953792126431e+03 -7.878739301988464672e-04 -1.118337419699913689e-02
2.976505781126089914e+03 -8.259434397803069958e-04 -1.165126426712372390e-02
2.980577608460050669e+03 -8.694998100566679339e-04 -1.218959211494795650e-02
2.984649435794010969e+03 -9.181168873196912097e-04 -1.279100996749155984e-02
2.988721263127974908e+03 -9.714287198916277382e-04 -1.344915952184554640e-02
2.992793090461935662e+03 -1.029132731345966303e-03 -1.415868848271696276e-02
2.996864917795895963e+03 -1.090871258103190931e-03 -1.491360274450103697e-02
3.000936745129859901e+03 -1.156019793139430535e-03 -1.570441279856791411e-02
3.005008572463820201e+03 -1.223455069378829316e-03 -1.651511726435367020e-02
3.009080399797783684e+03 -1.291406603185137839e-03 -1.732142448961859760e-02
3.013152227131744894e+03 -1.357496513372582862e-03 -1.809155793008263707e-02
3.017224054465705194e+03 -1.419035343700640562e-03 -1.879042879804480870e-02
3.021295881799669132e+03 -1.473568906001543072e-03 -1.938695788717362256e-02
3.025367709133629432e+03 -1.519579824889757914e-03 -1.986313961967642663e-02
3.029439536467592916e+03 -1.557166260267873244e-03 -2.022245371451288770e-02
3.033511363801553671e+03 -1.588481396325046010e-03 -2.049484919674019953e-02
3.037583191135514426e+03 -1.617744371056832565e-03 -2.073601845617931150e-02
3.041655018469478364e+03 -1.650730270247907378e-03 -2.102003940454779188e-02
3.045726845803438209e+03 -1.693792260727774394e-03 -2.142636292697535846e-02
3.049798673137402147e+03 -1.752619989828840385e-03 -2.202398213393421539e-02
3.053870500471362902e+03 -1.831043573947266096e-03 -2.285679388892048955e-02
3.057942327805323657e+03 -1.930210117702007124e-03 -2.393417407785375720e-02
3.062014155139287595e+03 -2.048374614108696996e-03 -2.522952342952921451e-02
3.066085982473247441e+03 -2.181379168804563860e-03 -2.668732889051604953e-02
3.070157809807211379e+03 -2.323694484725658330e-03 -2.823681031486987084e-02
3.074229637141172134e+03 -2.469730705965955241e-03 -2.980829595944023414e-02
3.078301464475132889e+03 -2.615048014296388751e-03 -3.134774655465347171e-02
3.082373291809096372e+03 -2.757138466742328937e-03 -3.282558051772430097e-02
3.086445119143056672e+03 -2.895596818615175927e-03 -3.423789588875951473e-02
3.090516946477020610e+03 -3.031700027783576674e-03 -3.560067184693483516e-02
3.094588773810980911e+03 -3.167603504390518240e-03 -3.693971265189072845e-02
3.098660601144942120e+03 -3.305472305254491226e-03 -3.828023392012307180e-02
3.102732428478905604e+03 -3.446860318265321157e-03 -3.963972416573148527e-02
3.106804255812865904e+03 -3.592533772931504141e-03 -4.102617997554812435e-02
3.110876083146829842e+03 -3.742750450457123842e-03 -4.244159145222413387e-02
3.114947910480790142e+03 -3.897820546150006053e-03 -4.388846235963613646e-02
3.119019737814750897e+03 -4.058657968938859072e-03 -4.537595337743793866e-02
3.123091565148714835e+03 -4.227027548794036645e-03 -4.692238705437319635e-02
3.127163392482675135e+03 -4.405310165177858325e-03 -4.855232415903008164e-02
3.131235219816635890e+03 -4.595807037798301312e-03 -5.028871169208624231e-02
3.135307047150599374e+03 -4.799816650294755696e-03 -5.214289188806933012e-02
3.139378874484560129e+03 -5.016862750254499556e-03 -5.410667536936489969e-02
3.143450701818523612e+03 -5.244465666277485678e-03 -5.615059074045358756e-02
3.147522529152484367e+03 -5.478708068636799038e-03 -5.823067898906801598e-02
3.151594356486445122e+03 -5.715579731151581265e-03 -6.030323564627172728e-02
3.155666183820408605e+03 -5.952773243658039670e-03 -6.234364440670666502e-02
3.159738011154369360e+03 -6.191352665257249255e-03 -6.436305558485658218e-02
3.163809838488332844e+03 -6.436633760626961354e-03 -6.641616252853722868e-02
3.167881665822293598e+03 -6.697758979528846759e-03 -6.859521547871770542e-02
3.171953493156254353e+03 -6.985811889460176276e-03 -7.100939956265786557e-02
3.176025320490217837e+03 -7.310802799773955321e-03 -7.375370351510575351e-02
3.180097147824178137e+03 -7.678316773099748416e-03 -7.687579405911915131e-02
3.184168975158142075e+03 -8.086877804226150213e-03 -8.035153145219980919e-02
3.188240802492102830e+03 -8.527022267058629104e-03 -8.407852224733933233e-02
3.192312629826063130e+03 -8.982660582781892139e-03 -8.789245728625885712e-02
3.196384457160027068e+03 -9.434630597642098410e-03 -9.160408671147732274e-02
3.200456284493987368e+03 -9.865608534727798168e-03 -9.504765006331530874e-02
3.204528111827950852e+03 -1.026499229499231933e-02 -9.812682522544621810e-02
3.208599939161912062e+03 -1.063222169449077638e-02 -1.008436714260032563e-01
3.212671766495872362e+03 -1.097734899547463637e-02 -1.033002374149060432e-01
3.216743593829836300e+03 -1.131845378261130998e-02 -1.056704887624743128e-01
3.220815421163796600e+03 -1.167648340003363781e-02 -1.081495739694299241e-01
3.224887248497760083e+03 -1.206897541646156924e-02 -1.108951281560022484e-01
3.228959075831720838e+03 -1.250457598586343644e-02 -1.139786093629673591e-01
3.233030903165681593e+03 -1.298012343430112424e-02 -1.173622266995662661e-01
3.237102730499645531e+03 -1.348133090245732038e-02 -1.209093944760863543e-01
3.241174557833605377e+03 -1.398698913780332086e-02 -1.244261621202002177e-01
3.245246385167569315e+03 -1.447547284674647813e-02 -1.277211005744419148e-01
3.249318212501530070e+03 -1.493154627401745670e-02 -1.306649591614236494e-01
3.253390039835490825e+03 -1.535129573576161921e-02 -1.332311205320795000e-01
3.257461867169454763e+03 -1.574353964156807728e-02 -1.355036322278130312e-01
3.261533694503414608e+03 -1.612712574595502255e-02 -1.376495674579523432e-01
3.265605521837378546e+03 -1.652479182866965421e-02 -1.398635013991859632e-01
3.269677349171339301e+03 -1.695534483267232412e-02 -1.423005319583211803e-01
3.273749176505300056e+03 -1.742647277137789399e-02 -1.450179096445643745e-01
3.277821003839263540e+03 -1.793037829236041047e-02 -1.479429859017500348e-01
3.281892831173224295e+03 -1.844365934601758031e-02 -1.508777134535631559e-01
3.285964658507188233e+03 -1.893169453549356160e-02 -1.535396773561094885e-01
3.290036485841148533e+03 -1.935655743689699421e-02 -1.556296026652956299e-01
3.294108313175108833e+03 -1.968652351907668532e-02 -1.569082018019006264e-01
3.298180140509072771e+03 -1.990478735816288147e-02 -1.572628021231573525e-01
3.302251967843033526e+03 -2.001516706221979219e-02 -1.567467731447116097e-01
3.306323795176997464e+03 -2.004327007347251471e-02 -1.555814093629376005e-01
3.310395622510956855e+03 -2.003264163895144764e-02 -1.541188020947153459e-01
3.314467449844918065e+03 -2.003656462620597573e-02 -1.527732159689762503e-01
3.318539277178882003e+03 -2.010717709649807727e-02 -1.519356264888252483e-01
3.322611104512842758e+03 -2.028421936649629082e-02 -1.518899700411364961e-01
3.326682931846806696e+03 -2.058588814448977095e-02 -1.527496140394836444e-01
3.330754759180766087e+03 -2.100392319625412826e-02 -1.544286207978236569e-01
3.334826586514727296e+03 -2.150423480801802456e-02 -1.566552912499407091e-01
3.338898413848691234e+03 -2.203323853716748076e-02 -1.590265568456164513e-01
3.342970241182651989e+03 -2.252881228700242058e-02 -1.610927857842578415e-01
3.347042068516615018e+03 -2.293369098216567481e-02 -1.624553961411497327e-01
3.351113895850575318e+03 -2.320842731531037179e-02 -1.628560427106776620e-01
3.355185723184536528e+03 -2.334097307278283975e-02 -1.622371704860807728e-01
3.359257550518500011e+03 -2.335055088190854042e-02 -1.607595195780909259e-01
3.363329377852461221e+03 -2.328470190927069833e-02 -1.587716625230016221e-01
3.367401205186424249e+03 -2.320995514724025210e-02 -1.567377391390903374e-01
3.371473032520384550e+03 -2.319809460171960366e-02 -1.551395133681943150e-01
3.375544859854345759e+03 -2.331110330925817431e-02 -1.543751063604379969e-01
3.379616687188309243e+03 -2.358822738180861231e-02 -1.546775197718524564e-01
3.383688514522270452e+03 -2.403810525183312091e-02 -1.560710375861912580e-01
3.387760341856233481e+03 -2.463765803574953506e-02 -1.583740578336625404e-01
3.391832169190193781e+03 -2.533776152641908919e-02 -1.612454039180693244e-01
3.395903996524154536e+03 -2.607406928719311484e-02 -1.642607971334398842e-01
3.399975823858118474e+03 -2.678017496355302243e-02 -1.669996813964267357e-01
3.404047651192079684e+03 -2.739989857380755248e-02 -1.691215654820611702e-01
3.408119478526039074e+03 -2.789593716483949187e-02 -1.704154765532553406e-01
3.412191305860003013e+03 -2.825326882992856142e-02 -1.708144514077329368e-01
3.416263133193963768e+03 -2.847718452588660076e-02 -1.703766665185869611e-01
3.420334960527927706e+03 -2.858721154423009975e-02 -1.692430627924404463e-01
3.424406787861888915e+03 -2.860910843586484537e-02 -1.675860203364104017e-01
3.428478615195848306e+03 -2.856733955863288710e-02 -1.655638505538343519e-01
3.432550442529812244e+03 -2.847997851343510994e-02 -1.632920350253202757e-01
3.436622269863772999e+03 -2.835704031831496816e-02 -1.608357956989020510e-01
3.440694097197736937e+03 -2.820211979197047650e-02 -1.582218075288696624e-01
3.444765924531697237e+03 -2.801625223840303186e-02 -1.554616122015658464e-01
3.448837751865657538e+03 -2.780236475057734635e-02 -1.525768363138118866e-01
3.452909579199621476e+03 -2.756866149318835599e-02 -1.496169904219373792e-01
3.456981406533582231e+03 -2.732973752778112414e-02 -1.466638538295934602e-01
3.461053233867545259e+03 -2.710497384296912254e-02 -1.438210479315349122e-01
3.465125061201506469e+03 -2.691460093449649787e-02 -1.411919802396360835e-01
3.469196888535467679e+03 -2.677450537452297913e-02 -1.388527013000734889e-01
3.473268715869430707e+03 -2.669122883479553218e-02 -1.368276111175667775e-01
3.477340543203391462e+03 -2.665859672144168038e-02 -1.350751917594389950e-01
3.481412370537354491e+03 -2.665703277261154830e-02 -1.334883561273259855e-01
3.485484197871315700e+03 -2.665596567221265034e-02 -1.319102967005440497e-01
3.489556025205276910e+03 -2.661896795138540134e-02 -1.301627998870836522e-01
3.493627852539239939e+03 -2.651056434400139716e-02 -1.280807830839613970e-01
3.497699679873200694e+03 -2.630317498649519664e-02 -1.255450731554264565e-01
3.501771507207163722e+03 -2.598254315003948461e-02 -1.225056233089390628e-01
3.505843334541124023e+03 -2.555028732444423675e-02 -1.189894811472009123e-01
3.509915161875086142e+03 -2.502286784513836279e-02 -1.150914292568721853e-01
3.513986989209049170e+03 -2.442712727957885299e-02 -1.109494742226142944e-01
3.518058816543009925e+03 -2.379343932814362989e-02 -1.067111907560538836e-01
3.522130643876972954e+03 -2.314815075977220277e-02 -1.024993114306586711e-01
3.526202471210933254e+03 -2.250723675150824096e-02 -9.838520396981806360e-02
3.530274298544895373e+03 -2.187282701823091424e-02 -9.437687121839685722e-02
3.534346125878858402e+03 -2.123354966197326874e-02 -9.042434553155845323e-02
3.538417953212819157e+03 -2.056866215460471936e-02 -8.644083544984362821e-02
3.542489780546779457e+03 -1.985495534283934424e-02 -8.233394231856308587e-02
3.546561607880742486e+03 -1.907469291977579445e-02 -7.803877980078507970e-02
3.550633435214704605e+03 -1.822257832637883337e-02 -7.354452442965009329e-02
3.554705262548667179e+03 -1.730998821793188619e-02 -6.890780093457951616e-02
3.558777089882628388e+03 -1.636539862455293343e-02 -6.424976971860625607e-02
3.562848917216588688e+03 -1.543086530224049499e-02 -5.973785668534790927e-02
3.566920744550551717e+03 -1.455535813147980709e-02 -5.555668301545715199e-02
3.570992571884513836e+03 -1.378646044514257596e-02 -5.187505586420342041e-02
3.575064399218476410e+03 -1.316226931691797351e-02 -4.881641463890949717e-02
3.579136226552437620e+03 -1.270521613580823453e-02 -4.643890151602191735e-02
3.583208053886397920e+03 -1.241901698201982110e-02 -4.472865442119641766e-02
3.587279881220360949e+03 -1.228919277686827197e-02 -4.360668719257498882e-02
3.591351708554321704e+03 -1.228675518743238028e-02 -4.294660513901215476e-02
3.595423535888285642e+03 -1.237393537996147111e-02 -4.259812300515956884e-02
3.599495363222246851e+03 -1.251041384637269563e-02 -4.241042492573570549e-02
3.603567190556206242e+03 -1.265850258879118798e-02 -4.225004138464424214e-02
3.607639017890170180e+03 -1.278615137822484982e-02 -4.200994827367241641e-02
3.611710845224130935e+03 -1.286739753258150931e-02 -4.160947252053056461e-02
3.615782672558094873e+03 -1.288074633816716462e-02 -4.098749296959967869e-02
3.619854499892056083e+03 -1.280668701365413574e-02 -4.009345550480829939e-02
3.623926327226015474e+03 -1.262586301905089213e-02 -3.888118141528423832e-02
3.627998154559979412e+03 -1.231917948333677466e-02 -3.730910856665638209e-02
3.632069981893940167e+03 -1.187037827603231073e-02 -3.534784861238998710e-02
3.636141809227904105e+03 -1.127057272601261415e-02 -3.299270157626305044e-02
3.640213636561864405e+03 -1.052327668325909148e-02 -3.027623503757585072e-02
3.644285463895824705e+03 -9.647967142271634058e-03 -2.727523349266584157e-02
3.648357291229788189e+03 -8.680430486762921033e-03 -2.410769335663436388e-02
3.652429118563749853e+03 -7.669053421434637516e-03 -2.091870848666293331e-02
3.656500945897713336e+03 -6.667548293471647729e-03 -1.785796006289913293e-02
3.660572773231673636e+03 -5.725875524647967493e-03 -1.505465321319838200e-02
3.664644600565633937e+03 -4.881852720490539518e-03 -1.259690605091981844e-02
3.668716427899597420e+03 -4.155808826586573912e-03 -1.052128413072743116e-02
3.672788255233559084e+03 -3.549656076090890091e-03 -8.814816657471949771e-03
3.676860082567522568e+03 -3.050246208865564981e-03 -7.427653298475988923e-03
3.680931909901482868e+03 -2.635393383205581613e-03 -6.291057473159005972e-03
3.685003737235443168e+03 -2.280024865459525946e-03 -5.333921834072723363e-03
3.689075564569406652e+03 -1.959886697617228835e-03 -4.491895911185386780e-03
3.693147391903368316e+03 -1.651071160812271534e-03 -3.706074244249772057e-03
3.697219219237331799e+03 -1.325015529367922894e-03 -2.911868362134229903e-03
3.701291046571291190e+03 -9.400565736533506109e-04 -2.021876628762534368e-03
3.705362873905252400e+03 -4.316774999137703672e-04 -9.083468412508097700e-04
3.709434701239215883e+03 2.959536009259044727e-04 6.090364320330704257e-04
3.713506528573177548e+03 1.374616812251147581e-03 2.765400016593305178e-03
3.717578355907141031e+03 2.970660070777481933e-03 5.839941223192830939e-03
3.721650183241100422e+03 5.275853374917450003e-03 1.013077774018809711e-02
3.725722010575061631e+03 8.489229480732256999e-03 1.591551119291685287e-02
3.729793837909025115e+03 1.278947403382770832e-02 2.339951225939451013e-02
3.733865665242986779e+03 1.829889259559442510e-02 3.265664799464136625e-02
3.737937492576950262e+03 2.504228836233629574e-02 4.357075618724919747e-02
3.742009319910909653e+03 3.290698834477895351e-02 5.578985362479027543e-02
3.746081147244870863e+03 4.161296172737137533e-02 6.870729065028341465e-02
3.750152974578833437e+03 5.070328426032513075e-02 8.148302569980303556e-02
3.754224801912796011e+03 5.956393385942920782e-02 9.311268093776922661e-02
3.758296629246759494e+03 6.747743730507817228e-02 1.025422524043383687e-01
3.762368456580718885e+03 7.370763035909419503e-02 1.088142549605905784e-01
3.766440283914680094e+03 7.760430469731112446e-02 1.112200788509480620e-01
3.770512111248642668e+03 7.870919771469254977e-02 1.094272146947938423e-01
3.774583938582605242e+03 7.684116372858532107e-02 1.035515864738593556e-01
3.778655765916568726e+03 7.214020663608995687e-02 9.415516789463257430e-02
3.782727593250528116e+03 6.505760157917417352e-02 8.216531667893810231e-02
3.786799420584489326e+03 5.629103607788573521e-02 6.873057456285688871e-02
3.790871247918451900e+03 4.667654278106517229e-02 5.504283413981116146e-02
3.794943075252414474e+03 3.705937434065450370e-02 4.216331733114027369e-02
3.799014902586377957e+03 2.817084545536499562e-02 3.088756046825431173e-02
3.803086729920337348e+03 2.053607244556538564e-02 2.167337826388331459e-02
3.807158557254298103e+03 1.442909785201664311e-02 1.463910914432394426e-02
3.811230384588261131e+03 9.879618946471836402e-03 9.622339703530933749e-03
3.815302211922223705e+03 6.723044702531455821e-03 6.276584251068145423e-03
3.819374039256183551e+03 4.676391054650562082e-03 4.178152031457760957e-03
3.823445866590146579e+03 3.418893687692387516e-03 2.918198602440832783e-03
3.827517693924107334e+03 2.658616726607441680e-03 2.163780767472412141e-03
3.831589521258070363e+03 2.173349671279635378e-03 1.683104594958470231e-03
3.835661348592032937e+03 1.823056957178444560e-03 1.340335205725733765e-03
3.839733175925992782e+03 1.539157157454547429e-03 1.071603203088859280e-03
3.843805003259955811e+03 1.300757194997756699e-03 8.552109146602746232e-04
3.847876830593916566e+03 1.108784499590861981e-03 6.862777025641898787e-04
3.851948657927879594e+03 9.663126925733101034e-04 5.610898548886760926e-04
3.856020485261839440e+03 8.688512079022880702e-04 4.714255349742735193e-04
3.860092312595802468e+03 8.038668130620594968e-04 4.057513129686322233e-04
3.864164139929765042e+03 7.558286940593214641e-04 3.530808550355719411e-04
3.868235967263725797e+03 7.122704072208195470e-04 3.061115052896073801e-04
3.872307794597688371e+03 6.674726654138592218e-04 2.620653696222134980e-04
3.876379621931648671e+03 6.224832457437099505e-04 2.214223528063993655e-04
3.880451449265611700e+03 5.822285957597305665e-04 1.857442820388185447e-04
3.884523276599574274e+03 5.516384674940880573e-04 1.558752765118765274e-04
3.888595103933535029e+03 5.327340594868687582e-04 1.312351673564882593e-04
3.892666931267497603e+03 5.237810970730038965e-04 1.101761583760637795e-04
3.896738758601457903e+03 5.204504005706852296e-04 9.086166296382879623e-05
3.900810585935420931e+03 5.180362958655255860e-04 7.203182811585163742e-05
3.904882413269383505e+03 5.134968562984256173e-04 5.327169612861431885e-05
3.908954240603344260e+03 5.064037541298754049e-04 3.477382547839029430e-05
3.913026067937306834e+03 4.985578688860121347e-04 1.686294031403636086e-05
3.917097895271267134e+03 4.926739491985192678e-04 -3.898307718875273508e-07
3.921169722605230163e+03 4.908789888654219863e-04 -1.726710605407860759e-05
3.925241549939192737e+03 4.937124251854160557e-04 -3.422931593631224135e-05
3.929313377273153492e+03 4.999662958049598625e-04 -5.162401957941990544e-05
3.933385204607116066e+03 5.072758918001115790e-04 -6.947116498712678392e-05
3.937457031941076366e+03 5.130733714639849636e-04 -8.743482777088553131e-05
3.941528859275038940e+03 5.154534896663479689e-04 -1.049712006067408899e-04
3.945600686609001968e+03 5.136471757890788198e-04 -1.215559168142971126e-04
3.949672513942962723e+03 5.080384852455610079e-04 -1.368791870082725710e-04
3.953744341276922114e+03 4.998596055658828790e-04 -1.509431068666982787e-04
3.957816168610885597e+03 4.907745762085094282e-04 -1.640586506158889029e-04
3.961887995944848171e+03 4.825139365771956876e-04 -1.767782604698054402e-04
3.965959823278810745e+03 4.766130628893271268e-04 -1.897984095350663692e-04
3.970031650612771955e+03 4.742176876839853078e-04 -2.038411645358438953e-04
3.974103477946731346e+03 4.759019884500438570e-04 -2.195055863760956758e-04
3.978175305280694829e+03 4.814946517465221567e-04 -2.370903880956896134e-04
3.982247132614657403e+03 4.899790860738573303e-04 -2.564250870854558836e-04
3.986318959948619977e+03 4.995672799920907337e-04 -2.767815536859466246e-04
3.990390787282581186e+03 5.080100250234620722e-04 -2.969401401433721535e-04
3.994462614616540577e+03 5.131111027035542256e-04 -3.154401542211406344e-04
3.998534441950504061e+03 5.133082289527004117e-04 -3.309675632771545651e-04
