4.071827333961818951e+00 -2.716204137505810468e-01
8.143654667923637902e+00 -1.075412595678048450e-01
1.221548200188544975e+01 -3.758062940758957055e-02
1.628730933584727580e+01 1.076455023062487457e-02
2.035913666980907877e+01 5.112843139652491209e-02
2.443096400377089950e+01 8.664032995860952713e-02
2.850279133773272022e+01 1.171479090099960818e-01
3.257461867169455161e+01 1.414024350507392114e-01
3.664644600565635102e+01 1.581108056227234770e-01
4.071827333961815754e+01 1.665436524523975781e-01
4.479010067358000668e+01 1.668348989927810888e-01
4.886192800754179899e+01 1.600122552016023658e-01
5.293375534150364814e+01 1.478080395605612940e-01
5.700558267546544045e+01 1.323282478493366110e-01
6.107741000942725407e+01 1.156749484215008617e-01
6.514923734338910322e+01 9.961296701930584530e-02
6.922106467735088131e+01 8.534765657598017419e-02
7.329289201131270204e+01 7.344432144345248992e-02
7.736471934527455119e+01 6.388232909490951239e-02
8.143654667923631507e+01 5.620782754277503512e-02
8.550837401319815001e+01 4.973422679734847140e-02
8.958020134716001337e+01 4.374015508673298469e-02
9.365202868112174883e+01 3.762698991350781758e-02
9.772385601508359798e+01 3.101622064907135282e-02
1.017956833490454613e+02 2.378450896360561478e-02
1.058675106830072963e+02 1.604683024431640195e-02
1.099393380169690602e+02 8.103781975291244472e-03
1.140111653509308809e+02 3.690266902634034563e-04
1.180829926848927727e+02 -6.710444219878911390e-03
1.221548200188545081e+02 -1.273211443883860185e-02
1.262266473528163289e+02 -1.740673834155490388e-02
1.302984746867782064e+02 -2.061133522027568804e-02
1.343703020207399561e+02 -2.241930103134681662e-02
1.384421293547017626e+02 -2.310142897126196693e-02
1.425139566886636544e+02 -2.309490810463899965e-02
1.465857840226254041e+02 -2.294305680134587147e-02
1.506576113565871822e+02 -2.321526173554863681e-02
1.547294386905491024e+02 -2.442207876259751276e-02
1.588012660245108520e+02 -2.694252793916103797e-02
1.628730933584726301e+02 -3.097813637792488570e-02
1.669449206924345503e+02 -3.654170264505102877e-02
1.710167480263963000e+02 -4.348003920591513721e-02
1.750885753603580497e+02 -5.152185986118440475e-02
1.791604026943200267e+02 -6.033703645688782979e-02
1.832322300282817480e+02 -6.959297476018216910e-02
1.873040573622434977e+02 -7.899751047730656228e-02
1.913758846962054747e+02 -8.832370532359748450e-02
1.954477120301671960e+02 -9.741776847069139045e-02
1.995195393641289456e+02 -1.061949498050762664e-01
2.035913666980909227e+02 -1.146287649251185314e-01
2.076631940320526724e+02 -1.227369263534230370e-01
2.117350213660145926e+02 -1.305645877442014879e-01
2.158068486999763422e+02 -1.381639055868979227e-01
2.198786760339381203e+02 -1.455696887169683207e-01
2.239505033678998700e+02 -1.527738666886412910e-01
2.280223307018617618e+02 -1.597051286624622812e-01
2.320941580358235967e+02 -1.662221454740992477e-01
2.361659853697855453e+02 -1.721274472139492639e-01
2.402378127037472382e+02 -1.772038039814474997e-01
2.443096400377090163e+02 -1.812671698275565013e-01
2.483814673716707091e+02 -1.842226904169926849e-01
2.524532947056326577e+02 -1.861061723370625309e-01
2.565251220395945211e+02 -1.870950927942702235e-01
2.605969493735564129e+02 -1.874810175913232679e-01
2.646687767075181341e+02 -1.876071391446198777e-01
2.687406040414799122e+02 -1.877866708466078838e-01
2.728124313754416335e+02 -1.882256802369700888e-01
2.768842587094035252e+02 -1.889743991880937224e-01
2.809560860433654170e+02 -1.899233544497680448e-01
2.850279133773273088e+02 -1.908469607954094982e-01
2.890997407112890301e+02 -1.914819446869609476e-01
2.931715680452508082e+02 -1.916163415099159661e-01
2.972433953792125294e+02 -1.911609912216941931e-01
3.013152227131743643e+02 -1.901810023013399964e-01
3.053870500471363698e+02 -1.888778771594951111e-01
3.094588773810982048e+02 -1.875294767048162337e-01
3.135307047150599260e+02 -1.864090994770891130e-01
3.176025320490217041e+02 -1.857117526696399623e-01
3.216743593829834253e+02 -1.855127708392170782e-01
3.257461867169452603e+02 -1.857722377747557663e-01
3.298180140509072658e+02 -1.863822183015629852e-01
3.338898413848691007e+02 -1.872383501671373296e-01
3.379616687188308219e+02 -1.883083395373452429e-01
3.420334960527926000e+02 -1.896706060535491567e-01
3.461053233867544350e+02 -1.915066261265334080e-01
3.501771507207160994e+02 -1.940469446699013001e-01
3.542489780546782185e+02 -1.974876849034931103e-01
3.583208053886400535e+02 -2.019057590982984429e-01
3.623926327226017179e+02 -2.072027695056592178e-01
3.664644600565634960e+02 -2.130989686171280151e-01
3.705362873905253309e+02 -2.191824147403654277e-01
3.746081147244869953e+02 -2.250000938037482467e-01
3.786799420584491145e+02 -2.301635740616734260e-01
3.827517693924109494e+02 -2.344366385780349837e-01
3.868235967263726138e+02 -2.377781242781014936e-01
3.908954240603343919e+02 -2.403279520832350136e-01
3.949672513942961700e+02 -2.423430224856885362e-01
3.990390787282578913e+02 -2.441058801949354817e-01
4.031109060622200104e+02 -2.458372982703497800e-01
4.071827333961818454e+02 -2.476414713920873090e-01
4.112545607301435666e+02 -2.495003454846015933e-01
4.153263880641053447e+02 -2.513160964054063640e-01
4.193982153980670660e+02 -2.529840334286137526e-01
4.234700427320291851e+02 -2.544679820490113320e-01
4.275418700659909632e+02 -2.558498477606382382e-01
4.316136973999526845e+02 -2.573344377025353902e-01
4.356855247339144626e+02 -2.592062431539421397e-01
4.397573520678762407e+02 -2.617512743665237895e-01
4.438291794018380756e+02 -2.651686703602674222e-01
4.479010067357997400e+02 -2.695000267236273284e-01
4.519728340697618592e+02 -2.745985486462355074e-01
4.560446614037235236e+02 -2.801476282722560884e-01
4.601164887376853585e+02 -2.857236476551058835e-01
4.641883160716471934e+02 -2.908854683170262745e-01
4.682601434056088578e+02 -2.952666946764265221e-01
4.723319707395710907e+02 -2.986476580430207362e-01
4.764037980735326414e+02 -3.009910680813895900e-01
4.804756254074944763e+02 -3.024356655643392067e-01
4.845474527414560839e+02 -3.032527111085176474e-01
4.886192800754180325e+02 -3.037780716529140390e-01
4.926911074093798675e+02 -3.043365888346892811e-01
4.967629347433414182e+02 -3.051752428293653674e-01
5.008347620773036510e+02 -3.064182274686113039e-01
5.049065894112653154e+02 -3.080516717744562483e-01
5.089784167452271504e+02 -3.099395422934920208e-01
5.130502440791890422e+02 -3.118661500685242505e-01
5.171220714131507066e+02 -3.135954173761510977e-01
5.211938987471128257e+02 -3.149334041887978386e-01
5.252657260810743765e+02 -3.157793908716680642e-01
5.293375534150362682e+02 -3.161527608655448907e-01
5.334093807489982737e+02 -3.161881834502519029e-01
5.374812080829598244e+02 -3.160993972992378054e-01
5.415530354169217162e+02 -3.161204519971771987e-01
5.456248627508832669e+02 -3.164401147318262608e-01
5.496966900848453861e+02 -3.171479194481466868e-01
5.537685174188070505e+02 -3.182076595523175566e-01
5.578403447527689423e+02 -3.194663360810082731e-01
5.619121720867308341e+02 -3.206958289632383385e-01
5.659839994206924985e+02 -3.216542622042791177e-01
5.700558267546546176e+02 -3.221476985776217661e-01
5.741276540886162820e+02 -3.220727656610842815e-01
5.781994814225780601e+02 -3.214273102400845294e-01
5.822713087565396108e+02 -3.202871200525420070e-01
5.863431360905016163e+02 -3.187584118169679015e-01
5.904149634244636218e+02 -3.169240926330979535e-01
5.944867907584250588e+02 -3.148038168179787544e-01
5.985586180923872917e+02 -3.123428484363339752e-01
6.026304454263487287e+02 -3.094344524412882547e-01
6.067022727603107342e+02 -3.059685789360380159e-01
6.107741000942727396e+02 -3.018901329270312628e-01
6.148459274282342903e+02 -2.972463670688235138e-01
6.189177547621964095e+02 -2.922060910236527476e-01
6.229895820961579602e+02 -2.870422652976091227e-01
6.270614094301198520e+02 -2.820810682519006574e-01
6.311332367640819712e+02 -2.776308820973965585e-01
6.352050640980434082e+02 -2.739106146899754068e-01
6.392768914320054137e+02 -2.709967538221452754e-01
6.433487187659668507e+02 -2.688029440910024714e-01
6.474205460999290835e+02 -2.670967733773894626e-01
6.514923734338905206e+02 -2.655487788499324431e-01
6.555642007678525260e+02 -2.638011627937361658e-01
6.596360281018145315e+02 -2.615400719778334659e-01
6.637078554357760822e+02 -2.585559049634976736e-01
6.677796827697382014e+02 -2.547801249379278987e-01
6.718515101036997521e+02 -2.502929297850276513e-01
6.759233374376616439e+02 -2.453022437997434135e-01
6.799951647716230809e+02 -2.400996164006193589e-01
6.840669921055852001e+02 -2.350020950996720703e-01
6.881388194395472055e+02 -2.302908357995319955e-01
6.922106467735088700e+02 -2.261572455298185569e-01
6.962824741074708754e+02 -2.226659989450905930e-01
7.003543014414321988e+02 -2.197414860730044217e-01
7.044261287753944316e+02 -2.171803454904615849e-01
7.084979561093564371e+02 -2.146881304270685242e-01
7.125697834433177604e+02 -2.119335621009026394e-01
7.166416107772801070e+02 -2.086101981042354780e-01
7.207134381112414303e+02 -2.044936306869074849e-01
7.247852654452034358e+02 -1.994831321936086366e-01
7.288570927791656686e+02 -1.936199542663095685e-01
7.329289201131269920e+02 -1.870795177989639790e-01
7.370007474470889974e+02 -1.801402184152837704e-01
7.410725747810506618e+02 -1.731360963768643624e-01
7.451444021150126673e+02 -1.664030937884422578e-01
7.492162294489739907e+02 -1.602286481997020895e-01
7.532880567829362235e+02 -1.548123319890111205e-01
7.573598841168982290e+02 -1.502420917490106533e-01
7.614317114508595523e+02 -1.464874714565901070e-01
7.655035387848218988e+02 -1.434088235522665566e-01
7.695753661187832222e+02 -1.407801605195136418e-01
7.736471934527452277e+02 -1.383226562132679471e-01
7.777190207867074605e+02 -1.357452761802014352e-01
7.817908481206687838e+02 -1.327881403938791782e-01
7.858626754546309030e+02 -1.292630090531396436e-01
7.899345027885923400e+02 -1.250842880273664581e-01
7.940063301225544592e+02 -1.202840440709278952e-01
7.980781574565157825e+02 -1.150064289305145204e-01
8.021499847904780154e+02 -1.094807557722590197e-01
8.062218121244400209e+02 -1.039775166379881266e-01
8.102936394584013442e+02 -9.875641313080152361e-02
8.143654667923636907e+02 -9.401829195478425549e-02
8.184372941263250141e+02 -8.987246545534409436e-02
8.225091214602871332e+02 -8.632700566151620125e-02
8.265809487942493661e+02 -8.330322292762386283e-02
8.306527761282106894e+02 -8.066865514266580162e-02
8.347246034621728086e+02 -7.827778483147709854e-02
8.387964307961341319e+02 -7.600811480980222690e-02
8.428682581300961374e+02 -7.378169696981931591e-02
8.469400854640583702e+02 -7.156780426265585415e-02
8.510119127980199210e+02 -6.936912075620174645e-02
8.550837401319819264e+02 -6.719919666921322920e-02
8.591555674659432498e+02 -6.506111831162879333e-02
8.632273947999053689e+02 -6.293575686924246515e-02
8.672992221338669196e+02 -6.078340356507357795e-02
8.713710494678289251e+02 -5.855696904220211024e-02
8.754428768017909306e+02 -5.622042755205323289e-02
8.795147041357524813e+02 -5.376447157217022210e-02
8.835865314697146005e+02 -5.121289132174709074e-02
8.876583588036761512e+02 -4.861719357185508017e-02
8.917301861376379293e+02 -4.604170914161994504e-02
8.958020134715994800e+02 -4.354501655771323559e-02
8.998738408055617128e+02 -4.116461749593724323e-02
9.039456681395237183e+02 -3.891018127094323514e-02
9.080174954734850417e+02 -3.676715550647929182e-02
9.120893228074470471e+02 -3.470861597690957923e-02
9.161611501414084842e+02 -3.271042592198207533e-02
9.202329774753707170e+02 -3.076404427562612343e-02
9.243048048093329498e+02 -2.888271997615895342e-02
9.283766321432943869e+02 -2.709956984242597317e-02
9.324484594772562787e+02 -2.545896653452904904e-02
9.365202868112177157e+02 -2.400466319889821981e-02
9.405921141451797212e+02 -2.276857351390023515e-02
9.446639414791421814e+02 -2.176320544255544442e-02
9.487357688131036184e+02 -2.097903893906449130e-02
9.528075961470652828e+02 -2.038644993616393203e-02
9.568794234810268335e+02 -1.994073411009786995e-02
9.609512508149889527e+02 -1.958857475064235826e-02
9.650230781489506171e+02 -1.927470867508305694e-02
9.690949054829121678e+02 -1.894812442846079137e-02
9.731667328168744007e+02 -1.856747614142876743e-02
9.772385601508360651e+02 -1.810536790331190166e-02
9.813103874847981842e+02 -1.755091293108149500e-02
9.853822148187597350e+02 -1.690983166207995353e-02
9.894540421527213994e+02 -1.620161359680973717e-02
9.935258694866828364e+02 -1.545398627718529670e-02
9.975976968206452966e+02 -1.469587345674485367e-02
1.001669524154607302e+03 -1.395075254478696236e-02
1.005741351488568739e+03 -1.323242909355379013e-02
1.009813178822530631e+03 -1.254456349598170525e-02
1.013885006156492068e+03 -1.188399442747454897e-02
1.017956833490454301e+03 -1.124648589985329482e-02
1.022028660824416534e+03 -1.063256048859935986e-02
1.026100488158378084e+03 -1.005099480277882144e-02
1.030172315492339749e+03 -9.518418925641940545e-03
1.034244142826301413e+03 -9.054960002564425153e-03
1.038315970160263305e+03 -8.677416247778797775e-03
1.042387797494225651e+03 -8.392433466369569189e-03
1.046459624828187316e+03 -8.192202309929924597e-03
1.050531452162148753e+03 -8.054301009602367334e-03
1.054603279496110417e+03 -7.945843840516109147e-03
1.058675106830072536e+03 -7.830634193989799430e-03
1.062746934164034201e+03 -7.677102845607524859e-03
1.066818761497996547e+03 -7.464730517247862747e-03
1.070890588831957984e+03 -7.187358948833298851e-03
1.074962416165919649e+03 -6.852942146335454059e-03
1.079034243499881768e+03 -6.480406326871528296e-03
1.083106070833843432e+03 -6.094974237947240435e-03
1.087177898167804869e+03 -5.723393135285963218e-03
1.091249725501766534e+03 -5.390078547490876823e-03
1.095321552835728880e+03 -5.114532095368641562e-03
1.099393380169690772e+03 -4.909838434467831206e-03
1.103465207503652437e+03 -4.781815454496941842e-03
1.107537034837614101e+03 -4.728514211546640950e-03
1.111608862171575765e+03 -4.740091627796922183e-03
1.115680689505537885e+03 -4.799372643705944116e-03
1.119752516839500004e+03 -4.883478662145081944e-03
1.123824344173461668e+03 -4.966659492752645982e-03
1.127896171507423333e+03 -5.024022703457180911e-03
1.131967998841384997e+03 -5.035415795623265738e-03
1.136039826175347116e+03 -4.988502671715225670e-03
1.140111653509309235e+03 -4.880213486888120532e-03
1.144183480843270900e+03 -4.716210517004293737e-03
1.148255308177232564e+03 -4.508632901032283771e-03
1.152327135511194001e+03 -4.272919190939025898e-03
1.156398962845156120e+03 -4.024748037105510372e-03
1.160470790179118467e+03 -3.777991440806632156e-03
1.164542617513079222e+03 -3.544104186012341558e-03
1.168614444847041568e+03 -3.332767483186561443e-03
1.172686272181003233e+03 -3.153104282146962367e-03
1.176758099514965352e+03 -3.014581607073287157e-03
1.180829926848927244e+03 -2.926884065943541249e-03
1.184901754182888453e+03 -2.898508869113782839e-03
1.188973581516850118e+03 -2.934409433156400307e-03
1.193045408850812464e+03 -3.033476964172181992e-03
1.197117236184774583e+03 -3.186821027507181266e-03
1.201189063518736248e+03 -3.377628199423251924e-03
1.205260890852697457e+03 -3.582912082169938117e-03
1.209332718186659349e+03 -3.776888484232492592e-03
1.213404545520621468e+03 -3.935219319669655547e-03
1.217476372854583587e+03 -4.039127035658771070e-03
1.221548200188545479e+03 -4.078448790553737199e-03
1.225620027522506689e+03 -4.053024399896245147e-03
1.229691854856468581e+03 -3.972260143259703606e-03
1.233763682190430700e+03 -3.853124659270901198e-03
1.237835509524392819e+03 -3.717095520838567708e-03
1.241907336858354711e+03 -3.586647192086516063e-03
1.245979164192315920e+03 -3.481796002600426494e-03
1.250050991526277585e+03 -3.417086385619533869e-03
1.254122818860239704e+03 -3.399301274843932741e-03
1.258194646194202051e+03 -3.426144794567697986e-03
1.262266473528163942e+03 -3.486147380790856950e-03
1.266338300862124925e+03 -3.560006241057760666e-03
1.270410128196086816e+03 -3.623422743590590418e-03
1.274481955530048936e+03 -3.651210201248777844e-03
1.278553782864010827e+03 -3.622078236341614611e-03
1.282625610197973174e+03 -3.523180151488076312e-03
1.286697437531933701e+03 -3.353383742902039943e-03
1.290769264865896048e+03 -3.124392466439597157e-03
1.294841092199858167e+03 -2.859299871622247510e-03
1.298912919533819831e+03 -2.588787405430210617e-03
1.302984746867781041e+03 -2.345777098846587444e-03
1.307056574201742933e+03 -2.159725509557093928e-03
1.311128401535705052e+03 -2.051770567973289130e-03
1.315200228869667171e+03 -2.031625350026709884e-03
1.319272056203629063e+03 -2.096586350564862838e-03
1.323343883537590273e+03 -2.232492391416073581e-03
1.327415710871552164e+03 -2.416119103261827900e-03
1.331487538205514284e+03 -2.618410219935637679e-03
1.335559365539476403e+03 -2.808086506161654693e-03
1.339631192873438295e+03 -2.955389327741487701e-03
1.343703020207399504e+03 -3.035838427895848433e-03
1.347774847541361169e+03 -3.033810402033372804e-03
1.351846674875323288e+03 -2.945501755769058989e-03
1.355918502209285634e+03 -2.780578756498378826e-03
1.359990329543246162e+03 -2.561740796961150569e-03
1.364062156877208508e+03 -2.321688885582322455e-03
1.368133984211170400e+03 -2.097606648781950595e-03
1.372205811545132519e+03 -1.924061838016098702e-03
1.376277638879094411e+03 -1.825928010754647489e-03
1.380349466213055393e+03 -1.813202587949392817e-03
1.384421293547017740e+03 -1.879274846985730038e-03
1.388493120880979632e+03 -2.003308332906373560e-03
1.392564948214941751e+03 -2.156205641907783885e-03
1.396636775548903643e+03 -2.308519273868781582e-03
1.400708602882864398e+03 -2.438051686436212666e-03
1.404780430216826517e+03 -2.534981482921018665e-03
1.408852257550788863e+03 -2.603138211330352590e-03
1.412924084884750982e+03 -2.657255982821557939e-03
1.416995912218712874e+03 -2.717252356864379055e-03
1.421067739552673629e+03 -2.801402451788298324e-03
1.425139566886635521e+03 -2.920466213913504566e-03
1.429211394220597867e+03 -3.074372303893857256e-03
1.433283221554560214e+03 -3.252176101904965221e-03
1.437355048888522106e+03 -3.435021502888480766e-03
1.441426876222482861e+03 -3.601061500035527326e-03
1.445498703556444752e+03 -3.730921928688945514e-03
1.449570530890406872e+03 -3.812348972947308783e-03
1.453642358224369218e+03 -3.843049320931749783e-03
1.457714185558331337e+03 -3.831239101252293614e-03
1.461786012892292092e+03 -3.793915893333305034e-03
1.465857840226253984e+03 -3.753280744542670470e-03
1.469929667560216103e+03 -3.732052609759764408e-03
1.474001494894177995e+03 -3.748643245605105118e-03
1.478073322228140341e+03 -3.813273528444203163e-03
1.482145149562101324e+03 -3.926043950579878421e-03
1.486216976896063215e+03 -4.077642611956784971e-03
1.490288804230025335e+03 -4.252760366212480873e-03
1.494360631563987454e+03 -4.435482209309103176e-03
1.498432458897947981e+03 -4.615167311094191087e-03
1.502504286231910100e+03 -4.790920484261720728e-03
1.506576113565872447e+03 -4.972948638348287029e-03
1.510647940899834566e+03 -5.179955979911331741e-03
1.514719768233796458e+03 -5.433065876041970679e-03
1.518791595567757213e+03 -5.748129962462821506e-03
1.522863422901719105e+03 -6.129160036745168356e-03
1.526935250235681451e+03 -6.565568668815464741e-03
1.531007077569643798e+03 -7.034810848106571798e-03
1.535078904903605689e+03 -7.510165920033795746e-03
1.539150732237566444e+03 -7.971414044586216247e-03
1.543222559571528336e+03 -8.414802401483191183e-03
1.547294386905490455e+03 -8.858560192097063649e-03
1.551366214239452802e+03 -9.341486783837700883e-03
1.555438041573414921e+03 -9.914452141359695464e-03
1.559509868907375449e+03 -1.062722202454520828e-02
1.563581696241337568e+03 -1.151489763315752778e-02
1.567653523575299687e+03 -1.258868358434576430e-02
1.571725350909261806e+03 -1.383441849543087798e-02
1.575797178243222561e+03 -1.521970224628598801e-02
1.579869005577184680e+03 -1.670743673450895625e-02
1.583940832911146799e+03 -1.827126308402840515e-02
1.588012660245108918e+03 -1.990761013992815506e-02
1.592084487579071038e+03 -2.164018381250444253e-02
1.596156314913031565e+03 -2.351533696201913923e-02
1.600228142246993684e+03 -2.558990375017811125e-02
1.604299969580956031e+03 -2.791558424169077179e-02
1.608371796914918150e+03 -3.052488538592880787e-02
1.612443624248880042e+03 -3.342263255639758152e-02
1.616515451582840797e+03 -3.658457998931129856e-02
1.620587278916802688e+03 -3.996168502991372107e-02
1.624659106250765035e+03 -4.348639225860830015e-02
1.628730933584727381e+03 -4.707674280461164595e-02
1.632802760918689273e+03 -5.063555767043196459e-02
1.636874588252650028e+03 -5.404481442537266422e-02
1.640946415586612147e+03 -5.715849124412952786e-02
1.645018242920574266e+03 -5.979924457793102388e-02
1.649090070254536386e+03 -6.176430303464127552e-02
1.653161897588498732e+03 -6.284363784210351966e-02
1.657233724922459032e+03 -6.284944411800298669e-02
1.661305552256421379e+03 -6.165157703557860858e-02
1.665377379590383043e+03 -5.921041218130320555e-02
1.669449206924345617e+03 -5.559788645187922762e-02
1.673521034258307509e+03 -5.099967140553172268e-02
1.677592861592268264e+03 -4.569599475464824340e-02
1.681664688926230610e+03 -4.002419517677886784e-02
1.685736516260192275e+03 -3.433094519878494844e-02
1.689808343594154621e+03 -2.892470530910516008e-02
1.693880170928116740e+03 -2.403860736258575659e-02
1.697951998262077268e+03 -1.981080681890525289e-02
1.702023825596039842e+03 -1.628446612516544489e-02
1.706095652930001506e+03 -1.342449158210677271e-02
1.710167480263963853e+03 -1.114444168713614458e-02
1.714239307597924153e+03 -9.335609030393921676e-03
1.718311134931886500e+03 -7.891288850369744881e-03
1.722382962265848619e+03 -6.722040074306002630e-03
1.726454789599810738e+03 -5.761186864535947777e-03
1.730526616933772630e+03 -4.962717452683023181e-03
1.734598444267733839e+03 -4.295286666069644474e-03
1.738670271601695731e+03 -3.735986582578716773e-03
1.742742098935657850e+03 -3.266273450975026079e-03
1.746813926269619969e+03 -2.870659458431133130e-03
1.750885753603581861e+03 -2.537275445749579035e-03
1.754957580937543071e+03 -2.258715547108537842e-03
1.759029408271504963e+03 -2.031803350845609070e-03
1.763101235605466627e+03 -1.855792019610747259e-03
1.767173062939429201e+03 -1.729523247019035606e-03
1.771244890273389728e+03 -1.648730367757041560e-03
1.775316717607352302e+03 -1.604703727129287629e-03
1.779388544941314194e+03 -1.584972261091949306e-03
1.783460372275275859e+03 -1.575785232875095629e-03
1.787532199609238205e+03 -1.565404859930117189e-03
1.791604026943198960e+03 -1.546878140852510873e-03
1.795675854277160852e+03 -1.519175123509870513e-03
1.799747681611123426e+03 -1.486249434274271742e-03
1.803819508945085090e+03 -1.454404807798942391e-03
1.807891336279047437e+03 -1.429000471548176740e-03
1.811963163613007737e+03 -1.411751554025169643e-03
1.816034990946970083e+03 -1.399613376252654105e-03
1.820106818280932202e+03 -1.385609531661742945e-03
1.824178645614894094e+03 -1.361231196955198100e-03
1.828250472948856668e+03 -1.319478063708342001e-03
1.832322300282816968e+03 -1.257423103732296975e-03
1.836394127616779542e+03 -1.177407877413730970e-03
1.840465954950741434e+03 -1.086503552829319380e-03
1.844537782284703326e+03 -9.944967444735822691e-04
1.848609609618665900e+03 -9.111533559295019588e-04
1.852681436952626200e+03 -8.437157264477932860e-04
1.856753264286588774e+03 -7.954495232937817267e-04
1.860825091620550211e+03 -7.656473452447041866e-04
1.864896918954512557e+03 -7.509716625906385145e-04
1.868968746288475131e+03 -7.475633965313238606e-04
1.873040573622435431e+03 -7.531028974576187054e-04
1.877112400956398005e+03 -7.680569380144039232e-04
1.881184228290359442e+03 -7.956520811528304321e-04
1.885256055624321334e+03 -8.405721816993925533e-04
1.889327882958284363e+03 -9.068314571935920994e-04
1.893399710292244663e+03 -9.955745724495406162e-04
1.897471537626207237e+03 -1.103602897796149675e-03
1.901543364960168674e+03 -1.223204908592356605e-03
1.905615192294130566e+03 -1.343449380208231901e-03
1.909687019628091775e+03 -1.452618792434719544e-03
1.913758846962053667e+03 -1.541075424604981207e-03
1.917830674296016468e+03 -1.603692594954657684e-03
1.921902501629977905e+03 -1.641103995862274682e-03
1.925974328963939797e+03 -1.659387726237558387e-03
1.930046156297901234e+03 -1.668289248316273243e-03
1.934117983631862899e+03 -1.678537837178791696e-03
1.938189810965824336e+03 -1.699075903562166905e-03
1.942261638299787137e+03 -1.735015770035094624e-03
1.946333465633748801e+03 -1.786872764485441644e-03
1.950405292967710466e+03 -1.851193827560013248e-03
1.954477120301672130e+03 -1.922256480064837500e-03
1.958548947635633567e+03 -1.994201687102329593e-03
1.962620774969596368e+03 -2.062880583687302927e-03
1.966692602303558033e+03 -2.126850696024954260e-03
1.970764429637519470e+03 -2.187281927098430698e-03
1.974836256971481362e+03 -2.246904839461433181e-03
1.978908084305442799e+03 -2.308427909678465850e-03
1.982979911639405373e+03 -2.372980197260695853e-03
1.987051738973365673e+03 -2.439079580868713619e-03
1.991123566307328701e+03 -2.502426107341461110e-03
1.995195393641290593e+03 -2.556556556004296182e-03
1.999267220975252030e+03 -2.594157118211241723e-03
2.003339048309214604e+03 -2.608678830654754307e-03
2.007410875643174904e+03 -2.595858372665829552e-03
2.011482702977137478e+03 -2.554801685376536114e-03
2.015554530311099825e+03 -2.488404987133202052e-03
2.019626357645061262e+03 -2.403029699833186730e-03
2.023698184979023836e+03 -2.307486760697394484e-03
2.027770012312984136e+03 -2.211506073721116686e-03
2.031841839646946710e+03 -2.123959363964942736e-03
2.035913666980908602e+03 -2.051159692726637219e-03
2.039985494314870493e+03 -1.995565292680724634e-03
2.044057321648833067e+03 -1.955157399721457225e-03
2.048129148982793595e+03 -1.923640408234788754e-03
2.052200976316756169e+03 -1.891446028406921749e-03
2.056272803650717833e+03 -1.847348966879093241e-03
2.060344630984679497e+03 -1.780367871867320024e-03
2.064416458318642071e+03 -1.681572790587983852e-03
2.068488285652602826e+03 -1.545465958006537587e-03
2.072560112986565400e+03 -1.370730170701810668e-03
2.076631940320526610e+03 -1.160303719507085104e-03
2.080703767654488729e+03 -9.208869718754448055e-04
2.084775594988451303e+03 -6.620685230685960636e-04
2.088847422322411603e+03 -3.952628489609042459e-04
2.092919249656374632e+03 -1.325953504599402567e-04
2.096991076990335841e+03 1.142026601837313877e-04
2.101062904324297506e+03 3.348714919664750852e-04
2.105134731658260534e+03 5.216460652506344983e-04
2.109206558992220835e+03 6.701394902587709057e-04
2.113278386326183863e+03 7.799324886210791440e-04
2.117350213660145073e+03 8.546810278876671493e-04
2.121422040994106737e+03 9.015964589880228874e-04
2.125493868328068402e+03 9.302757145096684924e-04
2.129565695662030066e+03 9.510324054414166436e-04
2.133637522995993095e+03 9.730439605444921860e-04
2.137709350329954304e+03 1.002721665438339018e-03
2.141781177663915969e+03 1.042687413768303949e-03
2.145853004997877633e+03 1.091600592419153092e-03
2.149924832331839298e+03 1.144860340326546606e-03
2.153996659665802326e+03 1.195980198012259934e-03
2.158068486999763536e+03 1.238265256314417719e-03
2.162140314333723836e+03 1.266365958971062697e-03
2.166212141667686865e+03 1.277349322184881527e-03
2.170283969001648529e+03 1.271089319189576666e-03
2.174355796335609739e+03 1.249977889501895090e-03
2.178427623669572768e+03 1.218134018298062558e-03
2.182499451003533068e+03 1.180392102232477418e-03
2.186571278337495642e+03 1.141361495455647888e-03
2.190643105671457761e+03 1.104776333729488077e-03
2.194714933005418970e+03 1.073231430735708397e-03
2.198786760339381544e+03 1.048269351257717901e-03
2.202858587673342299e+03 1.030684932863124665e-03
2.206930415007304873e+03 1.020871326866011055e-03
2.211002242341266538e+03 1.019051474101413711e-03
2.215074069675228202e+03 1.025307782928530425e-03
2.219145897009190776e+03 1.039414568322086663e-03
2.223217724343151531e+03 1.060561524465905830e-03
2.227289551677114105e+03 1.087105005769234368e-03
2.231361379011075769e+03 1.116481672784206281e-03
2.235433206345037433e+03 1.145367044230074030e-03
2.239505033679000007e+03 1.170077321034900539e-03
2.243576861012960762e+03 1.187125836021809535e-03
2.247648688346923336e+03 1.193787106497975342e-03
2.251720515680885001e+03 1.188514004647368968e-03
2.255792343014846665e+03 1.171101016868144381e-03
2.259864170348809239e+03 1.142571844322842322e-03
2.263935997682769994e+03 1.104859979332853230e-03
2.268007825016732568e+03 1.060410514174324557e-03
2.272079652350694232e+03 1.011836223429203640e-03
2.276151479684655897e+03 9.617096649840010687e-04
2.280223307018618470e+03 9.124891217707851304e-04
2.284295134352579225e+03 8.664987811994199823e-04
2.288366961686541799e+03 8.258506207029596684e-04
2.292438789020503009e+03 7.922263313020897531e-04
2.296510616354465128e+03 7.665224750069987453e-04
2.300582443688427702e+03 7.484641993649014408e-04
2.304654271022388002e+03 7.363632077569781491e-04
2.308726098356351031e+03 7.271944702273661770e-04
2.312797925690312240e+03 7.170817229275002532e-04
2.316869753024273905e+03 7.021385859546549601e-04
2.320941580358236934e+03 6.794631400917409926e-04
2.325013407692197234e+03 6.479901391441356476e-04
2.329085235026158443e+03 6.089106569958687831e-04
2.333157062360121472e+03 5.654813814835843618e-04
2.337228889694083136e+03 5.222310253557398141e-04
2.341300717028045256e+03 4.837658587853347703e-04
2.345372544362006465e+03 4.535110282181399849e-04
2.349444371695967675e+03 4.327508839902409542e-04
2.353516199029930704e+03 4.202409024814769754e-04
2.357588026363891913e+03 4.124887504572263353e-04
2.361659853697854487e+03 4.046038690261756889e-04
2.365731681031815697e+03 3.914597281385255828e-04
2.369803508365776906e+03 3.688473382908654817e-04
2.373875335699739935e+03 3.343348334434759509e-04
2.377947163033700235e+03 2.876624363630149472e-04
2.382018990367663719e+03 2.306480167248074027e-04
2.386090817701624928e+03 1.667051654525134085e-04
2.390162645035585683e+03 1.001475056887811210e-04
2.394234472369549167e+03 3.545943321879403633e-05
2.398306299703509467e+03 -2.333112484977002912e-05
2.402378127037472495e+03 -7.310910437485147501e-05
2.406449954371434160e+03 -1.119483205525302995e-04
2.410521781705394915e+03 -1.392308430853099054e-04
2.414593609039357943e+03 -1.556382798759032584e-04
2.418665436373318698e+03 -1.630309996015467076e-04
2.422737263707281727e+03 -1.642181780474058039e-04
2.426809091041242937e+03 -1.626210014618294643e-04
2.430880918375204146e+03 -1.618470884210589512e-04
2.434952745709167175e+03 -1.652195968943418196e-04
2.439024573043127930e+03 -1.753268907905376956e-04
2.443096400377090959e+03 -1.936660303524670662e-04
2.447168227711052168e+03 -2.204402824485873563e-04
2.451240055045013378e+03 -2.545409248735161912e-04
2.455311882378976406e+03 -2.937075849161074502e-04
2.459383709712937161e+03 -3.348318890667708941e-04
2.463455537046900190e+03 -3.743549626396119314e-04
2.467527364380861400e+03 -4.087110000358416882e-04
2.471599191714822609e+03 -4.347794463928119214e-04
2.475671019048785638e+03 -4.503160548518516065e-04
2.479742846382746393e+03 -4.543293460856917413e-04
2.483814673716709422e+03 -4.473529812021548270e-04
2.487886501050670176e+03 -4.315456065246304628e-04
2.491958328384631841e+03 -4.105443016837758254e-04
2.496030155718594870e+03 -3.890219149403545732e-04
2.500101983052555170e+03 -3.719588151277684841e-04
2.504173810386518653e+03 -3.637263138949217538e-04
2.508245637720479408e+03 -3.671661259523435945e-04
2.512317465054440618e+03 -3.829025391416760881e-04
2.516389292388404101e+03 -4.091104276350363412e-04
2.520461119722364401e+03 -4.418703835047469710e-04
2.524532947056327885e+03 -4.760875079335302349e-04
2.528604774390288640e+03 -5.067755534725933847e-04
2.532676601724249849e+03 -5.303712518439148305e-04
2.536748429058212423e+03 -5.456981871948120115e-04
2.540820256392173633e+03 -5.542730998607213466e-04
2.544892083726137116e+03 -5.598282312625156012e-04
2.548963911060097871e+03 -5.671600577926242401e-04
2.553035738394059081e+03 -5.806319539846938309e-04
2.557107565728021655e+03 -6.027814914632032917e-04
2.561179393061982864e+03 -6.334656548526846048e-04
2.565251220395946348e+03 -6.698187317746902986e-04
2.569323047729907103e+03 -7.070457974746061037e-04
2.573394875063867403e+03 -7.398105834265642552e-04
2.577466702397830886e+03 -7.637870725503769853e-04
2.581538529731792096e+03 -7.768925433100510843e-04
2.585610357065752851e+03 -7.798235861358789999e-04
2.589682184399716334e+03 -7.757418713438081264e-04
2.593754011733676634e+03 -7.692292074174843014e-04
2.597825839067639663e+03 -7.648626477160482733e-04
2.601897666401601327e+03 -7.658754513454587914e-04
2.605969493735562082e+03 -7.733325800245440754e-04
2.610041321069525111e+03 -7.860739188617963096e-04
2.614113148403485866e+03 -8.014230379313213876e-04
2.618184975737448895e+03 -8.164078817212685937e-04
2.622256803071410104e+03 -8.290741795609409426e-04
2.626328630405371314e+03 -8.394460838673255048e-04
2.630400457739334342e+03 -8.498091860887603760e-04
2.634472285073295097e+03 -8.642176626773668885e-04
2.638544112407258126e+03 -8.873834712619172371e-04
2.642615939741219336e+03 -9.233047610071384989e-04
2.646687767075180545e+03 -9.740659542781115879e-04
2.650759594409143574e+03 -1.039169569509194521e-03
2.654831421743104329e+03 -1.115568654760749900e-03
2.658903249077067358e+03 -1.198330549819789145e-03
2.662975076411028567e+03 -1.281666241318021870e-03
2.667046903744989777e+03 -1.359976401919302030e-03
2.671118731078952806e+03 -1.428621221928851525e-03
2.675190558412913560e+03 -1.484285259531618320e-03
2.679262385746876589e+03 -1.525004557093980698e-03
2.683334213080837344e+03 -1.550061599857575868e-03
2.687406040414799008e+03 -1.559970519639963587e-03
2.691477867748762037e+03 -1.556662154360371380e-03
2.695549695082722337e+03 -1.543790302170967030e-03
2.699621522416685821e+03 -1.526911623655765205e-03
2.703693349750646576e+03 -1.513235815019094242e-03
2.707765177084607785e+03 -1.510747727460885585e-03
2.711837004418571269e+03 -1.526744068418655091e-03
2.715908831752531569e+03 -1.566110977610098891e-03
2.719980659086492324e+03 -1.629870116978410525e-03
2.724052486420455807e+03 -1.714537124192451814e-03
2.728124313754417017e+03 -1.812634841442494925e-03
2.732196141088379591e+03 -1.914342528727909845e-03
2.736267968422340800e+03 -2.009870958692802634e-03
2.740339795756301555e+03 -2.091882326782721312e-03
2.744411623090265039e+03 -2.157232483620940850e-03
2.748483450424226248e+03 -2.207522768233179718e-03
2.752555277758188822e+03 -2.248333881041728217e-03
2.756627105092150032e+03 -2.287432455166933491e-03
2.760698932426110787e+03 -2.332541707833589092e-03
2.764770759760074270e+03 -2.389352054097319475e-03
2.768842587094035480e+03 -2.460304893597117706e-03
2.772914414427998054e+03 -2.544387228940929533e-03
2.776986241761959263e+03 -2.637848223418929119e-03
2.781058069095920018e+03 -2.735506889460769756e-03
2.785129896429883502e+03 -2.832227184574733631e-03
2.789201723763843802e+03 -2.924188859014480515e-03
2.793273551097807285e+03 -3.009722304919560353e-03
2.797345378431768495e+03 -3.089629498751077750e-03
2.801417205765728795e+03 -3.167027347487707221e-03
2.805489033099692733e+03 -3.246810348892541741e-03
2.809560860433653033e+03 -3.334855943415103267e-03
2.813632687767616517e+03 -3.437116743828715678e-03
2.817704515101577726e+03 -3.558770194637719299e-03
2.821776342435538027e+03 -3.703610849306903426e-03
2.825848169769501965e+03 -3.873838653105710680e-03
2.829919997103462265e+03 -4.070293370376152492e-03
2.833991824437425748e+03 -4.293021872011458864e-03
2.838063651771386503e+03 -4.541897442552949617e-03
2.842135479105347258e+03 -4.816921196360341231e-03
2.846207306439311196e+03 -5.117895452535851583e-03
2.850279133773271042e+03 -5.443384410534723300e-03
2.854350961107234980e+03 -5.789210438983620650e-03
2.858422788441195735e+03 -6.147053040436547752e-03
2.862494615775156490e+03 -6.503880590407093085e-03
2.866566443109120428e+03 -6.842849504029949528e-03
2.870638270443080273e+03 -7.145935857355402779e-03
2.874710097777044211e+03 -7.398008676393103174e-03
2.878781925111004966e+03 -7.591480526921953395e-03
2.882853752444965721e+03 -7.730273885179048295e-03
2.886925579778929205e+03 -7.831775796718346699e-03
2.890997407112889505e+03 -7.925781708397673653e-03
2.895069234446853443e+03 -8.050101291498662492e-03
2.899141061780813743e+03 -8.243361563549957832e-03
2.903212889114774953e+03 -8.536379308158844118e-03
2.907284716448738436e+03 -8.944058862699628271e-03
2.911356543782698736e+03 -9.459919595380634344e-03
2.915428371116662674e+03 -1.005497630897101390e-02
2.919500198450622975e+03 -1.068181325631216080e-02
2.923572025784584184e+03 -1.128346887875051122e-02
2.927643853118547668e+03 -1.180546006801278316e-02
2.931715680452507968e+03 -1.220826307710099097e-02
2.935787507786471451e+03 -1.247715633515734598e-02
2.939859335120432206e+03 -1.262672262853796121e-02
2.943931162454393416e+03 -1.269850136230509310e-02
2.948002989788355990e+03 -1.275202601727147556e-02
2.952074817122317199e+03 -1.285131853064117036e-02
2.956146644456280683e+03 -1.305029269449917671e-02
2.960218471790241438e+03 -1.338097731929663650e-02
2.964290299124202647e+03 -1.384779316934968939e-02
2.968362126458165221e+03 -1.442944338715570519e-02
2.972433953792126431e+03 -1.508777828664369623e-02
2.976505781126089914e+03 -1.578094171580355851e-02
2.980577608460050669e+03 -1.647684578553985230e-02
2.984649435794010969e+03 -1.716295924176705623e-02
2.988721263127974908e+03 -1.784955401324693838e-02
2.992793090461935662e+03 -1.856556501981364987e-02
2.996864917795895963e+03 -1.934844780054958621e-02
3.000936745129859901e+03 -2.023118642011536086e-02
3.005008572463820201e+03 -2.123040183788562490e-02
3.009080399797783684e+03 -2.233914883435810655e-02
3.013152227131744894e+03 -2.352662689048256456e-02
3.017224054465705194e+03 -2.474509239182656750e-02
3.021295881799669132e+03 -2.594228741627652157e-02
3.025367709133629432e+03 -2.707619527511475471e-02
3.029439536467592916e+03 -2.812824287534773648e-02
3.033511363801553671e+03 -2.911133841616584533e-02
3.037583191135514426e+03 -3.007029864609783720e-02
3.041655018469478364e+03 -3.107404280797790991e-02
3.045726845803438209e+03 -3.220102711908486709e-02
3.049798673137402147e+03 -3.352128461056982228e-02
3.053870500471362902e+03 -3.507961946335506898e-02
3.057942327805323657e+03 -3.688457436438652426e-02
3.062014155139287595e+03 -3.890656763851544492e-02
3.066085982473247441e+03 -4.108625816319928098e-02
3.070157809807211379e+03 -4.335129779118743892e-02
3.074229637141172134e+03 -4.563701101796521081e-02
3.078301464475132889e+03 -4.790507825498009631e-02
3.082373291809096372e+03 -5.015459895656471101e-02
3.086445119143056672e+03 -5.242204073198504510e-02
3.090516946477020610e+03 -5.476996576076868101e-02
3.094588773810980911e+03 -5.726798756281176184e-02
3.098660601144942120e+03 -5.997192160573885239e-02
3.102732428478905604e+03 -6.290762866682533816e-02
3.106804255812865904e+03 -6.606436571616605691e-02
3.110876083146829842e+03 -6.939912481848758974e-02
3.114947910480790142e+03 -7.284966047244262333e-02
3.119019737814750897e+03 -7.635107850657428530e-02
3.123091565148714835e+03 -7.985004153275242211e-02
3.127163392482675135e+03 -8.331213206234477919e-02
3.131235219816635890e+03 -8.672110882505476570e-02
3.135307047150599374e+03 -9.007242562366044036e-02
3.139378874484560129e+03 -9.336599610220644441e-02
3.143450701818523612e+03 -9.660369227771622991e-02
3.147522529152484367e+03 -9.979515840667589621e-02
3.151594356486445122e+03 -1.029718149460080168e-01
3.155666183820408605e+03 -1.062047306058030022e-01
3.159738011154369360e+03 -1.096189090448262127e-01
3.163809838488332844e+03 -1.133957412622024624e-01
3.167881665822293598e+03 -1.177574789300782632e-01
3.171953493156254353e+03 -1.229322538794816316e-01
3.176025320490217837e+03 -1.291042491536052161e-01
3.180097147824178137e+03 -1.363594371567314334e-01
3.184168975158142075e+03 -1.446410612761225845e-01
3.188240802492102830e+03 -1.537293270368355613e-01
3.192312629826063130e+03 -1.632559242784289155e-01
3.196384457160027068e+03 -1.727563939082387701e-01
3.200456284493987368e+03 -1.817534657173382473e-01
3.204528111827950852e+03 -1.898547422809544472e-01
3.208599939161912062e+03 -1.968413506722549167e-01
3.212671766495872362e+03 -2.027229925354624152e-01
3.216743593829836300e+03 -2.077405971962014153e-01
3.220815421163796600e+03 -2.123100446310681177e-01
3.224887248497760083e+03 -2.169165438380920574e-01
3.228959075831720838e+03 -2.219848469954396053e-01
3.233030903165681593e+03 -2.277605389399119107e-01
3.237102730499645531e+03 -2.342381102922152514e-01
3.241174557833605377e+03 -2.411608730739945305e-01
3.245246385167569315e+03 -2.480979655307299914e-01
3.249318212501530070e+03 -2.545800268149825962e-01
3.253390039835490825e+03 -2.602549077938250965e-01
3.257461867169454763e+03 -2.650150546456090384e-01
3.261533694503414608e+03 -2.690532453019877646e-01
3.265605521837378546e+03 -2.728229262943238642e-01
3.269677349171339301e+03 -2.769083250674963526e-01
3.273749176505300056e+03 -2.818390404497587709e-01
3.277821003839263540e+03 -2.879042836778250569e-01
3.281892831173224295e+03 -2.950260199024314911e-01
3.285964658507188233e+03 -3.027355733242222957e-01
3.290036485841148533e+03 -3.102684865105119205e-01
3.294108313175108833e+03 -3.167563719381464304e-01
3.298180140509072771e+03 -3.214633933236960561e-01
3.302251967843033526e+03 -3.239989116785204071e-01
3.306323795176997464e+03 -3.244422707511055437e-01
3.310395622510956855e+03 -3.233398290033732136e-01
3.314467449844918065e+03 -3.215711060012079736e-01
3.318539277178882003e+03 -3.201192202689670530e-01
3.322611104512842758e+03 -3.198090496283078066e-01
3.326682931846806696e+03 -3.210862513177722977e-01
3.330754759180766087e+03 -3.238986605812859132e-01
3.334826586514727296e+03 -3.277123436444051574e-01
3.338898413848691234e+03 -3.316566195064578615e-01
3.342970241182651989e+03 -3.347569474420270530e-01
3.347042068516615018e+03 -3.361918438806803522e-01
3.351113895850575318e+03 -3.355059529999465662e-01
3.355185723184536528e+03 -3.327263020690376383e-01
3.359257550518500011e+03 -3.283573185699616426e-01
3.363329377852461221e+03 -3.232633891792416891e-01
3.367401205186424249e+03 -3.184758553563927785e-01
3.371473032520384550e+03 -3.149768495855305717e-01
3.375544859854345759e+03 -3.135121248740208033e-01
3.379616687188309243e+03 -3.144708645184231544e-01
3.383688514522270452e+03 -3.178482391953756370e-01
3.387760341856233481e+03 -3.232838557626378506e-01
3.391832169190193781e+03 -3.301530001045553386e-01
3.395903996524154536e+03 -3.376814542388319462e-01
3.399975823858118474e+03 -3.450584059082790200e-01
3.404047651192079684e+03 -3.515318632852808545e-01
3.408119478526039074e+03 -3.564816905454627483e-01
3.412191305860003013e+03 -3.594722149416604284e-01
3.416263133193963768e+03 -3.602872197591245884e-01
3.420334960527927706e+03 -3.589462279877414508e-01
3.424406787861888915e+03 -3.556960517808753774e-01
3.428478615195848306e+03 -3.509700356423037237e-01
3.432550442529812244e+03 -3.453120588730286267e-01
3.436622269863772999e+03 -3.392727884083648338e-01
3.440694097197736937e+03 -3.332981088631253308e-01
3.444765924531697237e+03 -3.276383600811987318e-01
3.448837751865657538e+03 -3.223067784583484863e-01
3.452909579199621476e+03 -3.171042466751363698e-01
3.456981406533582231e+03 -3.117075226503616681e-01
3.461053233867545259e+03 -3.057960882007808023e-01
3.465125061201506469e+03 -2.991770382532126238e-01
3.469196888535467679e+03 -2.918649634736514287e-01
3.473268715869430707e+03 -2.840869828509260953e-01
3.477340543203391462e+03 -2.762083995427647154e-01
3.481412370537354491e+03 -2.686032335989519959e-01
3.485484197871315700e+03 -2.615154337394832162e-01
3.489556025205276910e+03 -2.549622448969589561e-01
3.493627852539239939e+03 -2.487179600006464431e-01
3.497699679873200694e+03 -2.423881685080795934e-01
3.501771507207163722e+03 -2.355515559922572444e-01
3.505843334541124023e+03 -2.279205028087626927e-01
3.509915161875086142e+03 -2.194630181063015328e-01
3.513986989209049170e+03 -2.104405848476999519e-01
3.518058816543009925e+03 -2.013452376178966330e-01
3.522130643876972954e+03 -1.927543406992849040e-01
3.526202471210933254e+03 -1.851503665530607468e-01
3.530274298544895373e+03 -1.787651540174586828e-01
3.534346125878858402e+03 -1.734995204607152619e-01
3.538417953212819157e+03 -1.689432131648671009e-01
3.542489780546779457e+03 -1.644866450455667595e-01
3.546561607880742486e+03 -1.594866671798401414e-01
3.550633435214704605e+03 -1.534336397438002542e-01
3.554705262548667179e+03 -1.460704902763428348e-01
3.558777089882628388e+03 -1.374336869059398225e-01
3.562848917216588688e+03 -1.278131223384590398e-01
3.566920744550551717e+03 -1.176528032010666774e-01
3.570992571884513836e+03 -1.074287950285330029e-01
3.575064399218476410e+03 -9.754154401648854056e-02
3.579136226552437620e+03 -8.824834872044323708e-02
3.583208053886397920e+03 -7.964429573790830774e-02
3.587279881220360949e+03 -7.168359443145863596e-02
3.591351708554321704e+03 -6.422350993351313986e-02
3.595423535888285642e+03 -5.707204576817848096e-02
3.599495363222246851e+03 -5.002646487969024391e-02
3.603567190556206242e+03 -4.289853035601636638e-02
3.607639017890170180e+03 -3.552956244399603503e-02
3.611710845224130935e+03 -2.780124830752712245e-02
3.615782672558094873e+03 -1.964638614195064401e-02
3.619854499892056083e+03 -1.105942734824412986e-02
3.623926327226015474e+03 -2.102785140963858018e-03
3.627998154559979412e+03 7.096223036404574261e-03
3.632069981893940167e+03 1.636057699100218477e-02
3.636141809227904105e+03 2.548908615990900378e-02
3.640213636561864405e+03 3.428597390292036085e-02
3.644285463895824705e+03 4.258616711712216035e-02
3.648357291229788189e+03 5.026936103354197327e-02
3.652429118563749853e+03 5.726025401191651987e-02
3.656500945897713336e+03 6.351767235190788896e-02
3.660572773231673636e+03 6.901931394282116716e-02
3.664644600565633937e+03 7.374986622981503925e-02
3.668716427899597420e+03 7.769799147069419987e-02
3.672788255233559084e+03 8.086323767966115128e-02
3.676860082567522568e+03 8.326930889227682209e-02
3.680931909901482868e+03 8.497726748123640705e-02
3.685003737235443168e+03 8.609225496496090979e-02
3.689075564569406652e+03 8.676007337581735646e-02
3.693147391903368316e+03 8.715423201081114180e-02
3.697219219237331799e+03 8.745806520207875800e-02
3.701291046571291190e+03 8.784867991543490739e-02
3.705362873905252400e+03 8.848896482538946839e-02
3.709434701239215883e+03 8.953083592648976297e-02
3.713506528573177548e+03 9.112830924249906706e-02
3.717578355907141031e+03 9.345435130009537017e-02
3.721650183241100422e+03 9.671225506754381473e-02
3.725722010575061631e+03 1.011316560959721889e-01
3.729793837909025115e+03 1.069417705809775077e-01
3.733865665242986779e+03 1.143198136530637621e-01
3.737937492576950262e+03 1.233199113930301821e-01
3.742009319910909653e+03 1.337955574224461708e-01
3.746081147244870863e+03 1.453347350304351471e-01
3.750152974578833437e+03 1.572291240393833833e-01
3.754224801912796011e+03 1.684957514485305730e-01
3.758296629246759494e+03 1.779605888254788548e-01
3.762368456580718885e+03 1.844001265573519122e-01
3.766440283914680094e+03 1.867217154878971497e-01
3.770512111248642668e+03 1.841504619938453824e-01
3.774583938582605242e+03 1.763837914466541146e-01
3.778655765916568726e+03 1.636773330736449594e-01
3.782727593250528116e+03 1.468380399621337928e-01
3.786799420584489326e+03 1.271200877005587981e-01
3.790871247918451900e+03 1.060412847742048248e-01
3.794943075252414474e+03 8.515650733373690551e-02
3.799014902586377957e+03 6.583471466204940392e-02
3.803086729920337348e+03 4.908444549415215408e-02
3.807158557254298103e+03 3.545975625802697678e-02
3.811230384588261131e+03 2.505807206189418837e-02
3.815302211922223705e+03 1.759926623473051510e-02
3.819374039256183551e+03 1.255763785729513762e-02
3.823445866590146579e+03 9.309848201078229496e-03
3.827517693924107334e+03 7.263859189922533544e-03
3.831589521258070363e+03 5.944770493672957810e-03
3.835661348592032937e+03 5.028980272307834870e-03
3.839733175925992782e+03 4.333176722597748345e-03
3.843805003259955811e+03 3.774982017304143005e-03
3.847876830593916566e+03 3.325385494613309657e-03
3.851948657927879594e+03 2.969727722968431780e-03
3.856020485261839440e+03 2.686319829775972272e-03
3.860092312595802468e+03 2.443163236879816909e-03
3.864164139929765042e+03 2.206717041710347816e-03
3.868235967263725797e+03 1.953982541055121220e-03
3.872307794597688371e+03 1.680395775495779464e-03
3.876379621931648671e+03 1.399803031284502144e-03
3.880451449265611700e+03 1.137150152421999034e-03
3.884523276599574274e+03 9.176520711617463383e-04
3.888595103933535029e+03 7.571595589081979135e-04
3.892666931267497603e+03 6.572741833483836853e-04
3.896738758601457903e+03 6.063565573568559328e-04
3.900810585935420931e+03 5.851184130875504170e-04
3.904882413269383505e+03 5.739672194684734396e-04
3.908954240603344260e+03 5.591100656229294318e-04
3.913026067937306834e+03 5.354325360096042884e-04
3.917097895271267134e+03 5.057371243485922138e-04
3.921169722605230163e+03 4.773445373447198154e-04
3.925241549939192737e+03 4.578208386861154608e-04
3.929313377273153492e+03 4.515444002495500953e-04
3.933385204607116066e+03 4.581621306222147813e-04
3.937457031941076366e+03 4.730893285711791044e-04
3.941528859275038940e+03 4.894641904729421077e-04
3.945600686609001968e+03 5.006077621678236720e-04
3.949672513942962723e+03 5.020910288953061521e-04
3.953744341276922114e+03 4.928411704782775923e-04
3.957816168610885597e+03 4.751344329735714871e-04
3.961887995944848171e+03 4.536621544952005626e-04
3.965959823278810745e+03 4.340434880251809813e-04
3.970031650612771955e+03 4.212017096941635249e-04
3.974103477946731346e+03 4.179741343940333300e-04
3.978175305280694829e+03 4.242407341256824896e-04
3.982247132614657403e+03 4.367571129758336776e-04
3.986318959948619977e+03 4.497598580969316062e-04
3.990390787282581186e+03 4.562673106140020763e-04
3.994462614616540577e+03 4.498356300410211910e-04
3.998534441950504061e+03 4.263852867994290317e-04
